964
943
900
978
337
704
189
839
742
673
461
34
14
334
306
543
444
464
327
613
433
889
415
350
981
523
653
694
342
888
434
623
495
453
266
673
233
833
566
325
56
810
803
631
85
849
297
810
218
792
362
353
909
440
35
746
894
852
901
900
825
340
581
557
598
413
438
901
41
87
458
683
397
387
586
938
370
953
566
428
160
945
913
499
474
359
115
780
284
44
861
681
708
492
994
30
301
952
221
705
77
595
672
212
713
638
814
115
199
670
853
860
459
2
423
523
922
868
617
156
758
752
393
716
672
198
668
219
406
788
547
161
87
656
934
935
983
231
160
103
719
332
308
474
794
234
731
670
117
426
414
715
419
456
13
744
735
91
142
990
75
871
758
999
514
43
607
993
673
87
369
782
262
947
772
248
951
899
909
416
212
640
151
643
302
430
965
299
332
333
913
520
756
829
755
27
521
258
625
803
844
508
804
391
363
440
688
911
529
210
686
262
431
641
153
390
744
745
564
410
108
648
40
622
119
263
873
285
263
309
681
62
246
501
717
561
775
664
9
967
588
212
9
963
35
86
935
238
259
168
517
449
241
620
149
132
901
205
928
619
999
964
349
96
737
380
832
607
245
428
661
564
232
134
521
787
540
68
246
718
56
402
665
634
957
326
961
872
357
17
394
44
572
767
390
393
91
258
548
227
962
604
261
949
531
781
977
946
575
704
216
880
450
760
969
255
151
9
856
43
141
537
669
725
510
158
490
511
488
522
609
932
38
612
711
884
947
318
953
314
35
479
727
832
963
940
93
553
488
53
535
393
677
796
236
804
987
111
714
112
647
343
758
863
243
169
979
974
295
225
79
703
650
917
500
92
719
770
511
302
272
985
442
595
573
433
525
209
670
349
60
999
617
459
682
345
589
853
515
19
744
917
927
288
985
150
49
119
349
399
153
610
484
392
535
827
882
90
726
81
523
154
387
660
604
368
129
229
551
349
357
725
476
733
827
701
146
761
833
463
974
284
291
252
737
693
728
35
128
368
695
391
733
232
984
466
801
971
362
433
312
60
161
197
542
696
334
461
366
270
547
544
273
64
854
267
102
642
397
275
956
121
464
794
20
172
109
266
472
774
781
89
702
580
616
412
860
712
42
360
185
566
753
837
341
170
218
367
97
985
644
869
80
596
663
278
170
820
989
99
682
797
138
979
933
574
942
707
717
519
104
682
735
278
113
58
527
833
999
17
787
936
369
495
66
569
745
323
746
851
361
523
736
24
693
661
13
628
679
73
855
621
238
747
811
724
447
143
863
253
564
54
275
855
879
196
883
54
638
151
473
327
743
968
957
8
123
488
650
500
254
422
624
306
665
100
907
436
530
946
585
562
336
306
972
186
48
36
76
102
26
736
956
581
42
869
207
262
594
195
433
530
56
952
574
842
290
140
552
936
122
793
1
34
550
59
446
511
184
554
686
112
668
225
416
430
324
490
325
5
781
69
786
348
912
97
759
119
256
524
147
874
279
574
197
901
118
667
24
655
785
82
624
773
942
691
203
601
776
937
449
54
924
686
907
708
227
198
659
293
496
149
980
410
202
145
361
998
138
349
981
928
162
561
776
762
658
901
235
381
960
492
847
628
863
775
582
334
42
542
246
916
904
842
32
292
539
877
161
864
834
502
952
521
859
695
827
989
291
718
54
353
292
888
203
880
812
1000
569
938
88
768
274
740
782
472
730
525
711
167
856
588
248
705
853
609
325
350
49
582
778
420
602
789
491
588
957
233
680
886
79
369
600
124
199
729
150
689
787
80
278
19
643
679
194
988
782
651
907
145
844
156
892
371
634
447
244
527
991
308
154
932
952
228
385
922
857
138
945
852
320
968
424
219
9
457
565
753
402
918
963
774
596
448
815
187
306
969
731
171
998
564
825
649
883
503
867
184
786
879
414
769
103
561
726
933
782
653
584
203
599
5
520
192
340
283
14
287
886
796
869
379
370
408
659
793
482
433
805
25
717
159
982
406
176
115
465
331
166
950
272
143
943
811
395
298
802
802
436
148
438
686
635
253
278
290
967
316
212
587
383
27
834
52
493
411
750
625
383
683
995
891
905
713
424
65
170
789
71
526
234
239
626
916
794
901
420
388
936
617
270
167
397
987
32
676
145
580
244
567
