698
858
875
61
24
511
647
417
361
844
639
694
48
6
378
425
953
608
990
293
29
811
301
250
720
139
401
49
549
511
303
734
679
583
418
608
853
506
437
881
274
176
404
178
758
365
643
674
642
105
952
691
548
695
804
687
480
282
743
163
822
105
920
537
635
463
197
354
62
185
629
436
603
708
859
771
595
19
346
505
802
288
622
735
298
964
420
179
502
986
57
58
67
854
624
816
478
452
125
565
22
393
385
693
210
755
187
349
166
305
82
523
542
476
145
231
365
82
182
218
708
805
905
568
60
874
390
109
381
308
139
102
858
786
751
379
74
479
572
891
519
971
876
820
357
29
124
667
571
537
657
657
813
516
923
326
5
461
115
296
688
840
170
594
563
413
143
538
73
290
668
721
182
415
275
151
426
380
360
892
377
581
638
840
938
487
500
761
494
749
328
319
867
325
399
98
32
586
798
417
198
779
277
390
120
597
818
952
643
956
13
645
16
937
118
353
15
802
101
897
416
670
119
439
191
275
997
912
47
185
315
258
927
714
318
531
320
296
926
279
22
263
941
206
293
326
98
199
274
235
820
971
268
607
821
196
825
564
118
666
272
229
255
967
103
593
423
12
609
405
994
142
987
750
328
958
290
122
919
166
82
964
177
481
6
316
691
783
216
683
28
204
20
593
508
173
245
466
345
608
976
888
365
364
1
32
89
304
889
89
601
773
775
680
620
199
165
796
391
1
237
358
519
798
753
351
674
135
584
394
429
948
302
757
86
164
628
999
648
508
499
561
477
817
775
291
846
379
377
361
600
506
124
780
376
540
694
816
987
927
347
291
456
346
790
218
471
355
27
662
698
455
936
599
409
602
973
958
790
392
843
460
228
613
797
338
759
956
718
657
761
863
519
917
757
623
453
81
741
727
23
955
668
522
916
431
123
31
886
744
48
299
302
904
751
351
99
819
69
383
598
491
202
68
649
54
104
177
769
360
401
616
393
668
593
256
46
38
750
487
304
184
48
154
635
355
433
445
187
622
269
166
52
709
670
250
555
304
234
396
346
140
432
382
130
545
515
82
787
881
936
305
978
499
958
38
653
24
161
925
680
215
811
7
577
381
25
908
987
888
72
425
214
647
37
734
683
49
626
809
979
750
369
209
964
968
811
788
128
51
506
556
971
364
269
650
577
299
375
337
18
278
46
112
132
804
195
717
991
337
219
132
447
944
841
287
306
329
203
134
260
132
288
638
402
723
300
635
280
334
570
183
298
796
713
964
665
813
676
192
317
45
295
410
383
20
820
565
241
918
720
209
222
718
566
803
492
52
422
697
817
107
529
491
644
508
501
813
468
606
130
2
651
878
984
403
220
971
959
210
520
995
592
421
851
550
303
304
641
167
366
403
208
471
780
949
14
191
992
354
737
253
957
814
544
975
957
993
228
336
814
602
153
735
12
357
942
190
544
18
993
577
305
259
904
757
134
469
295
94
280
486
214
333
188
809
267
629
357
395
676
155
613
460
169
317
157
383
118
629
283
707
251
803
843
11
550
667
44
759
89
211
646
450
299
93
230
991
714
621
441
328
512
207
858
686
441
401
653
733
412
207
845
552
530
208
90
93
509
476
210
317
614
552
927
396
105
255
315
694
499
622
740
808
982
36
657
887
14
607
230
271
794
248
906
608
365
988
619
222
521
901
359
606
559
339
557
127
451
108
513
328
18
948
250
372
417
767
820
176
288
956
474
774
46
623
338
519
67
69
606
371
649
800
451
675
851
415
407
643
920
842
934
4
127
995
460
893
685
623
80
145
763
724
734
271
161
436
591
761
460
125
657
642
178
226
134
628
450
315
327
657
791
126
761
558
135
656
564
625
70
184
816
919
786
721
739
41
22
126
