86
814
332
277
480
196
187
475
899
38
477
302
389
441
659
532
70
457
803
142
793
470
556
809
938
175
586
156
32
483
890
850
834
219
699
799
661
590
32
609
438
794
683
569
896
662
293
358
990
452
567
685
32
417
854
98
527
986
125
800
172
824
982
753
323
710
10
813
443
430
5
927
167
631
269
109
269
616
824
12
473
699
982
18
172
697
675
622
422
924
744
645
389
474
860
621
630
155
577
768
321
751
548
505
141
398
542
342
3
963
362
614
412
71
512
46
605
656
356
511
605
431
994
944
546
331
535
583
714
364
315
275
774
989
355
205
552
466
988
930
816
789
11
83
253
789
922
611
159
504
292
661
92
475
795
553
514
811
546
366
946
704
143
989
14
617
348
673
471
34
89
875
579
666
35
927
779
433
796
606
325
267
94
916
574
210
375
51
770
900
540
765
881
896
911
337
596
85
825
8
160
440
401
604
393
102
441
432
22
316
535
283
900
429
641
726
620
333
369
571
748
931
236
888
22
942
41
37
992
305
794
510
161
240
441
337
874
280
162
935
826
852
630
75
251
591
730
928
737
60
810
769
66
411
77
405
67
31
606
132
71
401
948
235
856
230
738
695
10
580
637
114
4
499
442
595
826
864
750
9
287
944
228
435
994
100
154
505
208
817
503
767
698
745
552
90
115
780
535
66
380
232
590
371
166
316
86
371
818
978
615
720
133
978
649
311
482
14
838
458
458
817
579
775
684
117
168
910
445
637
283
21
650
609
948
455
943
908
632
328
210
954
520
479
844
365
929
122
982
699
627
136
728
468
978
206
779
364
784
757
767
486
369
991
975
878
34
425
183
935
867
54
796
507
60
951
778
392
965
800
87
175
297
450
737
265
171
246
161
233
730
762
704
838
574
405
172
345
832
442
829
488
938
854
573
315
783
954
676
580
919
882
175
945
68
277
286
796
701
143
657
223
189
649
625
282
993
550
844
783
857
546
778
675
786
298
719
848
976
228
149
869
954
25
893
888
237
292
260
675
433
672
103
597
264
798
527
464
78
292
69
633
240
382
592
977
148
101
461
433
796
89
353
158
588
260
971
726
927
747
949
432
962
831
200
957
386
319
753
178
360
803
86
244
859
57
140
755
968
59
506
664
524
884
865
467
641
235
522
265
253
327
558
103
187
615
401
143
839
835
775
802
489
505
160
956
838
682
819
930
432
670
124
95
813
241
71
610
227
850
663
318
38
585
497
761
489
63
995
46
384
596
936
550
959
42
618
224
604
509
167
88
220
196
943
280
708
354
590
874
76
755
502
173
844
952
579
760
989
903
276
770
325
378
109
469
987
211
226
265
473
268
466
853
495
52
996
825
700
644
326
90
772
736
24
553
259
719
10
679
97
71
540
455
261
227
636
175
568
995
86
855
793
865
99
210
465
614
803
972
819
450
485
162
639
848
108
499
960
631
535
728
592
732
21
764
551
190
41
277
539
327
498
766
226
74
25
91
474
6
411
200
622
341
939
502
75
703
114
838
964
100
412
924
591
900
281
722
744
7
582
717
44
914
742
318
887
429
822
877
503
515
352
245
457
742
813
301
40
105
893
325
755
657
231
222
646
439
269
731
170
657
693
41
654
878
396
305
494
979
212
377
295
633
144
594
145
688
149
745
419
545
133
22
672
561
449
21
998
955
292
479
344
539
604
397
508
238
387
160
527
875
918
847
344
615
283
224
890
748
917
936
304
156
742
609
773
257
280
341
168
275
297
585
51
754
573
768
669
773
891
103
92
273
366
920
414
166
163
113
655
506
829
763
664
955
39
855
495
684
597
333
317
821
89
477
747
428
466
532
213
217
568
376
356
124
980
372
417
639
