62
675
484
998
893
390
65
354
141
186
802
206
806
509
162
384
914
410
62
247
305
520
679
556
717
238
415
346
172
767
438
699
312
516
696
311
667
223
246
768
925
900
246
18
593
503
399
195
273
739
883
334
179
154
243
232
803
1
833
737
805
655
314
384
93
23
727
845
527
869
530
39
651
664
72
381
148
65
20
504
377
426
57
185
842
463
293
877
268
162
177
737
9
406
982
735
785
953
560
419
115
661
36
846
964
894
123
213
331
174
173
266
982
551
513
93
590
874
799
992
98
147
426
316
2
72
498
7
935
686
357
267
554
408
518
842
579
809
339
146
197
856
558
225
412
944
285
360
245
145
865
665
476
464
394
291
497
633
785
319
745
537
109
565
204
184
23
502
41
776
430
73
793
97
835
888
371
329
305
155
741
641
925
69
556
862
312
518
907
936
654
416
773
124
676
55
860
619
525
204
520
596
513
726
147
103
944
864
357
354
197
372
585
568
577
189
464
257
91
256
165
979
268
981
588
518
187
35
124
158
342
353
797
271
282
153
276
109
346
286
380
586
921
558
448
543
973
628
77
206
929
331
554
714
371
805
640
147
889
861
754
446
123
547
297
266
422
906
533
564
261
859
660
964
783
808
75
518
171
726
120
808
230
8
849
826
223
222
882
608
38
676
289
586
976
440
536
396
913
888
685
923
751
620
291
187
771
264
585
286
650
938
957
401
332
92
424
582
23
569
48
93
304
162
673
69
27
472
508
803
676
52
310
207
694
893
880
27
568
590
46
373
516
936
507
371
821
569
277
640
329
621
400
569
516
524
144
867
11
297
65
106
556
920
584
260
382
319
204
376
329
89
554
340
336
988
866
500
321
7
234
686
257
163
384
910
311
433
457
192
371
177
247
489
843
660
93
697
680
154
317
620
301
35
987
759
966
10
952
356
624
344
473
633
435
148
616
357
345
274
172
933
739
555
970
324
616
202
605
946
937
768
782
313
829
900
397
992
405
89
155
181
223
458
862
27
246
686
449
103
426
210
856
982
811
247
649
950
976
271
376
722
572
413
203
693
956
817
279
582
268
456
850
638
600
730
536
885
107
538
496
833
967
466
794
515
451
256
539
517
76
196
585
739
949
104
768
785
609
977
651
558
321
336
715
874
911
461
22
771
146
467
886
906
547
950
103
641
947
471
517
602
204
668
477
719
491
4
378
642
820
96
848
323
288
2
144
594
689
813
997
607
119
959
89
233
357
772
754
763
59
116
369
197
836
369
843
922
337
267
213
745
101
356
412
3
198
260
779
57
543
771
595
475
450
231
517
634
631
37
879
549
274
335
672
716
185
993
384
721
267
865
346
425
140
89
761
365
948
790
319
32
658
714
915
543
853
172
531
801
708
811
244
594
242
168
753
955
425
215
162
533
57
290
67
88
691
151
115
672
692
551
233
326
2
335
208
427
137
219
