833
877
108
238
531
729
135
921
862
941
894
669
412
605
864
295
89
621
839
879
221
718
757
599
80
600
834
309
211
103
492
106
547
881
46
842
811
817
808
646
265
280
917
763
79
400
92
617
847
236
590
177
375
20
808
544
148
359
774
94
128
884
78
974
19
902
718
102
18
120
394
816
160
188
380
60
488
471
111
964
709
968
944
821
559
416
157
136
649
614
782
938
852
686
526
930
61
61
903
751
719
774
865
395
739
892
624
770
118
207
92
501
16
622
996
858
23
550
932
32
724
820
872
58
896
669
953
966
499
88
293
768
169
237
519
946
943
252
858
270
87
555
818
260
468
935
105
686
474
822
795
223
839
8
827
953
985
771
511
653
881
282
704
237
447
758
765
12
194
782
443
969
708
855
770
339
375
160
846
658
577
546
45
191
453
102
517
613
973
83
141
791
147
544
512
708
860
249
358
81
418
887
569
767
544
293
728
983
430
563
385
316
278
558
94
539
209
107
742
505
346
413
4
234
430
605
350
140
360
95
52
670
79
811
324
672
669
652
546
298
625
436
200
693
458
659
995
166
967
83
111
412
297
315
491
757
948
400
177
546
128
409
428
823
805
871
374
443
416
584
792
577
541
288
338
472
103
245
113
165
480
141
859
783
332
630
152
939
387
200
923
50
647
836
800
507
384
826
18
986
572
591
116
588
255
233
755
234
400
540
275
952
763
314
311
571
241
707
790
908
186
109
553
565
91
900
7
522
695
101
894
290
849
758
478
621
353
209
528
775
488
335
80
950
359
743
368
763
275
651
