340
289
447
440
555
985
909
714
483
963
719
286
930
541
460
602
769
771
715
523
398
421
90
185
122
593
294
915
301
558
396
12
498
1000
228
918
932
900
42
146
245
343
942
269
445
702
392
498
329
65
867
187
482
634
642
662
669
636
219
918
491
992
682
298
764
558
443
118
346
822
885
235
821
209
43
635
342
532
556
321
549
687
658
735
668
366
311
554
862
411
310
870
132
18
524
611
692
69
668
354
692
85
855
833
102
975
422
408
688
707
960
980
866
315
48
149
711
547
610
366
326
36
36
813
141
208
206
852
358
306
923
319
617
808
297
882
47
257
449
618
487
303
892
669
773
290
402
655
628
301
439
750
583
882
306
912
918
960
995
990
253
528
887
662
379
707
267
364
274
771
463
380
931
705
399
530
568
370
98
177
530
132
722
267
940
239
781
52
677
57
179
601
601
650
301
338
685
483
312
417
887
154
788
447
938
917
531
760
290
340
932
822
745
141
468
310
682
555
232
968
14
951
843
725
687
193
888
191
4
251
844
285
439
348
667
780
512
126
835
670
904
513
284
430
794
132
358
362
107
481
803
139
381
112
218
4
997
941
549
351
417
206
885
68
157
555
366
981
330
747
