60
139
891
836
862
90
753
844
299
770
634
451
411
137
503
826
708
754
603
324
51
74
848
228
793
738
154
78
792
913
197
226
215
969
683
249
720
864
527
447
814
152
739
488
266
484
317
199
780
479
614
135
95
941
7
244
388
450
746
307
237
189
890
914
610
354
724
655
212
326
72
248
245
327
163
266
165
278
63
679
826
352
558
71
135
827
40
473
288
68
552
393
12
977
328
640
569
739
537
156
895
562
678
657
653
888
175
887
308
73
162
405
21
963
709
388
213
715
146
57
215
662
373
750
248
782
157
947
463
120
928
132
554
771
439
378
70
956
917
569
981
577
772
307
197
853
716
181
450
580
368
540
815
582
8
31
569
285
382
272
519
401
514
956
877
255
906
239
191
570
994
969
528
34
344
87
210
370
854
275
752
897
220
844
341
649
417
225
297
127
838
429
446
414
291
872
4
529
530
962
96
865
758
604
512
821
114
772
217
857
675
368
795
617
251
45
352
740
174
977
46
112
719
791
554
877
804
628
327
393
171
996
59
255
949
423
928
176
893
320
681
873
502
427
386
461
18
810
273
240
323
756
220
15
531
14
787
341
179
531
443
402
526
28
594
993
532
446
111
662
967
612
895
783
318
251
490
270
42
929
305
135
528
898
56
221
507
847
796
314
385
17
222
73
539
594
495
360
657
220
115
400
476
982
471
712
176
728
347
405
857
345
938
360
897
36
674
795
464
536
465
513
372
910
499
559
587
581
297
25
587
721
288
313
191
37
944
876
282
449
648
971
14
84
549
537
137
64
244
852
115
129
800
426
639
764
117
133
692
7
462
822
693
245
229
61
486
814
884
739
263
737
499
224
711
615
207
300
338
753
961
601
41
464
684
52
311
517
403
938
345
319
544
474
315
142
106
456
747
319
442
45
814
6
349
333
443
558
401
68
842
216
944
893
349
316
599
795
506
18
764
774
569
897
993
652
752
57
268
611
181
935
877
851
365
18
892
7
597
424
387
695
109
889
785
573
84
969
370
432
614
797
20
761
951
399
263
65
154
456
587
489
67
234
887
962
756
242
996
194
308
950
61
733
113
820
207
317
76
212
326
603
414
68
153
600
410
264
43
3
165
792
655
939
42
8
853
176
923
195
741
168
558
849
678
5
533
548
413
397
153
627
278
330
254
365
95
866
395
170
296
280
13
959
37
569
695
381
615
118
489
258
25
124
453
887
726
70
206
269
659
557
186
850
948
101
60
280
981
759
894
105
508
880
10
868
969
48
727
393
74
478
687
726
233
828
482
564
753
768
500
649
701
231
754
468
414
710
469
328
490
629
271
833
104
28
636
519
408
220
14
37
343
668
880
32
691
580
187
898
240
23
148
708
810
988
368
387
128
872
652
58
774
597
49
471
725
44
602
373
381
532
6
979
903
279
206
733
335
812
104
159
801
245
319
378
458
315
6
795
656
959
594
491
987
793
583
694
983
592
710
287
837
598
351
367
80
519
906
50
132
866
771
356
932
212
536
702
858
957
551
531
766
992
729
824
722
90
210
220
964
286
531
385
348
156
30
266
921
986
515
640
572
445
856
953
313
648
463
481
933
319
39
484
244
183
684
595
51
962
525
831
614
940
235
436
437
757
556
286
1000
583
266
653
399
241
30
862
12
124
501
812
220
912
790
840
990
453
473
318
252
832
377
482
115
175
402
270
707
552
113
825
205
828
324
436
576
950
55
474
