957
726
598
723
395
853
157
700
894
567
55
951
390
314
766
685
568
11
714
152
732
924
104
163
504
749
53
562
728
626
995
189
359
501
372
629
470
342
425
187
869
564
363
543
891
388
768
913
898
284
332
771
456
920
869
953
696
362
807
973
912
367
326
544
344
613
755
527
974
927
824
660
293
929
339
672
234
670
665
281
355
878
334
999
522
385
512
927
519
32
66
458
648
253
382
768
55
692
994
337
554
257
360
754
794
911
437
85
626
802
377
699
789
153
428
663
941
701
744
699
111
723
614
738
318
800
348
205
268
641
829
622
50
87
239
751
534
460
537
409
452
577
337
870
832
941
173
807
590
176
162
898
584
11
472
401
403
923
259
290
872
844
260
925
903
836
353
771
281
366
907
324
881
322
308
924
962
266
57
807
766
299
552
16
633
599
727
802
418
694
957
739
529
701
528
223
887
923
966
173
795
166
325
201
613
852
37
527
634
683
104
373
415
925
120
122
870
737
930
826
448
540
879
706
962
803
494
759
486
372
784
52
809
742
647
87
621
47
146
603
199
219
765
873
673
491
950
952
23
428
936
408
823
704
439
833
235
988
787
669
862
612
449
409
593
827
45
544
112
549
657
388
233
110
962
123
951
72
23
280
878
264
877
658
322
721
33
834
280
270
521
266
148
941
782
904
920
895
734
565
169
500
142
775
738
288
811
742
977
329
904
852
719
170
545
628
775
517
989
661
125
152
514
18
457
860
940
336
570
62
672
956
723
610
601
336
147
641
363
652
415
9
555
107
317
782
610
779
487
27
39
760
868
349
183
960
893
734
897
793
462
491
463
438
242
1
859
987
456
170
336
982
706
525
5
637
208
788
443
655
863
624
547
814
165
969
900
908
711
37
588
703
706
212
599
520
42
535
745
629
335
114
789
939
437
939
632
748
803
549
293
899
260
646
790
461
841
805
4
139
628
941
961
669
1000
564
59
206
246
222
528
100
720
638
850
950
138
318
671
278
429
498
463
198
840
372
990
95
985
179
979
565
371
799
184
406
164
402
739
209
161
243
209
350
618
158
200
642
761
118
965
68
181
821
37
535
385
952
686
433
103
587
320
630
520
321
837
17
736
572
777
94
738
753
958
497
414
871
760
65
817
517
660
621
931
358
424
478
410
916
165
526
142
182
499
870
706
836
735
344
315
600
874
943
256
860
348
153
470
272
974
396
94
696
695
340
164
824
912
212
873
554
362
968
641
618
283
46
39
906
581
497
107
513
81
832
482
90
405
956
230
141
832
330
971
936
16
164
803
625
447
19
57
12
948
559
665
415
25
926
943
869
459
107
434
607
695
186
861
802
775
583
939
289
805
491
252
702
129
383
810
191
4
954
358
61
658
298
730
190
749
253
228
694
556
430
237
215
999
582
39
190
743
424
252
32
446
850
65
650
627
607
169
787
925
441
267
990
949
303
891
450
367
757
95
762
460
882
504
498
840
514
892
359
953
591
394
911
153
476
268
15
913
522
136
329
109
300
557
838
188
893
866
170
716
694
235
364
641
510
224
363
429
349
821
430
376
592
739
66
772
536
185
750
411
229
223
778
721
970
184
18
155
538
423
867
265
571
98
147
570
454
959
458
953
2
456
760
14
361
