124
246
29
843
418
340
517
293
875
864
866
125
969
451
272
11
126
666
949
583
70
549
589
382
887
653
154
572
908
397
569
833
776
517
977
787
805
87
977
972
438
565
419
974
919
763
994
946
244
215
87
410
824
940
435
366
70
919
470
663
447
756
153
999
788
749
940
135
31
829
647
84
122
44
743
116
685
454
490
293
911
311
506
66
751
784
229
225
930
439
579
298
839
356
349
501
804
51
831
592
559
89
607
472
555
240
923
291
398
62
174
117
560
374
682
659
482
140
628
427
691
796
253
378
161
210
500
597
425
644
747
169
977
153
955
640
277
891
535
845
870
226
596
546
222
288
363
995
934
250
843
801
244
135
145
432
734
22
315
620
210
463
451
702
304
305
733
264
976
395
995
71
419
284
877
900
735
204
391
356
868
725
595
488
496
145
673
912
756
218
80
442
799
571
767
204
276
33
316
453
490
562
738
892
997
535
145
526
81
611
992
530
431
772
946
713
137
614
435
972
421
104
1000
195
41
261
806
131
72
712
874
293
409
973
587
954
799
727
541
493
600
509
957
852
427
165
532
272
559
190
274
590
277
937
669
75
203
167
673
789
