689
690
820
347
882
472
224
736
992
209
58
544
627
726
133
413
773
521
426
740
426
60
421
229
355
1000
376
228
69
486
616
869
584
289
724
881
123
952
476
223
198
926
19
238
923
232
210
542
984
950
36
950
423
289
477
755
172
24
38
236
961
760
450
876
859
468
656
586
763
672
659
912
456
532
204
428
530
661
985
822
395
784
686
305
243
890
104
625
202
719
655
349
907
848
35
119
812
986
879
47
650
402
883
669
447
587
844
266
316
179
694
242
478
631
607
994
467
762
709
574
167
390
698
78
207
685
973
142
435
680
549
997
428
316
582
605
162
110
663
290
434
781
423
575
622
602
198
811
985
319
771
647
521
694
77
836
468
667
329
666
165
460
934
558
527
99
644
930
978
596
877
69
562
713
831
254
323
58
989
940
802
914
608
269
327
933
739
284
360
740
738
519
299
708
462
397
536
903
929
203
163
291
40
122
855
16
718
820
554
303
650
64
355
528
681
318
28
700
666
191
109
650
810
69
751
120
221
289
815
826
171
390
909
781
216
216
747
685
237
38
225
463
160
369
537
129
223
85
623
276
77
415
729
68
162
393
312
133
5
45
588
904
489
314
72
607
529
679
649
663
788
602
443
840
123
82
712
315
156
157
714
398
332
988
978
685
913
270
888
589
689
701
605
937
91
872
512
706
660
400
890
961
113
680
197
477
330
461
707
584
721
223
316
308
906
111
138
231
955
968
463
165
399
713
255
850
875
294
193
268
354
612
726
986
109
605
551
707
895
765
273
412
574
32
323
850
620
845
181
7
17
189
133
375
683
4
838
142
932
217
629
652
71
539
413
821
175
441
607
625
557
282
479
74
909
773
198
760
546
942
781
366
673
709
924
970
707
539
230
799
869
767
579
591
29
528
676
784
784
718
764
322
855
968
442
617
192
953
775
314
25
507
616
87
511
313
298
973
999
189
985
118
710
982
340
126
821
407
666
402
471
907
931
806
155
717
442
869
31
598
935
287
638
872
846
845
994
615
67
846
785
922
665
613
833
417
307
269
271
349
567
455
183
488
540
65
124
885
620
790
181
902
116
67
453
347
682
944
133
345
5
628
322
218
540
630
626
113
162
439
744
800
921
934
459
726
273
373
938
596
388
484
706
336
216
720
48
286
50
371
939
177
44
538
908
426
897
226
219
696
837
814
808
851
417
143
518
329
472
556
251
93
853
508
397
190
430
168
703
106
160
127
257
885
240
671
406
1
111
196
810
963
128
250
538
585
76
333
532
181
706
70
645
662
262
12
786
365
151
341
627
838
398
972
926
798
689
863
7
612
652
715
51
752
924
533
422
20
429
293
248
476
399
747
47
481
898
97
44
626
771
643
33
589
858
433
901
140
234
166
361
351
505
471
418
435
766
357
875
12
432
629
832
885
119
968
415
444
474
424
817
475
176
795
538
148
77
38
230
165
282
319
761
63
287
175
236
704
28
659
