594
425
156
783
284
776
912
891
501
145
417
850
734
768
765
824
960
133
444
772
401
805
768
355
436
85
425
71
326
592
796
940
623
180
670
271
933
602
145
929
868
875
92
799
4
500
701
434
394
623
542
112
453
501
370
79
400
672
860
792
451
914
981
75
138
942
421
377
920
892
792
333
677
398
195
962
282
667
382
389
940
724
838
848
836
774
156
176
351
223
549
386
513
936
528
496
615
990
584
699
255
122
865
493
780
71
64
626
681
660
686
83
602
955
277
641
878
721
776
563
216
180
969
336
502
292
439
849
131
81
370
956
323
120
458
797
416
921
915
181
858
516
257
373
659
513
16
794
181
457
239
487
978
614
360
767
859
323
176
515
30
840
303
888
615
251
619
577
490
17
455
229
482
889
870
667
967
123
837
920
530
341
21
768
892
175
594
844
731
216
329
504
586
63
721
116
154
738
516
995
459
409
806
3
351
505
744
894
605
877
116
362
356
649
765
649
14
405
190
995
873
177
212
245
630
901
750
71
707
914
429
717
289
687
177
244
782
728
965
255
844
72
188
983
762
318
185
295
733
388
299
911
895
937
748
677
288
209
972
750
980
652
668
816
721
544
257
985
948
481
74
78
636
309
905
224
789
40
829
747
509
29
191
977
265
408
419
938
965
892
440
640
57
758
356
619
52
944
851
571
45
747
975
768
96
28
430
281
273
447
984
85
580
211
659
558
751
719
59
294
974
439
433
116
349
753
623
535
605
994
497
619
858
253
192
273
631
465
613
539
520
129
113
922
915
322
100
73
812
355
484
662
206
38
643
784
281
841
527
44
231
739
299
580
75
142
832
109
630
40
26
721
444
261
52
421
640
240
637
414
664
497
638
416
778
471
245
724
601
472
810
605
378
522
401
74
708
545
956
950
396
583
832
549
820
25
790
22
172
910
922
497
107
296
508
578
88
457
480
416
295
354
367
129
44
938
97
198
184
663
84
525
998
332
637
761
912
981
798
796
102
735
302
478
715
465
876
85
563
765
531
582
992
929
529
747
720
918
399
275
353
747
714
184
284
809
481
21
543
212
398
513
626
719
76
282
744
408
359
239
576
6
353
398
612
31
90
207
306
516
586
982
716
286
465
641
554
59
652
485
122
266
510
930
409
297
713
390
730
605
678
433
835
13
772
738
988
603
426
161
78
409
499
477
550
411
176
125
79
9
442
237
788
202
215
571
926
386
631
845
53
513
449
932
765
652
26
459
492
922
961
971
183
185
621
861
936
513
850
359
126
706
847
44
24
482
516
337
366
590
73
7
353
524
514
500
721
846
114
224
890
944
892
265
629
535
452
531
591
7
70
168
850
386
51
409
884
171
970
886
71
751
889
159
546
545
69
392
936
323
313
99
460
184
275
827
795
743
166
190
296
214
337
156
361
252
48
752
331
664
414
125
668
26
846
841
913
16
289
986
631
427
478
560
573
764
186
574
597
29
56
396
702
206
719
616
55
987
969
715
69
257
798
501
385
67
519
618
583
697
938
221
881
523
119
378
237
888
552
244
43
899
327
430
430
936
925
458
200
837
98
108
122
741
360
504
497
721
350
297
236
398
809
244
224
558
225
35
105
554
135
941
780
528
517
452
602
736
424
840
264
702
899
138
379
4
310
259
482
647
114
982
482
293
332
361
427
386
307
668
750
764
484
363
326
373
903
140
470
387
608
242
310
12
917
388
161
640
483
300
436
6
205
894
445
872
140
32
623
624
541
299
302
940
925
423
987
59
901
831
273
601
758
431
569
461
746
200
840
32
517
676
915
86
905
103
872
591
798
279
423
10
1
292
513
789
559
878
982
929
418
617
655
717
877
986
678
361
450
533
65
787
667
209
344
304
743
473
492
207
267
384
542
195
527
144
446
575
949
230
576
184
401
634
749
490
45
187
249
373
177
545
75
134
838
599
298
794
894
646
976
504
673
592
952
615
642
189
222
70
138
793
846
447
525
105
8
895
373
605
632
681
148
105
244
741
33
110
121
333
434
855
887
619
613
467
92
545
352
262
226
816
529
139
737
723
717
788
405
700
163
897
399
153
72
83
483
984
287
31
260
971
587
715
521
504
986
148
535
916
454
441
795
776
739
104
530
840
476
559
621
522
911
341
876
95
598
571
337
986
433
322
68
481
458
219
58
785
112
280
