400
218
696
550
959
283
285
716
352
563
537
909
45
105
556
46
674
874
831
582
43
571
927
512
787
533
356
764
743
498
440
378
73
98
424
507
573
143
718
810
839
298
586
790
871
595
296
860
704
635
256
269
434
34
795
245
783
58
178
963
475
12
503
867
224
669
481
750
919
80
168
59
582
29
989
424
777
459
286
380
217
787
799
932
754
833
146
174
957
185
989
337
864
748
795
341
656
876
770
580
501
408
937
381
47
552
658
936
806
626
39
680
737
122
174
208
163
453
31
546
96
846
655
254
307
547
793
185
110
865
742
900
276
350
230
224
138
772
703
552
687
872
776
363
769
446
110
770
87
873
559
201
816
340
746
581
745
292
351
516
592
87
858
545
21
172
441
970
610
248
271
568
193
606
548
413
874
170
570
368
793
344
854
665
303
758
842
14
735
439
215
999
631
7
965
91
198
297
668
841
296
599
556
421
263
662
740
518
395
360
691
510
166
747
838
539
605
146
572
135
304
686
173
490
601
655
112
121
826
305
44
666
103
336
544
460
533
401
184
753
172
317
850
445
345
353
37
77
48
546
768
801
221
207
667
578
578
414
203
115
999
946
348
845
201
541
482
538
271
869
152
272
859
526
523
205
333
554
994
806
20
554
382
611
503
69
266
542
334
229
367
379
50
626
463
588
2
463
500
429
384
357
622
122
362
791
157
544
646
443
364
366
715
408
124
433
355
684
211
404
458
723
585
10
111
201
309
623
822
564
373
380
457
137
674
881
170
930
442
231
32
363
496
49
73
100
899
324
565
549
183
189
760
133
193
816
663
660
835
53
254
105
335
404
464
67
632
225
706
596
374
237
919
937
656
179
858
901
521
696
744
535
70
658
208
520
835
449
391
869
678
548
92
298
624
898
93
427
26
2
111
806
526
964
793
931
597
752
704
672
76
846
608
220
934
267
134
288
915
101
847
637
278
623
703
117
144
996
423
163
237
123
393
683
175
959
293
157
270
870
850
599
991
690
110
551
582
239
699
671
964
519
129
602
2
303
988
593
141
187
371
179
14
683
668
331
44
712
533
165
32
267
529
707
342
321
666
203
670
33
711
856
842
385
964
43
651
299
128
82
173
203
766
598
910
817
95
210
358
901
525
593
945
922
662
393
355
949
414
648
218
161
947
296
758
7
904
196
89
690
