162
752
768
259
274
87
67
984
58
413
144
890
254
784
598
751
410
996
561
169
348
269
682
112
207
219
69
127
349
927
538
981
324
780
551
717
75
806
189
503
847
917
480
193
904
610
566
57
946
22
292
808
534
926
132
552
296
114
136
689
347
579
330
621
970
613
68
229
38
704
575
165
612
300
839
170
231
802
870
103
576
258
926
757
729
705
656
602
853
218
75
957
438
50
865
801
398
563
292
955
791
577
955
444
296
787
165
466
284
261
500
453
768
138
34
189
869
919
363
825
707
595
429
538
68
518
73
959
965
463
142
107
130
288
716
65
512
844
233
938
51
456
62
473
960
622
685
665
284
970
848
972
689
425
88
972
783
598
14
834
368
500
497
205
298
183
191
576
450
218
811
196
526
647
24
942
305
165
135
608
965
316
385
931
835
305
889
554
139
599
172
264
231
2
509
100
820
673
353
9
799
156
97
622
575
47
906
481
505
974
825
185
324
177
593
235
128
807
931
586
479
93
888
8
530
134
103
115
297
774
206
957
433
584
186
662
918
392
783
568
241
134
268
669
996
686
781
672
433
725
121
898
183
794
745
64
847
178
891
754
626
433
799
837
953
451
332
129
905
912
981
986
543
262
721
437
269
162
843
328
775
968
762
487
691
318
352
969
863
65
70
836
37
359
783
749
344
979
121
538
196
96
548
385
515
580
95
168
179
45
697
332
44
417
777
120
337
133
489
817
151
72
38
187
47
252
815
228
792
815
454
833
259
281
386
152
390
240
262
741
382
823
656
57
781
915
850
952
215
528
762
220
176
874
770
650
410
377
223
832
186
942
603
152
924
183
920
695
923
652
843
448
69
437
604
619
109
671
710
358
200
778
73
811
601
995
612
57
829
248
600
619
972
668
102
896
902
302
79
919
502
818
518
795
296
739
768
78
83
28
704
340
240
936
80
68
962
432
814
324
897
567
50
744
764
962
761
280
252
29
487
881
791
552
158
418
55
444
131
672
311
956
457
140
188
114
320
500
463
747
731
841
640
649
536
94
714
817
632
539
532
20
672
879
908
523
553
287
777
437
15
179
819
839
894
745
760
787
31
361
749
445
250
190
122
982
928
683
787
816
587
967
453
251
436
534
228
189
366
453
624
258
209
545
996
372
591
699
846
810
223
128
101
802
856
787
256
356
664
646
943
782
88
973
356
102
151
645
642
60
987
131
467
662
415
748
790
825
203
990
979
848
406
769
441
946
822
42
86
152
420
484
969
836
509
459
59
797
234
195
35
977
70
493
255
2
556
509
877
603
714
52
228
46
351
627
49
215
868
782
