312
7
279
946
898
530
19
687
106
346
306
404
92
592
501
917
831
398
294
473
869
654
506
466
826
802
557
153
125
739
313
810
390
624
17
431
631
493
663
304
270
559
337
471
268
81
345
119
160
568
517
993
70
658
244
164
544
319
377
634
946
637
367
99
966
74
827
308
320
847
839
533
651
488
980
895
36
966
10
352
541
237
554
334
722
522
950
867
586
809
894
937
485
571
893
116
423
996
436
266
439
986
388
253
13
348
233
718
290
326
166
939
92
155
137
596
739
978
331
570
514
7
67
905
448
194
930
758
671
119
782
274
462
608
976
249
191
806
407
368
94
295
370
647
284
561
349
294
162
87
816
372
49
756
567
528
202
893
549
668
702
945
262
151
285
484
461
786
82
614
197
911
462
154
222
581
198
365
455
169
338
154
615
541
890
346
755
256
706
148
214
264
993
577
199
401
237
273
740
383
67
950
274
113
913
172
479
367
547
761
369
791
315
478
618
457
773
122
887
181
869
549
9
914
153
690
305
869
716
873
735
983
594
91
748
644
775
313
57
713
507
575
121
74
567
204
803
230
593
617
766
261
192
895
756
469
214
722
86
444
24
744
143
999
512
300
571
950
308
429
847
274
282
351
38
886
238
5
186
215
617
704
284
710
642
126
277
513
616
198
199
396
540
589
154
179
953
830
189
362
190
927
475
685
447
759
441
8
142
332
497
905
424
909
915
678
630
452
438
596
650
536
649
424
704
470
679
800
302
423
754
826
226
906
642
868
228
702
832
434
71
616
824
345
973
234
74
318
66
478
176
882
606
15
245
319
217
129
132
292
765
826
553
917
173
190
831
943
908
229
499
712
976
618
23
872
677
157
166
334
340
894
52
915
645
831
603
203
589
322
253
459
386
245
159
367
869
720
218
216
557
805
277
963
273
60
167
398
962
615
894
673
493
648
923
259
27
880
819
587
286
798
421
635
929
779
530
547
247
939
905
368
978
648
167
380
956
121
387
790
104
572
175
812
82
880
292
408
267
690
818
209
393
865
130
862
46
959
949
805
488
119
34
743
148
885
377
528
271
839
467
85
652
763
756
520
225
198
543
100
947
152
760
882
66
684
590
167
873
72
930
158
176
519
911
867
800
768
995
273
319
874
846
270
669
877
112
748
801
682
990
699
195
946
875
982
778
939
327
36
577
339
426
250
278
61
13
118
27
5
495
191
907
951
739
577
466
102
623
84
598
906
894
259
187
937
428
618
809
306
166
172
804
312
397
946
104
854
85
228
910
561
594
17
763
207
597
356
735
466
100
688
253
381
217
791
239
926
675
906
154
904
829
7
933
72
482
9
271
546
733
692
720
71
892
612
51
739
503
241
463
268
429
787
275
873
78
662
347
203
450
188
284
552
275
766
260
297
693
537
