372
399
192
318
449
630
560
864
323
180
20
726
929
656
41
682
555
338
408
857
381
140
729
952
445
7
676
578
239
359
621
127
42
969
199
825
513
693
331
454
60
549
175
867
662
969
956
246
64
619
741
122
445
493
784
18
766
860
945
482
122
996
238
3
540
726
802
906
602
402
152
808
742
410
183
631
617
784
137
781
760
791
921
985
713
505
876
382
527
562
812
629
211
685
581
506
469
980
70
423
24
474
496
207
992
967
869
245
472
935
647
597
652
153
675
869
469
821
792
428
224
483
397
333
404
509
898
206
962
533
20
797
510
526
685
843
295
80
324
208
371
242
569
871
576
201
403
762
561
787
143
35
618
246
129
975
454
963
955
194
801
340
411
881
759
596
590
384
174
425
545
253
857
138
700
455
29
100
943
287
644
202
436
973
404
592
14
454
481
623
559
951
416
87
197
195
307
689
53
902
37
510
737
904
589
926
535
465
21
659
343
409
827
789
315
847
633
768
596
259
984
990
190
489
320
797
749
784
642
719
737
127
326
863
229
75
345
575
285
966
396
748
223
910
65
288
800
259
343
574
471
34
466
49
789
824
701
357
916
928
756
230
697
589
914
763
68
999
182
672
459
706
274
983
432
265
655
923
954
147
515
386
890
247
273
958
952
550
603
443
694
869
503
602
537
181
849
756
854
73
551
309
418
211
44
179
953
524
360
333
670
714
309
120
161
740
562
561
139
369
519
635
560
874
208
614
452
380
495
211
434
542
470
395
303
750
664
206
657
944
657
660
662
681
207
708
986
143
769
536
136
922
270
106
694
39
819
41
923
145
20
695
24
679
684
648
974
634
273
203
862
396
85
319
888
212
15
134
725
33
269
471
309
766
671
824
837
844
378
798
900
513
6
707
846
654
159
579
657
527
464
456
140
786
132
309
703
273
333
114
532
172
609
561
973
940
888
970
536
483
982
612
862
477
724
750
634
391
347
539
498
830
95
34
656
969
917
768
299
702
659
105
908
614
230
69
162
671
254
668
748
28
248
263
982
257
81
558
408
489
293
358
419
473
237
430
22
744
692
925
808
140
318
145
42
122
210
163
636
39
242
357
577
747
266
552
480
875
97
979
384
197
333
613
879
886
247
680
232
477
760
315
590
975
807
234
306
38
388
270
894
241
384
127
523
986
907
624
970
518
319
332
282
798
374
579
829
871
32
773
436
765
943
847
672
711
505
149
246
604
269
425
508
420
546
480
774
479
803
619
360
972
90
307
717
804
63
958
288
386
522
749
360
110
695
867
168
557
991
122
864
777
65
864
406
872
131
634
318
300
729
547
163
308
204
751
884
894
165
79
110
942
116
863
907
309
187
651
403
787
483
309
906
760
48
433
926
886
296
90
719
419
997
731
584
385
544
643
200
8
574
288
580
954
766
358
866
996
292
385
13
366
691
34
38
61
164
693
880
425
741
640
461
949
84
945
579
974
232
303
308
397
158
324
930
709
864
487
55
438
937
437
458
102
373
495
54
204
669
897
799
397
488
241
594
160
444
870
820
449
549
875
394
732
25
126
157
955
676
221
732
281
673
841
102
596
800
133
634
657
