221
155
482
424
141
683
322
221
698
630
927
628
445
974
788
471
653
593
683
659
707
255
415
239
20
417
814
810
4
927
946
298
551
115
234
128
258
488
922
525
979
627
400
673
117
540
750
421
255
337
648
467
205
171
937
583
439
452
838
685
535
708
699
243
686
253
750
124
729
991
964
566
397
381
332
333
816
623
282
779
299
831
741
716
189
742
765
726
337
961
770
678
56
482
511
266
416
42
693
1
391
297
910
997
913
168
438
559
251
970
229
638
117
415
649
866
473
38
291
698
950
37
248
625
919
842
858
823
340
950
107
276
36
911
193
70
425
983
537
637
566
665
38
665
915
732
314
771
888
312
771
249
438
441
579
768
633
740
3
818
759
825
778
168
234
289
867
254
37
982
224
878
220
30
748
67
839
252
744
374
279
167
989
90
648
735
761
703
174
334
393
901
157
903
333
768
932
36
567
512
636
842
16
275
366
433
10
849
822
156
986
198
521
681
363
817
313
736
135
133
186
153
40
448
301
147
214
374
445
522
592
639
974
113
789
176
26
658
97
431
425
110
714
73
150
436
359
39
192
981
889
311
495
819
20
137
881
614
443
290
551
199
898
880
197
30
928
717
570
728
47
443
697
30
462
857
467
816
887
882
147
736
990
659
690
827
544
651
570
89
178
663
291
414
438
434
565
166
845
307
599
156
158
600
267
608
90
836
961
551
337
142
385
895
836
61
295
635
878
799
208
799
713
167
219
266
817
425
483
461
553
749
356
588
903
91
867
149
864
925
495
711
212
833
973
900
274
406
324
914
643
469
824
946
321
800
419
656
703
610
49
852
42
250
936
110
465
287
443
136
737
341
119
814
466
399
415
177
87
821
76
355
37
721
55
977
473
432
685
3
200
985
181
384
317
866
668
204
82
343
505
820
162
305
906
56
293
516
544
963
603
281
376
565
900
837
904
969
633
333
504
520
91
645
168
921
811
162
962
724
680
647
628
230
789
345
558
194
447
588
540
302
148
810
591
907
98
205
819
116
286
610
162
578
976
628
201
963
818
450
886
62
293
756
556
305
18
882
6
429
578
315
644
265
636
791
574
19
633
590
706
37
763
367
326
914
591
549
94
927
379
490
192
460
436
828
78
196
336
972
518
251
872
662
303
701
434
947
989
358
710
553
53
624
375
303
394
707
898
270
429
995
814
876
757
771
977
88
91
257
225
291
863
316
161
595
416
849
754
972
310
727
869
941
241
407
745
305
445
696
499
749
853
324
647
435
334
959
263
769
561
106
488
270
133
668
276
669
183
483
836
389
64
429
97
487
676
242
767
361
774
586
299
405
276
414
12
564
597
844
983
131
952
513
31
963
864
257
489
433
749
484
822
4
396
383
972
714
767
772
113
658
747
638
312
171
297
419
771
986
14
222
491
649
311
183
447
411
377
658
38
59
269
327
528
929
177
443
495
889
514
309
7
515
683
837
557
969
181
547
247
525
624
441
963
801
282
448
896
693
46
162
910
729
541
357
972
156
983
232
897
332
609
371
144
962
531
66
880
56
300
639
741
826
361
820
712
273
652
471
983
10
532
69
382
974
44
604
289
658
463
898
25
776
346
265
671
115
381
764
639
470
974
644
601
128
193
762
377
960
141
450
913
686
870
931
435
759
504
348
963
20
128
605
87
691
14
181
979
426
415
791
694
903
44
2
748
435
306
32
543
112
519
939
353
409
954
207
72
795
26
347
864
210
879
444
631
661
485
346
650
110
794
994
821
34
1000
163
244
534
243
179
779
35
385
586
703
576
415
804
302
877
771
196
795
248
226
241
533
83
355
337
746
927
859
469
690
352
831
484
265
535
310
330
362
859
347
256
579
473
121
552
954
527
959
832
659
513
678
670
233
323
190
83
314
548
750
927
641
334
256
344
424
115
150
994
143
77
62
580
563
525
462
520
882
562
95
797
861
833
586
797
945
343
789
146
468
801
705
115
