697
495
939
997
950
417
668
117
625
588
142
580
455
788
253
339
935
613
94
254
475
981
182
307
784
36
671
187
397
748
137
270
494
10
408
791
401
485
297
490
542
57
409
892
243
391
67
970
98
108
87
773
343
119
997
114
427
66
246
851
364
220
630
627
33
371
780
716
206
661
873
738
229
323
754
999
972
633
40
905
488
904
435
133
268
834
1000
333
932
575
351
299
193
213
731
907
366
898
286
969
97
913
496
916
643
819
910
530
333
832
954
661
757
318
140
234
867
442
704
180
2
549
218
312
728
347
700
528
260
268
424
733
211
295
866
391
965
828
21
876
547
844
163
502
403
296
615
698
318
692
334
783
161
985
107
30
328
463
716
917
536
782
39
871
738
900
781
203
847
365
567
520
678
506
359
112
918
630
376
661
636
390
39
185
601
633
568
409
139
342
