43
926
173
729
353
546
538
7
365
371
136
233
331
441
949
650
204
548
219
134
86
187
459
612
460
187
162
157
538
700
319
133
285
865
375
790
224
88
982
111
360
792
111
410
697
381
168
565
167
230
856
611
570
252
555
925
803
76
368
745
975
779
847
979
391
171
974
424
199
419
328
812
258
924
390
210
286
546
944
465
134
237
640
716
943
474
148
621
304
592
530
598
502
68
769
151
785
80
239
305
331
734
242
244
30
91
869
804
918
539
689
862
404
227
30
490
573
336
776
261
314
652
830
678
710
934
756
516
898
721
342
525
20
166
663
47
3
54
546
476
272
206
690
2
411
388
860
713
361
473
804
366
715
166
387
210
875
880
950
726
775
380
507
29
295
551
191
706
880
304
870
868
664
994
288
145
974
339
211
312
56
803
277
372
81
239
57
811
241
173
392
496
466
35
621
756
848
462
244
991
588
88
62
935
496
308
604
127
765
567
448
894
920
172
907
705
723
44
461
819
462
167
327
514
363
572
367
71
259
388
27
251
895
91
500
696
40
250
394
269
295
937
418
361
48
317
313
816
535
880
61
115
943
582
914
682
155
948
996
478
247
267
680
870
687
243
924
723
521
837
368
312
83
215
650
863
772
163
194
570
482
98
340
266
747
289
567
168
32
836
530
634
24
101
160
560
132
437
133
356
625
275
103
7
4
380
195
497
486
923
739
312
681
248
843
302
428
410
655
916
355
430
133
949
94
904
771
540
205
440
873
279
692
569
579
982
107
19
107
358
67
683
784
954
577
252
272
90
71
508
645
964
994
848
923
768
214
19
21
950
966
519
42
859
178
378
710
245
382
924
468
323
392
456
34
624
652
703
803
653
943
697
169
178
747
826
801
181
916
61
707
713
439
625
123
613
510
448
961
20
709
859
138
394
622
285
851
547
263
119
176
247
681
948
93
875
441
208
473
792
79
147
932
306
151
102
468
881
55
837
128
48
112
135
780
749
575
311
734
819
169
695
690
744
386
188
280
647
102
749
899
637
529
925
276
354
47
556
629
837
55
556
554
113
493
234
197
221
568
183
697
990
235
174
603
116
106
166
794
679
523
878
928
750
24
833
730
374
545
312
697
838
493
632
171
400
221
970
330
453
596
195
197
545
195
886
282
614
812
438
18
544
452
65
14
395
519
538
870
709
204
6
732
679
32
221
768
689
312
131
676
993
645
259
640
606
426
428
893
672
971
735
840
588
546
183
703
887
391
151
141
359
192
991
335
6
137
668
169
657
665
530
296
792
600
524
443
238
622
75
752
109
272
266
200
771
889
372
696
534
271
843
851
694
515
807
347
734
453
185
515
406
450
684
771
888
61
791
645
648
770
827
821
886
50
968
288
119
442
69
552
492
181
358
945
32
201
237
960
340
18
359
544
86
54
895
191
527
28
314
