830
51
771
767
609
996
360
465
653
740
743
643
160
409
502
171
631
596
742
906
441
889
794
71
408
518
153
45
383
288
298
565
788
726
42
185
787
478
114
321
715
588
476
592
503
202
323
369
822
612
55
174
769
718
237
805
245
146
856
656
541
430
767
925
777
83
989
126
134
858
992
227
933
750
415
157
234
3
595
866
80
207
31
883
279
462
739
749
846
808
135
399
132
877
722
666
63
214
364
921
706
134
30
661
942
913
416
951
426
45
554
536
930
362
592
603
104
559
297
247
993
480
317
247
247
825
159
956
924
632
776
591
583
855
403
661
232
906
697
307
916
639
673
755
694
138
899
448
544
826
994
558
778
431
143
22
145
830
165
666
96
504
195
205
75
207
35
173
434
806
157
853
69
659
707
266
461
287
51
460
1000
639
773
462
980
971
381
89
105
164
685
906
136
134
737
145
887
179
130
138
