415
765
919
86
94
12
455
718
10
169
687
642
536
669
868
495
295
405
341
578
44
533
605
683
668
731
528
403
258
384
730
647
221
12
777
342
549
195
643
794
9
854
719
643
179
307
835
500
269
487
838
172
58
307
968
343
923
269
999
573
281
217
820
842
745
423
800
7
1
10
402
685
381
492
887
819
74
746
709
948
403
489
23
306
455
296
428
784
421
823
405
658
958
348
705
42
948
188
395
127
766
392
405
324
961
351
159
318
857
622
299
270
247
136
499
231
160
19
530
530
660
982
783
450
187
637
993
239
18
26
816
707
533
17
351
488
394
636
83
297
40
493
673
281
242
266
879
18
600
444
831
27
817
849
507
108
457
157
562
74
794
655
567
885
881
266
926
170
701
615
633
562
988
7
582
262
543
850
152
702
360
431
559
900
128
362
418
473
61
952
55
885
241
706
592
437
490
971
731
596
763
278
632
856
930
649
159
850
378
469
130
206
825
475
216
365
91
749
713
829
111
651
677
320
46
826
112
672
931
205
451
958
817
635
114
306
796
805
630
936
262
268
435
972
921
95
339
75
262
370
641
369
170
777
168
54
38
549
980
206
198
925
997
706
665
938
562
474
307
433
973
489
892
283
43
456
614
88
709
798
474
523
694
980
785
716
268
111
277
873
774
949
483
376
840
800
289
1000
758
861
709
160
619
428
936
788
285
248
730
548
