254
557
93
15
932
442
489
321
638
384
631
580
956
869
313
915
888
730
19
229
948
580
984
208
357
528
935
742
698
701
881
236
74
752
762
218
146
407
44
19
780
1
217
640
448
896
918
736
579
701
519
777
596
518
545
803
551
381
924
622
489
905
127
974
643
281
38
638
370
235
13
664
394
206
590
728
33
872
380
387
375
830
681
331
731
164
116
725
160
641
785
980
429
112
47
866
79
19
863
49
291
153
518
726
381
616
576
985
617
561
239
308
137
211
188
607
589
426
373
472
882
626
926
13
625
297
312
978
113
423
648
836
224
859
756
398
829
725
275
931
923
546
690
942
522
68
324
929
150
398
21
969
828
295
449
720
373
63
525
394
888
166
607
166
721
834
421
738
94
168
297
571
855
656
821
956
54
954
924
644
811
259
98
632
18
425
687
551
818
302
774
11
408
584
995
198
495
739
828
170
1000
963
750
200
696
731
911
816
693
650
281
628
206
855
581
533
787
406
540
163
591
830
520
647
931
406
979
380
852
884
410
232
659
795
52
976
218
250
754
393
724
820
889
673
176
757
541
685
827
810
884
859
628
417
627
584
139
893
213
976
114
430
667
89
346
564
348
47
308
577
500
541
300
144
600
893
841
593
66
259
725
814
923
412
454
11
867
272
434
690
863
854
45
343
243
482
505
911
708
416
500
113
450
362
641
272
279
79
12
848
450
145
181
978
577
488
660
879
529
248
736
313
769
828
774
559
442
89
403
366
111
671
647
621
852
33
764
264
860
58
744
799
868
958
744
659
73
432
575
8
537
583
443
559
499
299
423
629
668
93
299
140
580
931
600
647
566
264
586
877
529
517
530
228
782
456
207
700
570
443
515
576
723
305
895
518
131
549
900
767
24
670
737
25
139
183
24
106
339
888
275
92
796
53
350
903
625
250
95
409
388
876
907
68
904
2
748
923
346
456
666
169
333
141
874
886
828
513
509
166
614
429
177
45
184
566
981
996
961
212
571
9
408
110
158
591
629
83
993
18
787
789
942
15
154
406
127
627
664
800
633
466
762
802
841
874
779
80
367
538
107
153
319
27
420
352
443
791
579
298
767
406
806
593
936
378
806
626
205
942
959
207
751
445
675
632
134
759
344
189
66
649
34
883
537
874
999
298
357
10
167
862
520
910
67
942
313
38
493
151
16
372
22
682
324
352
903
929
974
333
476
786
982
362
598
729
937
626
941
864
486
934
289
666
330
675
442
421
835
908
34
577
371
982
430
119
940
778
927
373
127
98
563
858
36
109
959
979
37
939
951
484
191
587
743
415
440
978
72
197
399
661
732
730
643
850
427
23
742
479
825
426
382
798
740
864
880
806
713
490
464
442
742
629
556
262
537
475
183
669
330
882
44
980
649
77
574
740
111
315
222
185
578
229
772
630
165
421
831
829
646
152
232
553
384
5
415
693
460
457
875
791
726
408
633
680
898
526
941
933
76
664
406
875
668
180
613
58
705
924
914
792
733
270
568
892
280
202
979
120
996
715
788
666
625
548
171
251
894
111
470
89
755
286
452
987
526
199
532
443
827
411
561
863
300
187
524
41
715
330
707
479
628
337
659
138
388
771
25
619
952
36
124
34
983
442
130
648
17
634
714
13
430
305
355
622
334
849
505
374
365
242
175
210
393
328
786
666
272
927
822
486
387
829
797
818
413
449
679
801
