182
220
970
955
81
348
515
24
278
20
176
437
815
250
201
428
601
278
725
646
765
947
118
28
616
145
925
528
298
729
825
111
182
878
72
98
485
832
815
580
55
315
784
400
248
643
160
704
749
728
441
777
810
879
37
43
191
67
591
387
483
851
467
629
670
715
80
169
742
806
255
607
267
765
900
307
795
537
838
764
675
472
917
982
352
161
597
119
654
557
16
101
918
225
865
479
436
980
506
966
363
494
209
50
26
172
693
722
232
393
847
468
81
631
74
385
826
95
390
722
424
595
115
372
197
737
187
525
391
866
559
533
510
959
742
720
87
413
721
858
319
516
488
550
487
341
815
126
57
633
481
915
535
249
623
5
672
611
12
839
892
681
796
876
480
322
46
212
627
463
440
131
536
627
229
207
519
69
969
891
216
885
572
829
30
677
991
524
688
823
795
512
84
770
428
955
598
647
63
61
983
524
492
155
616
914
657
802
359
15
619
782
627
151
112
830
118
896
131
661
555
813
154
388
483
649
27
579
104
721
753
933
451
560
619
238
906
572
731
186
885
125
735
756
701
566
869
138
571
182
574
619
973
335
549
856
60
201
897
376
839
922
765
820
891
29
304
693
593
788
19
603
142
337
85
64
907
284
797
937
338
739
780
165
57
416
474
52
544
573
931
808
418
673
660
665
612
530
954
508
708
736
62
414
461
983
705
613
427
468
859
253
461
355
148
446
559
447
579
670
220
695
930
354
953
71
443
775
443
231
754
445
450
549
676
646
770
915
102
412
217
82
368
558
178
938
858
561
976
337
279
346
713
434
114
766
306
116
60
220
557
910
262
121
95
816
475
671
618
347
490
119
225
455
405
25
777
933
381
265
621
336
546
498
838
464
304
752
771
515
184
327
933
242
562
487
937
931
287
519
411
54
604
156
508
466
504
596
554
685
675
107
521
399
660
438
507
602
879
331
655
417
992
92
705
560
370
750
475
78
52
414
804
909
389
350
447
316
709
405
748
105
853
163
129
739
841
789
355
393
531
320
597
988
751
692
245
112
396
405
766
52
279
481
131
283
125
131
195
305
862
81
454
851
46
357
278
948
955
391
272
908
366
943
568
902
950
561
981
947
332
803
249
579
627
628
754
923
252
849
388
251
467
615
622
840
176
536
824
92
148
507
77
193
321
339
321
167
327
594
848
876
787
163
873
189
372
631
37
906
260
112
18
299
478
190
908
809
534
5
