718
225
495
919
220
284
733
866
70
380
158
765
82
604
444
218
657
204
461
212
189
484
269
78
961
550
345
288
474
198
323
589
378
165
127
760
766
667
484
363
642
559
632
763
139
519
152
782
838
419
787
684
907
213
721
578
315
148
96
317
917
96
679
671
801
693
122
372
589
613
78
32
408
667
31
288
725
524
210
20
324
551
83
888
252
599
168
66
152
613
524
629
250
861
711
915
225
295
477
255
642
853
520
287
185
408
32
110
111
242
459
613
296
85
828
617
921
307
228
85
508
980
784
483
898
379
271
201
866
383
211
253
331
497
191
597
181
219
590
652
632
519
752
295
8
561
894
982
626
896
890
349
945
309
486
42
150
707
185
699
775
483
375
439
531
671
326
609
956
742
302
551
179
927
986
644
871
32
347
824
425
620
461
238
555
260
151
953
815
715
996
183
440
869
875
123
917
18
258
427
344
23
379
925
244
644
508
819
520
323
866
162
534
750
204
116
557
443
971
376
428
556
335
149
348
904
420
550
718
56
986
828
981
748
225
870
87
562
13
6
809
141
879
805
149
247
4
845
270
844
652
925
618
910
669
147
224
946
618
684
827
819
584
170
663
166
58
183
732
309
622
631
681
142
466
677
618
411
203
117
524
176
508
760
534
231
378
904
468
310
612
959
755
284
476
363
751
884
218
874
375
944
738
434
749
879
830
678
1
491
704
328
183
956
37
974
480
747
566
839
161
524
736
434
536
136
576
564
478
28
744
758
950
214
446
154
716
478
213
546
40
106
378
741
36
322
713
743
975
7
483
81
983
106
456
215
17
232
507
136
882
503
455
572
582
877
874
680
100
805
488
367
504
927
559
581
29
624
533
95
671
754
822
245
497
106
192
39
502
280
290
255
103
509
562
135
179
225
850
754
747
781
697
216
212
270
848
23
482
495
322
710
512
840
768
702
918
776
729
957
784
24
710
780
184
553
674
705
565
534
841
729
312
545
208
218
599
817
170
1000
169
278
89
890
254
635
567
900
595
708
35
456
809
32
778
472
144
945
305
511
649
772
955
744
48
211
519
118
849
458
745
840
449
189
870
64
285
470
501
444
372
562
727
351
592
866
67
286
295
622
92
869
638
275
763
629
619
308
169
54
931
412
969
755
295
149
567
821
672
920
662
804
811
63
45
496
139
177
76
958
183
771
196
270
286
182
723
868
650
312
341
801
792
905
436
728
972
453
544
192
85
666
26
769
923
275
1000
937
204
847
976
638
224
291
543
994
717
875
606
854
828
646
457
640
875
871
299
869
46
154
920
769
970
326
962
981
271
983
79
166
454
589
225
593
235
431
508
313
80
834
691
272
747
819
121
757
62
975
572
705
427
932
664
414
54
52
137
407
365
94
940
675
849
308
844
475
786
173
661
687
299
350
980
312
231
826
816
36
341
440
606
114
461
238
980
918
105
712
465
937
980
676
264
641
675
823
236
278
659
456
