658
360
708
964
633
337
942
114
402
601
319
515
422
301
517
333
819
237
207
864
162
179
356
994
277
359
884
468
736
239
419
443
770
12
59
128
294
535
596
577
504
464
987
246
96
623
897
254
522
698
949
752
469
897
30
15
618
114
171
255
599
940
25
459
470
463
786
523
785
704
425
614
233
571
85
205
837
859
784
281
661
663
228
810
645
447
709
505
878
620
273
134
929
471
41
601
829
558
841
393
442
939
80
618
214
278
970
72
802
947
833
166
634
934
79
353
772
973
191
757
513
967
382
87
490
491
532
467
275
542
138
546
874
212
791
807
276
929
258
428
342
764
340
371
557
800
361
458
725
427
914
143
455
815
436
225
5
714
264
330
453
724
656
782
504
491
500
163
947
550
280
806
100
269
529
731
954
726
565
759
941
937
16
745
830
2
937
533
18
80
302
17
415
272
675
828
912
114
631
479
197
686
292
894
910
995
162
743
569
898
357
862
874
225
147
350
45
625
462
908
594
71
763
562
52
977
855
949
90
53
154
944
320
549
790
891
433
433
630
784
5
57
626
253
482
508
468
154
392
260
380
104
737
359
421
773
785
274
772
139
185
696
479
76
949
256
389
427
839
942
846
351
318
832
525
639
595
985
939
896
891
125
243
388
488
183
27
732
25
447
718
211
283
88
405
483
479
978
447
24
135
111
169
973
257
117
93
302
819
507
539
744
824
549
816
843
153
959
267
839
49
437
32
903
694
864
5
143
506
485
234
941
752
884
300
766
265
776
456
278
240
919
413
539
91
932
145
577
620
438
252
176
100
294
519
684
517
826
461
703
251
13
658
771
74
489
539
371
955
483
49
407
24
67
775
436
790
798
566
425
867
415
641
987
691
650
700
532
599
61
740
289
550
34
561
404
71
952
615
619
602
299
486
710
457
163
933
794
477
11
611
300
895
977
811
502
259
326
245
43
66
370
54
726
327
217
494
489
83
803
706
922
462
547
713
327
374
845
515
727
995
132
544
972
734
789
675
307
162
52
746
170
615
344
422
356
766
309
390
457
634
720
416
347
291
245
390
456
578
512
213
788
26
375
453
188
319
7
101
584
525
664
793
272
166
63
831
241
801
628
754
17
458
412
449
82
487
182
400
40
323
392
749
480
790
301
252
758
194
224
41
323
688
260
945
534
580
358
930
279
499
412
982
716
536
708
405
472
364
627
204
206
535
849
969
815
193
601
838
924
177
837
646
13
140
481
691
859
428
766
93
682
980
988
770
798
271
866
431
121
438
709
802
540
173
305
489
72
70
674
307
616
928
377
292
567
545
855
330
335
393
753
257
819
80
681
133
317
748
603
748
90
817
244
875
47
768
47
546
444
306
931
405
679
617
773
669
628
615
144
200
56
258
319
585
511
109
966
984
578
552
615
874
405
827
612
46
166
92
371
286
35
141
984
402
168
582
302
533
971
614
97
819
106
229
478
246
62
747
302
688
1000
280
242
371
205
402
940
468
483
475
974
334
94
818
817
235
896
882
220
606
254
916
380
909
979
504
801
732
753
169
663
137
405
938
882
457
585
515
197
140
95
375
148
293
422
620
346
555
147
929
403
216
261
810
765
442
490
120
40
21
497
283
684
138
243
434
929
812
104
38
194
381
677
494
825
741
374
144
675
815
676
426
640
630
150
429
797
963
351
650
259
175
717
962
717
878
214
26
865
711
442
710
478
576
49
519
727
406
582
541
44
248
583
332
214
283
550
753
990
809
516
34
697
782
623
128
262
847
686
484
8
556
372
978
476
350
15
281
517
243
924
385
491
686
412
511
85
448
900
58
158
969
767
905
589
221
239
269
219
10
46
186
795
226
972
697
106
457
867
873
413
539
998
717
401
572
429
51
570
806
364
747
18
764
339
78
144
712
695
423
707
916
967
310
415
11
313
462
728
671
497
631
699
678
721
949
766
706
659
