596
47
959
728
559
781
600
409
701
438
424
227
549
955
845
275
540
267
494
971
797
279
730
309
100
762
22
526
405
420
58
446
636
525
586
321
977
532
266
697
831
45
534
790
747
148
836
406
290
657
521
368
260
636
83
420
695
365
9
351
756
509
474
764
44
29
14
58
871
105
878
368
680
352
865
42
958
543
826
814
343
109
549
855
37
569
501
6
362
877
86
127
205
371
218
299
249
556
528
624
439
938
298
311
677
876
15
628
523
368
709
323
735
76
674
609
386
235
156
739
993
110
636
841
262
195
925
92
117
23
642
536
422
885
651
384
984
895
914
235
612
632
105
319
235
413
121
626
919
145
668
395
240
864
274
746
341
295
593
603
675
473
942
610
521
109
861
748
13
680
676
613
853
62
61
51
803
104
293
625
380
793
102
259
19
841
49
673
354
100
190
158
469
549
227
430
40
398
544
557
496
320
409
224
232
790
995
805
912
119
135
178
442
216
264
444
627
625
857
294
810
568
874
389
558
655
767
134
729
486
790
283
179
99
457
201
500
97
818
126
656
703
650
779
77
402
845
187
20
74
663
671
168
179
634
566
982
316
977
719
388
15
3
584
57
654
154
51
508
291
545
162
926
761
261
401
957
234
31
104
313
401
323
672
707
16
922
391
480
402
689
13
185
583
70
150
863
103
327
608
629
774
288
952
671
219
918
510
600
125
609
580
417
68
373
121
141
371
567
445
270
73
446
749
664
639
994
515
611
999
645
629
731
740
220
258
512
324
845
123
750
512
629
303
929
615
505
698
911
252
651
458
219
859
314
977
490
581
504
970
415
650
244
940
908
813
144
577
114
715
23
130
995
185
502
630
830
694
39
456
250
384
500
308
385
241
996
953
518
630
839
654
961
333
42
163
58
488
486
56
824
425
708
254
527
843
949
780
933
973
426
417
521
509
127
647
46
681
650
691
491
842
865
612
200
218
20
691
676
377
426
949
313
161
680
416
388
837
926
263
117
713
210
270
498
980
151
893
918
459
619
105
169
708
286
308
406
536
248
836
465
506
271
989
895
625
114
67
812
711
258
399
856
593
148
620
352
191
606
105
417
573
115
427
126
778
944
875
811
737
434
635
474
612
100
694
177
298
649
89
978
32
994
519
468
984
559
677
624
487
276
499
807
706
72
982
757
320
735
462
784
960
769
790
3
411
744
361
590
612
799
663
262
90
458
980
75
525
214
67
126
894
181
369
165
168
620
978
740
528
443
808
958
168
755
332
826
899
54
929
20
296
835
900
455
882
636
722
382
155
800
339
256
220
875
980
901
418
972
447
530
588
587
889
817
667
760
228
926
291
576
897
750
201
621
304
498
997
385
320
487
393
199
181
661
939
577
730
590
24
574
697
679
731
143
584
97
9
298
742
993
938
257
97
586
837
611
115
888
472
470
883
629
674
964
532
343
369
96
186
600
676
323
800
960
909
540
41
907
782
800
782
173
646
998
801
120
468
270
860
