716
959
203
323
944
72
744
625
369
802
8
647
879
591
700
655
759
515
559
730
836
670
810
730
286
989
732
284
74
147
600
930
534
162
58
942
547
226
350
368
293
269
653
438
142
581
668
682
536
906
407
270
555
19
876
983
214
108
356
92
451
972
606
948
833
364
444
431
329
33
627
272
911
722
808
306
143
533
577
627
613
377
443
722
635
968
983
141
700
355
937
857
817
417
917
631
870
25
580
56
917
248
184
78
589
913
97
821
199
882
102
540
868
892
36
608
81
175
839
112
434
35
502
296
274
696
756
114
909
604
186
700
705
978
355
272
449
243
506
47
73
899
902
440
495
783
158
626
606
503
192
207
65
96
757
667
183
670
997
813
515
126
667
166
921
549
578
863
671
347
739
826
961
175
860
746
656
547
675
808
611
915
43
704
875
53
893
290
417
634
980
451
760
859
32
208
833
1000
997
556
14
382
69
917
142
257
540
86
187
322
864
595
980
241
709
876
241
227
450
943
422
735
292
903
933
973
424
125
679
463
820
867
692
57
57
692
317
454
702
444
78
722
266
919
404
972
96
662
730
974
16
46
142
41
917
911
494
636
27
779
598
78
76
706
38
793
242
949
662
498
637
650
537
475
260
453
884
468
33
224
791
895
756
822
168
907
409
234
372
469
194
819
775
669
383
285
152
838
799
887
352
955
975
932
624
897
456
818
383
464
412
381
833
866
550
766
797
700
59
570
548
715
194
51
742
332
980
192
997
484
472
765
478
775
753
571
236
442
808
644
906
705
160
426
60
368
540
467
896
651
235
182
79
132
418
805
440
445
830
982
282
187
512
374
653
515
325
797
489
96
93
384
733
582
119
557
368
188
551
338
804
282
154
703
343
576
363
997
32
50
98
359
774
809
119
451
744
424
701
500
338
94
241
868
844
702
943
369
259
123
417
435
592
296
409
242
889
947
555
393
755
134
66
982
282
758
295
369
685
525
140
668
97
394
717
509
298
959
73
727
431
435
173
881
122
282
159
373
38
47
78
502
825
26
955
180
352
407
341
137
110
81
688
731
132
66
46
123
66
179
403
964
813
231
42
869
718
715
672
710
415
105
452
953
683
314
78
724
585
192
896
797
330
149
594
504
942
526
932
628
916
755
109
284
691
274
106
747
721
146
373
227
277
24
548
304
153
19
325
280
879
484
741
221
818
538
94
771
353
911
573
419
328
655
951
879
50
288
229
700
546
618
762
337
800
14
258
679
650
699
886
421
259
851
629
710
438
145
885
407
167
608
471
857
782
910
156
632
118
957
48
211
291
935
336
277
519
903
804
427
125
782
54
795
763
622
226
104
917
307
825
106
567
891
6
691
79
864
699
213
241
183
99
130
549
372
743
699
803
178
462
639
254
668
133
51
203
733
117
822
