502
669
539
624
398
213
504
136
25
541
832
104
318
498
95
713
48
154
809
748
143
312
808
701
664
200
953
806
654
623
451
921
819
570
419
801
469
524
491
252
645
209
812
81
680
459
310
603
334
693
205
38
681
668
391
889
315
855
166
519
314
738
468
417
597
873
468
790
712
575
634
281
386
327
426
451
650
750
421
935
761
719
189
271
298
299
781
248
758
741
353
600
324
610
468
635
757
127
411
591
341
316
68
784
657
858
376
996
307
277
470
603
43
546
702
576
513
722
884
899
510
680
51
281
378
284
263
761
8
282
264
647
339
817
273
847
386
978
566
314
575
708
107
844
424
278
543
859
253
808
162
384
948
575
864
580
89
338
197
924
619
398
74
59
839
752
107
520
592
37
242
395
226
574
417
20
665
358
136
994
801
870
469
408
67
241
894
646
839
666
626
824
98
835
546
945
327
98
84
243
180
66
37
344
552
774
437
900
554
507
583
415
93
38
156
913
671
108
364
548
225
709
901
943
697
182
373
885
553
15
290
828
96
587
55
999
723
202
932
947
712
205
893
990
331
793
303
156
96
517
910
334
271
69
298
974
919
901
914
815
225
695
912
457
898
341
378
644
291
785
852
646
891
809
629
382
916
414
303
4
809
656
261
705
780
746
729
327
811
280
789
986
945
809
203
433
228
148
600
328
71
629
351
394
114
109
917
464
654
121
792
317
354
574
162
360
90
107
288
34
16
247
413
123
442
93
858
582
935
28
341
676
344
155
970
702
293
303
891
240
287
55
150
698
665
154
711
504
134
99
638
149
982
274
534
435
917
30
768
77
103
105
376
975
805
853
772
133
772
262
418
920
380
391
524
648
189
244
63
763
906
611
792
391
913
46
13
176
776
100
594
926
264
864
624
694
609
795
868
710
323
353
229
614
692
792
554
389
607
155
433
974
542
595
254
804
899
906
775
435
647
790
493
464
922
877
838
44
48
906
669
634
612
289
453
390
527
508
373
709
264
788
1
221
561
265
8
570
455
583
962
52
624
642
383
629
665
210
375
223
