309
956
86
273
193
38
600
905
866
391
833
788
898
570
972
699
425
525
337
166
726
801
868
587
678
646
543
663
488
766
294
364
664
201
129
790
245
271
971
462
986
646
650
79
484
356
269
119
561
737
229
461
639
24
348
86
671
445
910
320
97
388
912
961
384
238
659
895
301
624
65
64
646
762
923
13
561
820
867
661
294
87
1000
761
827
616
645
430
488
390
867
551
105
668
384
627
22
968
970
984
590
816
306
32
54
72
963
433
456
704
958
806
31
916
434
730
498
250
455
887
748
797
14
799
481
829
599
672
224
140
813
953
341
95
663
263
293
929
624
294
972
721
823
16
501
773
537
357
33
167
781
777
645
428
814
147
77
795
565
42
206
98
759
844
665
235
562
124
126
836
289
291
9
432
469
521
263
122
714
708
876
724
526
37
342
770
69
147
718
208
838
300
171
173
306
169
109
676
718
243
601
773
928
898
379
542
646
276
367
355
586
605
188
270
533
854
470
54
154
675
943
348
246
474
945
255
326
956
440
949
285
552
548
752
594
355
709
923
875
810
3
379
287
328
134
10
28
837
59
847
620
257
11
211
895
978
188
855
423
861
371
976
740
244
988
344
363
371
129
343
113
627
981
297
347
678
349
9
276
615
970
639
390
592
919
905
315
659
96
60
687
917
872
215
592
135
48
839
865
695
115
976
819
366
598
875
293
388
551
365
133
221
996
707
302
771
734
655
279
658
276
579
562
235
678
922
397
860
969
549
972
963
953
799
890
497
185
769
12
651
210
151
211
718
60
985
45
892
874
225
939
171
738
816
189
792
880
643
637
311
147
146
840
483
42
989
44
878
699
516
616
288
374
48
57
79
654
6
645
360
323
58
666
727
435
335
127
153
418
35
150
316
332
480
868
462
139
465
512
996
38
834
645
567
628
603
995
463
433
443
809
703
150
872
816
407
772
989
730
332
715
662
364
924
301
442
114
29
279
94
86
854
852
914
579
107
750
619
813
612
435
20
977
372
833
137
484
403
26
421
504
672
923
663
818
484
18
955
359
195
683
802
222
451
139
963
572
949
884
271
636
712
913
346
44
46
429
787
36
47
390
501
479
663
535
667
477
756
971
7
440
545
845
842
714
671
625
540
645
697
364
40
10
79
762
211
129
415
510
567
114
296
46
123
146
108
61
322
558
846
837
80
567
865
513
460
865
416
316
876
268
31
976
357
673
703
86
774
83
108
