864
538
510
810
937
620
946
613
479
182
467
304
26
707
446
170
442
329
475
92
728
174
232
359
9
95
620
575
704
243
81
694
309
334
321
913
87
164
665
589
403
1
370
602
906
113
664
767
743
728
737
861
245
38
124
309
349
5
387
464
152
587
797
941
333
847
884
543
700
853
803
913
91
598
60
754
24
37
563
193
260
825
223
94
555
930
651
803
459
736
630
522
535
481
622
647
143
994
160
254
406
858
8
884
393
716
310
196
868
508
264
345
468
262
444
552
209
749
526
737
878
843
83
215
511
970
862
749
331
141
787
133
121
932
876
507
464
166
776
85
272
603
260
477
417
209
834
541
101
900
666
501
810
918
711
588
782
487
192
658
506
991
469
622
849
319
360
286
119
865
533
138
455
58
436
880
482
776
716
426
639
898
860
867
177
247
240
207
558
251
7
543
242
791
881
582
703
810
97
944
912
71
439
507
868
58
399
969
603
278
786
617
969
979
157
968
487
673
93
41
233
534
841
1000
611
658
821
272
65
146
151
211
909
897
308
900
116
16
54
195
331
551
394
845
693
500
545
45
170
258
921
760
666
635
598
575
725
389
415
128
487
182
938
741
901
199
234
390
886
904
633
70
764
153
566
706
427
60
285
576
463
729
861
419
79
947
44
133
580
965
132
632
198
107
846
896
191
241
659
694
