128
149
748
856
599
924
420
44
634
513
528
197
27
520
248
375
274
802
51
601
898
914
168
701
900
921
37
365
525
159
541
865
924
7
642
263
273
394
346
426
812
134
906
317
746
382
20
985
579
82
786
466
614
920
731
94
152
95
88
352
59
286
534
817
320
919
701
989
860
695
929
985
588
323
281
316
76
842
19
829
455
319
484
857
63
397
627
373
888
192
428
647
125
870
296
300
522
850
751
34
778
626
824
727
985
643
572
99
297
82
564
649
522
484
38
473
522
689
413
886
496
676
736
992
676
190
435
904
964
51
506
907
79
948
810
765
136
747
654
917
901
780
934
180
848
27
839
279
423
958
1000
930
628
24
118
361
870
165
446
762
