43
798
310
688
157
134
429
76
971
984
840
594
554
320
498
630
563
604
740
687
73
737
398
900
849
937
170
386
329
246
151
856
222
95
920
818
707
763
939
784
999
897
552
711
123
134
549
474
9
156
778
289
752
571
960
851
397
290
771
42
533
783
731
171
195
551
360
896
945
855
98
32
520
407
834
192
527
731
212
392
683
496
272
101
904
948
823
852
116
743
431
643
761
184
867
519
287
659
944
837
453
983
333
927
451
176
16
935
619
961
669
282
988
685
329
435
330
403
6
410
911
978
560
156
710
966
916
28
2
852
679
271
67
554
849
558
735
627
914
643
359
234
682
552
12
398
750
945
992
614
589
200
464
894
922
969
575
891
344
631
849
451
897
590
296
759
130
309
972
598
