792
459
980
174
445
714
479
947
528
704
458
591
649
256
63
566
930
506
829
649
193
457
87
201
174
167
728
398
497
349
741
688
842
367
650
595
981
8
461
518
228
29
523
810
175
54
344
267
725
954
865
3
585
42
990
466
608
772
833
514
592
892
947
285
326
652
242
643
988
47
385
795
525
867
108
373
955
866
745
557
85
101
464
179
493
190
28
729
395
809
53
405
903
426
861
637
135
747
736
555
174
840
746
547
767
419
639
971
430
798
693
961
620
538
962
559
14
304
644
285
215
382
172
352
98
868
169
97
543
333
771
979
556
433
462
733
572
357
713
106
577
718
701
798
832
177
261
669
377
534
662
61
930
439
893
321
711
824
917
419
644
757
156
648
224
162
996
58
498
221
11
395
194
572
495
765
133
277
258
772
744
147
377
131
980
684
938
330
780
665
532
269
918
115
684
641
990
336
22
465
867
341
42
856
137
428
399
241
47
891
211
339
566
780
432
395
532
250
233
922
188
49
289
237
747
186
503
28
510
366
665
108
206
820
122
879
919
113
545
436
415
236
767
294
2
855
112
462
595
377
