863
6
143
753
470
869
121
824
929
491
723
842
644
639
306
819
152
921
636
903
36
230
495
642
779
967
690
151
610
730
392
225
710
319
228
397
700
20
948
396
897
50
594
856
82
789
879
852
643
996
756
796
692
356
299
482
635
821
366
293
405
31
694
853
502
472
218
679
666
929
469
453
463
334
200
380
248
768
845
326
657
353
83
252
691
616
515
171
17
280
59
515
637
780
491
859
389
671
725
612
807
449
976
82
931
761
862
114
671
438
198
86
568
628
668
862
20
5
986
880
103
376
243
609
925
362
174
248
445
459
335
455
487
511
472
160
831
561
813
712
318
646
721
430
328
596
888
629
553
556
472
407
333
726
156
863
40
660
181
462
93
555
492
844
11
896
747
463
317
846
271
220
284
746
224
762
129
584
801
123
486
222
73
928
963
532
884
568
377
155
78
348
259
794
448
262
218
489
949
166
751
544
423
616
671
458
874
552
393
445
12
153
486
958
1000
725
34
357
957
138
644
134
805
156
556
856
974
436
998
269
597
823
82
989
917
960
756
563
319
358
24
173
945
632
161
498
698
823
281
795
971
98
149
581
653
305
463
523
282
386
455
540
454
28
284
867
535
690
788
581
170
544
407
347
136
52
488
125
396
392
426
565
452
82
508
158
597
224
915
384
461
196
666
2
351
57
373
621
793
288
962
322
285
928
845
491
34
247
876
453
145
105
603
660
568
271
172
360
715
829
388
967
862
171
965
160
557
439
827
193
425
757
220
450
414
970
936
913
264
523
552
95
983
859
195
528
142
523
314
188
394
335
826
435
160
946
848
116
304
619
815
928
21
44
938
153
336
77
723
787
228
442
914
354
271
239
146
48
605
852
