711
277
548
139
425
549
888
630
237
147
687
661
714
131
769
331
963
150
731
390
36
117
364
444
503
761
698
48
259
88
855
619
503
10
558
448
64
510
438
827
115
428
320
703
93
899
247
321
117
528
88
848
572
643
353
704
207
50
159
2
149
49
239
173
291
187
64
529
373
366
249
43
665
303
728
994
354
232
995
186
237
436
89
836
770
688
215
907
428
508
371
549
874
800
106
323
94
447
24
181
683
599
263
557
913
858
191
662
635
346
409
255
941
355
370
72
607
316
379
198
433
799
638
52
24
877
835
766
835
728
424
657
315
892
954
696
758
539
46
382
270
491
638
952
679
611
35
70
745
100
253
880
831
362
774
550
748
433
109
307
916
174
695
709
276
290
894
690
27
567
633
119
944
641
844
684
575
932
674
676
346
162
806
356
657
771
336
124
709
732
998
792
313
607
715
468
69
227
179
792
408
155
114
823
831
150
580
477
921
762
677
107
763
239
861
353
436
177
701
817
699
840
520
395
289
231
169
340
634
827
780
774
495
339
195
987
190
749
114
104
541
1
521
800
765
701
687
316
750
813
118
727
505
333
898
402
495
98
22
416
166
522
8
526
907
696
120
424
279
882
758
512
348
809
102
125
646
758
518
803
