251
346
404
85
250
37
866
699
917
466
22
740
258
361
336
480
553
73
28
317
634
144
214
648
884
913
370
649
946
628
266
906
501
921
801
314
602
806
827
357
713
477
870
123
522
341
240
868
763
243
253
682
373
361
596
404
844
637
293
294
151
223
179
332
289
726
869
816
681
943
236
442
288
860
443
938
67
725
132
617
2
148
868
792
631
81
903
96
690
669
620
324
241
974
825
141
676
782
875
849
38
998
161
650
197
77
235
575
191
657
365
604
113
937
215
274
420
948
591
907
196
131
307
1
405
637
795
596
630
174
688
971
866
330
288
895
871
426
469
358
882
600
246
427
317
669
178
103
648
415
15
320
573
714
371
621
86
14
173
366
60
631
667
202
131
775
446
65
482
707
241
56
381
296
981
528
438
381
636
308
43
84
595
90
888
24
245
552
275
924
150
406
453
535
857
883
670
742
194
403
418
245
372
904
218
421
685
173
882
116
542
444
105
296
608
691
775
680
180
33
23
81
303
192
295
854
524
201
829
87
160
725
688
226
723
574
344
384
295
633
128
252
625
951
213
21
435
697
847
230
531
538
139
389
535
84
610
345
412
194
35
622
314
203
675
275
788
590
450
190
782
736
596
897
269
263
608
551
961
136
852
752
943
278
806
358
812
870
1000
770
58
891
56
157
826
488
282
476
325
579
375
445
453
897
380
406
6
313
555
71
408
197
312
810
967
660
848
8
83
63
367
78
606
858
355
596
575
628
48
292
486
583
37
327
878
158
598
425
970
740
456
972
178
624
471
677
943
584
415
28
778
232
844
448
580
869
441
379
506
547
763
553
707
432
456
894
16
708
606
770
409
497
920
538
155
371
814
148
17
372
248
984
77
172
23
936
147
193
632
439
829
44
890
626
587
867
248
21
669
327
320
705
621
46
821
736
128
469
763
944
81
495
996
200
678
74
343
288
751
386
684
575
236
724
396
392
884
89
952
425
981
482
328
851
870
123
597
688
805
762
792
512
735
49
344
192
908
280
360
454
638
805
362
1
337
800
890
960
383
738
622
139
818
378
690
720
703
772
559
794
636
745
615
358
622
858
687
965
297
673
607
773
506
988
409
25
29
669
143
362
29
743
522
628
140
476
707
113
638
800
326
251
874
391
803
319
971
859
95
80
737
597
954
136
632
402
262
905
152
726
36
891
975
561
724
809
324
992
41
160
447
690
349
911
308
369
917
32
357
441
209
758
489
570
246
601
182
835
602
99
50
35
852
982
752
366
655
559
341
158
547
846
504
526
319
575
239
950
839
647
719
750
915
974
204
747
766
413
885
793
169
755
559
106
502
705
243
653
791
590
582
451
456
783
667
441
562
496
395
532
486
473
531
646
775
873
297
888
376
121
490
464
896
681
772
637
478
117
841
815
831
216
331
946
699
55
1
255
195
837
574
68
204
649
994
343
886
380
531
661
506
858
664
426
4
29
595
679
921
583
759
738
720
199
767
746
385
681
910
335
11
381
50
941
385
669
279
986
736
893
161
606
379
584
168
677
539
861
777
408
734
754
1
216
342
958
445
580
717
294
482
964
522
150
552
93
865
233
4
374
417
853
164
901
152
580
725
23
296
205
417
558
135
270
30
623
444
681
719
145
577
174
240
317
565
200
1
10
613
876
844
471
311
577
737
888
907
298
268
319
226
308
913
134
31
541
646
885
639
682
498
650
878
908
486
381
147
152
181
902
337
803
466
843
198
344
25
417
547
320
228
854
857
87
664
252
640
313
285
816
825
497
836
822
745
403
541
923
937
402
289
551
543
501
701
61
174
963
621
494
53
87
522
996
863
388
452
191
150
346
