921
785
814
607
298
925
159
518
911
154
142
97
563
47
174
875
609
965
202
944
501
205
348
529
487
112
291
537
378
145
57
517
330
160
980
978
715
436
220
157
228
305
233
926
280
617
265
234
471
878
206
727
91
719
26
865
111
553
765
206
762
790
344
791
466
682
98
390
44
578
617
738
906
569
109
153
394
20
253
875
763
396
370
53
888
545
729
974
452
198
169
273
663
402
800
34
779
514
221
22
587
7
638
93
281
969
675
710
827
459
749
461
48
403
752
95
288
69
899
774
778
380
467
18
939
817
189
533
793
851
630
828
810
463
360
455
546
765
438
186
973
449
442
809
912
550
111
795
83
763
968
445
413
689
455
449
917
704
408
341
872
29
319
334
464
498
792
744
588
218
595
54
892
350
44
824
388
895
966
98
95
784
483
628
369
169
224
300
566
418
559
270
25
878
95
338
79
815
821
786
747
402
174
999
148
807
768
619
689
268
20
344
925
460
948
231
183
301
876
189
700
57
457
480
819
577
185
870
398
773
579
585
521
140
451
460
474
146
401
233
727
319
153
682
418
303
323
306
768
662
228
831
948
796
633
270
148
364
712
781
220
61
539
600
611
141
240
571
507
886
660
368
535
250
945
311
899
998
334
250
73
327
371
170
877
32
937
40
896
835
131
255
745
258
119
385
726
806
469
962
721
477
569
996
911
303
789
92
633
883
590
516
221
663
805
306
972
347
220
333
133
646
266
693
544
528
633
789
667
742
363
801
382
397
780
728
89
396
991
317
531
767
603
575
744
215
813
138
510
93
