625
320
299
206
200
350
757
309
59
203
159
39
817
354
604
50
392
256
538
697
176
463
968
673
906
767
166
873
812
475
895
105
627
361
912
458
586
209
103
681
353
236
797
278
611
49
740
862
20
286
758
605
783
105
290
963
802
733
304
394
818
743
672
660
976
467
903
675
396
465
441
370
215
525
576
313
60
839
732
7
349
209
591
626
853
624
698
867
905
226
357
887
657
841
89
932
146
953
792
599
743
992
84
692
11
959
382
55
492
203
72
736
157
934
69
56
426
58
60
850
527
270
74
603
607
541
342
795
179
556
554
510
675
777
408
195
927
516
534
253
456
694
114
42
917
191
414
220
196
230
889
358
902
611
795
66
833
437
16
501
71
774
546
343
247
688
481
569
965
328
95
31
409
461
697
12
508
370
367
811
715
557
807
173
716
536
777
370
457
111
47
367
809
246
692
254
929
989
518
60
514
244
176
572
66
738
336
231
945
655
832
15
133
744
140
228
930
301
915
463
519
885
592
593
140
231
647
960
793
912
123
256
703
631
598
357
170
112
214
797
476
389
967
260
296
835
471
460
826
325
406
789
905
460
16
265
506
630
276
536
71
764
520
158
733
232
382
646
944
234
458
898
974
862
369
787
332
491
927
270
171
203
563
662
885
5
837
574
517
106
523
174
57
576
739
624
337
508
431
349
269
807
275
252
70
222
610
797
48
426
958
73
899
798
791
378
211
220
924
187
255
140
34
245
375
984
121
750
524
923
654
619
575
957
520
571
594
28
307
763
724
987
972
754
188
22
177
652
488
82
540
239
647
130
334
926
706
852
808
213
373
749
909
649
177
816
353
116
284
663
243
2
570
444
775
148
390
902
821
325
288
740
413
144
342
536
957
36
446
435
526
132
182
337
280
387
57
886
517
676
780
766
195
466
984
859
883
857
427
401
718
676
602
471
319
850
881
833
878
396
92
157
202
183
847
150
33
640
567
400
304
552
95
813
237
837
490
924
399
710
894
991
264
761
851
200
639
523
907
728
351
581
278
331
574
920
377
770
169
248
270
598
701
219
628
943
44
934
212
885
992
855
807
16
383
346
82
641
777
915
869
107
366
818
130
346
107
418
831
994
453
752
396
49
99
948
533
964
222
415
553
654
725
335
939
524
20
102
747
679
156
741
301
432
265
50
906
21
939
41
984
767
722
552
943
576
623
206
124
564
540
867
518
315
6
292
806
594
190
121
162
226
552
720
54
674
306
683
443
995
427
736
436
621
281
879
162
580
219
516
812
871
205
235
860
303
642
731
206
14
807
830
302
471
427
16
2
402
442
503
222
765
55
692
896
667
326
452
775
429
952
262
52
43
695
192
754
851
577
172
701
717
253
436
730
800
782
621
712
813
35
864
107
39
686
424
34
566
692
424
