601
571
707
264
396
708
16
149
750
401
228
321
314
442
686
469
830
590
853
717
715
612
518
299
224
351
707
64
403
259
230
766
209
96
158
65
340
339
856
779
699
979
608
120
832
246
559
895
897
350
841
537
791
493
795
14
31
974
12
54
380
923
294
976
34
309
371
960
130
482
511
909
955
513
676
392
344
63
208
890
978
352
174
703
298
141
816
410
845
608
132
554
615
142
554
815
88
322
479
924
382
43
444
377
159
114
184
221
198
466
461
571
137
774
799
132
152
822
515
164
206
315
94
480
715
88
846
907
943
283
280
250
680
200
734
377
430
324
784
102
306
223
12
836
556
739
741
865
511
794
501
556
810
58
474
122
197
519
976
324
943
318
800
471
805
115
940
252
662
369
753
556
942
672
957
334
98
133
892
29
179
117
162
180
421
551
109
928
535
744
40
862
335
712
440
216
795
423
978
502
163
413
104
86
534
405
910
88
652
158
422
657
845
12
593
223
805
514
930
321
382
97
373
426
758
506
664
929
635
152
854
407
77
387
362
373
577
676
605
97
