940
885
167
793
398
894
346
184
501
279
275
557
122
461
150
529
327
368
819
560
222
169
736
852
257
927
730
234
362
225
29
576
935
263
473
873
403
839
196
399
241
455
220
676
245
392
893
626
283
786
235
336
64
584
699
537
370
626
629
955
175
627
491
541
485
149
500
763
25
456
382
72
511
135
531
306
922
84
892
833
520
349
810
857
498
705
474
608
882
51
983
968
544
36
649
195
785
325
253
257
685
525
988
349
125
997
574
324
728
461
756
457
648
209
233
346
159
671
770
485
96
488
209
782
535
705
206
768
290
468
875
475
105
245
26
298
528
315
672
724
447
844
552
967
151
64
266
460
674
629
731
507
537
410
380
548
331
750
508
206
241
878
901
380
827
766
765
385
916
742
598
684
393
598
297
681
117
911
882
886
121
286
164
465
881
106
529
645
184
605
537
25
199
401
796
668
597
386
601
212
342
651
403
125
877
301
944
490
558
444
983
311
690
174
582
527
486
940
341
461
361
957
518
452
530
348
503
815
433
794
516
619
102
451
271
968
400
370
114
446
629
351
941
88
432
158
773
613
567
602
721
915
939
19
463
810
25
590
382
263
217
995
353
670
560
541
355
377
989
495
650
98
972
569
490
312
494
931
607
318
164
299
290
238
506
293
235
707
464
335
794
956
97
73
818
425
772
306
96
797
73
312
604
1
677
325
23
806
685
16
123
679
8
234
516
252
869
655
939
832
257
263
630
637
434
181
785
472
761
757
55
507
198
51
810
106
488
166
44
439
391
25
14
358
176
669
644
831
281
835
432
476
149
949
152
374
786
35
483
186
586
553
686
424
675
378
393
22
676
472
334
459
341
997
277
112
166
519
61
769
244
503
30
842
529
257
773
185
733
136
231
123
600
166
606
463
545
867
988
559
344
925
918
837
210
446
754
498
72
504
879
711
574
602
399
177
178
388
210
610
735
215
356
849
702
169
647
707
172
243
186
732
224
473
866
736
529
409
770
567
499
179
178
140
55
392
333
793
635
161
510
50
788
254
110
772
55
574
709
511
807
873
271
286
459
817
950
403
356
650
531
895
470
716
580
110
114
67
390
256
480
121
328
315
795
812
215
260
7
687
886
341
533
209
981
635
201
53
478
220
111
180
236
43
989
63
623
486
680
199
595
757
85
690
368
141
360
216
209
484
268
430
1000
525
86
923
7
939
716
860
539
266
382
435
542
839
478
460
525
775
119
52
69
553
688
562
195
669
930
482
229
929
176
845
342
568
512
257
943
854
456
518
557
107
670
93
164
128
394
930
883
512
996
871
78
506
907
293
61
847
104
504
566
268
242
38
531
25
777
196
93
836
129
774
777
523
405
428
992
454
854
504
703
927
139
66
576
477
745
820
456
161
286
697
644
36
909
461
844
638
229
926
318
290
50
711
98
783
852
411
858
518
45
599
50
929
630
867
750
372
733
828
75
928
674
336
295
187
799
148
388
920
840
816
581
98
802
186
854
44
514
299
647
371
21
85
559
914
767
475
98
543
596
100
404
157
773
320
123
833
976
848
410
732
572
132
639
284
484
844
933
760
309
928
561
195
700
622
155
933
318
719
914
80
657
391
90
608
566
359
325
15
670
143
790
792
739
279
813
605
377
689
38
499
460
927
609
338
49
979
44
160
135
460
472
981
351
457
162
393
480
736
462
503
658
977
356
878
854
193
313
926
710
440
949
511
111
97
899
815
223
766
385
732
764
54
503
494
785
325
342
835
808
254
549
823
883
512
694
896
94
368
722
401
382
506
873
709
397
118
210
754
223
42
416
944
269
984
141
639
154
680
211
939
133
767
949
635
243
123
475
315
860
386
794
769
346
305
957
548
459
457
359
787
115
98
48
347
870
111
659
488
375
595
417
382
272
808
424
276
682
979
322
420
627
798
90
631
506
921
61
319
52
826
604
811
95
241
231
449
515
236
156
265
942
676
156
417
895
753
303
607
373
650
786
955
441
974
861
517
461
295
299
537
331
517
79
867
189
233
364
612
650
234
902
976
192
118
231
843
370
885
712
252
200
249
45
7
737
956
59
352
418
490
898
226
476
425
135
469
781
367
295
877
218
608
287
969
996
66
417
921
818
600
208
242
84
563
763
826
538
461
299
629
698
929
76
511
739
561
