534
890
663
44
677
417
811
972
726
429
4
515
579
62
844
384
179
514
609
428
507
693
350
25
210
640
846
690
90
89
995
99
317
28
904
127
47
593
510
642
35
171
307
459
618
786
233
324
164
77
929
850
344
946
331
562
979
866
206
613
589
349
696
825
723
391
854
503
76
548
31
579
366
566
476
893
532
326
550
770
769
19
469
274
312
754
255
16
514
170
952
876
317
665
227
224
447
744
844
6
698
966
966
490
950
100
935
569
195
260
11
430
115
189
751
532
201
367
245
5
868
364
529
23
426
850
625
696
431
754
949
403
657
366
882
943
165
671
634
526
651
969
189
205
109
260
275
902
383
822
898
247
828
855
895
769
255
984
459
832
881
418
606
943
450
378
667
416
134
19
39
972
277
128
147
159
349
934
335
105
954
925
499
469
155
377
522
421
831
970
458
554
762
474
661
965
33
585
796
205
439
704
330
821
761
731
484
3
847
357
936
994
170
632
426
993
772
220
212
740
316
194
271
398
905
492
582
228
975
879
340
309
695
301
291
607
436
372
644
247
177
320
288
562
770
674
974
553
769
394
704
572
317
227
126
756
500
935
220
317
683
781
645
661
895
360
216
454
115
352
489
464
643
412
701
31
221
155
696
207
504
157
295
189
243
577
813
202
959
357
711
641
304
598
54
456
489
808
24
987
370
429
643
623
105
501
762
491
618
171
865
924
637
977
163
27
457
563
733
139
935
807
130
760
428
41
794
135
707
154
395
288
607
255
843
230
439
966
613
666
958
827
404
79
229
416
257
974
648
955
884
675
190
756
609
794
662
630
144
424
92
68
674
833
931
348
304
637
109
808
76
961
421
403
534
103
661
736
601
439
333
323
155
268
100
732
895
863
989
426
611
779
107
317
927
722
87
48
779
204
784
511
999
56
962
293
183
428
879
309
256
621
659
671
54
425
866
121
828
717
507
149
908
680
35
393
309
638
268
69
543
301
848
802
545
89
529
963
584
341
400
515
573
435
786
776
476
965
280
172
900
267
261
636
176
411
8
568
13
104
167
69
127
826
187
852
369
621
293
302
256
71
536
231
77
239
321
58
509
564
864
74
513
799
85
847
415
384
958
898
90
953
503
483
177
946
89
750
370
931
251
88
507
830
169
280
916
437
467
445
878
658
523
780
160
813
417
234
18
696
370
830
753
65
980
18
649
237
413
437
302
47
779
71
784
309
879
586
595
848
939
51
287
936
714
158
47
809
758
879
147
547
448
300
681
907
329
752
802
108
832
221
672
752
9
561
773
308
949
755
146
430
645
442
553
699
411
878
669
426
659
774
157
333
993
142
119
419
166
128
