440
966
355
195
240
719
19
64
102
984
478
360
987
429
196
394
178
322
261
35
51
178
32
78
930
230
15
659
701
222
479
778
954
560
671
483
604
127
17
108
791
720
447
70
902
152
353
620
317
394
40
848
2
95
796
649
885
970
113
412
70
398
548
869
552
818
688
674
34
683
109
217
163
504
136
332
112
147
540
34
96
32
773
985
713
529
271
574
50
672
998
435
675
191
191
962
431
295
579
969
296
431
688
312
759
943
867
61
812
440
887
570
155
92
13
17
831
209
292
847
416
210
1
919
63
677
17
362
791
179
295
304
409
520
539
456
850
213
48
676
727
611
611
287
622
131
763
523
455
676
946
866
13
485
165
408
940
132
611
711
137
209
242
238
23
139
909
158
930
548
932
228
223
726
483
223
355
336
959
274
232
317
630
590
238
359
7
914
444
904
60
27
592
56
650
580
457
186
965
376
79
650
416
258
894
907
694
88
528
507
