646
498
903
215
335
115
83
376
543
821
72
432
825
303
139
744
644
258
399
370
573
56
101
409
55
762
806
765
412
479
271
432
696
707
776
95
431
60
519
72
22
670
412
779
834
619
323
300
850
532
265
745
516
305
40
231
41
580
293
889
212
513
42
207
414
692
8
252
187
442
818
671
877
564
698
974
556
75
198
817
698
632
925
213
26
88
511
47
800
664
907
259
211
517
203
798
7
658
43
337
656
540
585
808
575
3
609
992
274
95
563
906
176
35
661
113
829
719
596
287
656
164
553
997
404
826
391
385
703
347
715
43
379
616
300
246
90
531
679
237
47
579
901
533
231
818
652
465
49
236
521
262
442
175
795
163
569
168
669
122
124
779
549
380
628
865
228
308
811
789
339
755
459
896
824
926
906
361
621
515
924
696
263
529
121
825
165
851
613
730
328
905
560
627
459
790
102
333
907
891
818
757
47
535
921
773
952
303
353
349
27
782
889
436
237
140
247
643
847
298
839
590
377
966
506
351
977
916
935
636
365
865
84
825
105
60
909
89
636
117
341
886
237
56
844
887
951
988
770
215
75
958
880
397
178
512
213
148
528
984
99
865
927
709
30
33
152
47
216
654
10
691
481
513
464
978
45
974
958
74
776
452
120
558
133
243
609
527
820
869
844
728
210
205
372
43
436
206
473
817
706
263
599
760
988
837
138
466
214
518
620
304
625
101
273
587
799
823
811
310
480
795
174
86
90
514
816
75
878
102
49
442
684
299
628
941
859
870
677
84
203
417
364
97
789
325
819
868
616
372
804
425
934
62
489
267
60
424
959
119
170
1
561
64
400
340
71
112
731
51
390
363
898
790
274
262
704
60
464
601
769
895
149
483
726
217
650
854
435
690
414
965
454
448
299
101
261
303
356
551
465
91
501
867
439
683
516
852
987
437
603
840
46
595
935
557
991
27
527
940
654
122
887
906
545
845
796
551
897
409
694
775
619
361
98
581
415
922
407
997
717
443
309
320
741
390
414
209
616
705
413
124
697
155
244
761
41
563
982
513
234
309
652
273
189
629
896
605
263
922
460
615
113
825
264
559
913
525
645
819
119
261
89
551
205
508
964
168
142
292
690
874
861
993
220
502
37
966
775
127
926
225
980
296
637
275
830
437
768
102
589
179
155
69
426
309
376
171
653
730
67
52
218
124
826
86
316
710
468
531
764
430
170
983
692
131
124
872
232
266
772
800
311
119
610
969
187
91
458
223
