925
863
407
822
682
3
600
750
760
388
294
438
660
493
992
71
987
939
420
325
3
869
385
858
262
886
85
658
605
642
899
952
373
139
630
190
598
983
992
706
27
973
479
723
665
27
379
63
276
173
418
252
287
752
992
631
461
89
417
983
488
307
399
91
273
990
687
285
208
193
123
475
632
981
193
732
860
96
441
901
833
707
129
352
325
990
725
738
630
735
540
482
513
576
387
587
484
76
287
775
835
776
899
916
200
197
281
586
804
533
452
555
524
573
779
695
952
352
569
601
825
519
75
676
249
591
950
587
777
236
175
669
141
3
586
132
44
180
961
982
169
358
54
640
408
671
472
331
618
346
888
868
328
443
381
677
929
288
941
429
189
803
467
278
539
492
417
888
968
130
955
898
602
260
301
512
769
754
669
642
629
575
34
500
57
344
115
564
853
207
549
863
398
849
740
41
24
561
67
39
689
882
663
46
564
790
607
196
879
340
156
357
696
395
198
637
924
505
265
323
913
239
143
765
987
481
129
857
891
153
412
649
767
990
918
491
511
737
107
203
433
892
479
119
386
215
487
144
104
30
542
996
791
567
272
48
803
370
188
323
823
835
289
101
936
704
288
26
716
141
332
800
741
141
734
407
755
520
667
898
679
298
629
497
841
479
616
468
486
749
344
661
672
753
546
807
345
437
575
940
348
307
807
770
576
561
56
329
380
567
551
887
555
641
572
598
246
876
232
716
924
102
33
280
749
486
95
590
448
73
74
572
52
767
209
396
288
46
452
336
384
687
629
599
826
202
887
181
64
261
419
104
92
259
522
315
33
142
127
717
338
941
159
358
929
269
463
807
848
640
1
185
371
910
832
531
965
647
549
644
867
926
330
629
20
234
63
7
867
502
664
517
327
853
960
303
89
758
187
733
46
93
271
212
944
698
434
496
938
178
24
669
269
642
668
341
445
589
176
3
477
266
786
221
515
20
227
892
442
29
667
628
862
391
836
760
447
726
904
256
388
313
591
507
711
175
387
655
883
627
582
595
238
380
84
155
390
998
613
898
824
185
112
639
737
719
367
583
274
35
76
53
336
17
792
411
604
994
884
633
820
342
945
317
157
886
623
634
269
873
359
965
453
649
806
837
718
343
122
490
47
44
426
349
494
920
220
200
73
222
996
133
75
380
676
346
277
907
688
807
849
393
246
542
715
801
351
842
687
596
439
66
268
641
237
592
993
95
708
549
613
846
420
314
179
69
622
586
76
25
407
767
953
297
136
773
380
241
982
584
841
631
731
849
179
565
773
795
479
62
738
938
129
664
931
548
609
270
527
82
287
599
384
874
740
30
518
173
652
205
415
750
5
281
524
997
836
130
596
671
26
252
573
260
308
889
301
594
438
937
214
253
966
787
234
451
300
203
640
45
101
327
675
601
683
55
307
246
606
207
827
242
486
206
665
474
387
976
892
748
998
204
57
369
8
341
532
756
468
652
117
278
289
694
628
572
320
896
182
565
941
628
856
418
6
210
535
996
460
831
115
792
163
116
441
43
845
141
866
310
623
222
471
18
496
494
74
877
720
181
379
469
678
67
648
920
547
613
338
280
209
28
969
630
812
451
207
340
627
623
844
666
485
175
459
964
521
633
326
680
323
631
296
220
645
898
432
647
140
881
877
911
475
653
63
485
289
455
924
415
906
27
477
117
909
307
820
186
431
641
663
927
301
632
131
716
99
206
96
774
871
354
752
786
936
725
20
444
958
780
163
386
216
723
235
432
859
385
705
715
