386
536
925
333
479
968
897
892
60
829
983
348
567
583
287
144
866
723
515
725
55
511
254
924
731
837
325
488
358
872
306
552
573
840
459
750
483
51
16
302
707
590
479
606
575
288
167
527
878
211
940
460
153
273
150
142
233
524
656
426
779
374
455
245
415
266
478
693
418
939
566
127
453
861
372
848
79
279
665
203
141
128
342
896
242
325
699
354
879
466
74
536
935
470
836
784
445
810
76
184
221
616
274
714
638
619
632
680
789
472
839
377
605
128
820
792
210
593
688
154
185
857
436
477
388
484
956
29
91
815
760
533
824
858
226
792
580
70
15
78
969
875
818
960
547
565
371
227
523
656
841
434
905
807
449
181
283
158
35
793
631
929
89
29
280
96
557
541
718
870
843
785
206
631
551
725
340
744
98
746
163
757
425
532
386
35
9
639
387
821
350
139
601
469
593
937
176
356
504
355
634
114
529
972
424
141
947
263
685
395
531
836
997
238
756
175
565
629
356
770
573
216
411
510
654
21
197
607
717
451
330
865
207
995
807
703
396
636
520
369
494
274
552
767
49
867
440
63
349
257
650
93
120
584
898
207
128
964
443
926
751
947
13
499
510
54
194
776
631
360
149
90
461
480
243
32
69
282
736
870
80
458
702
880
916
395
21
115
786
125
637
17
579
752
363
918
987
85
144
334
966
729
454
860
473
857
403
620
342
885
135
997
40
777
664
56
474
246
80
156
429
941
739
511
763
629
81
979
24
782
893
528
652
707
321
202
445
159
908
755
87
416
13
255
527
315
799
452
417
24
149
733
128
769
35
812
107
153
228
545
481
799
481
457
632
556
530
963
490
465
39
57
852
263
817
647
327
325
419
947
231
654
288
49
711
69
457
674
693
774
486
372
95
678
890
176
761
494
874
681
734
261
129
660
136
619
406
656
259
279
7
736
565
121
655
152
188
954
263
808
178
746
619
87
253
670
44
338
709
7
121
670
800
31
152
919
106
257
211
719
833
605
997
656
363
213
475
531
306
927
83
45
915
253
81
315
245
132
155
644
184
730
382
497
997
130
838
290
445
828
919
757
687
121
854
708
164
607
554
667
848
552
977
124
108
827
596
426
528
608
114
487
627
183
519
376
493
166
442
413
776
538
151
780
58
273
808
785
332
83
23
806
450
936
200
479
669
425
281
952
108
463
712
668
145
756
694
337
157
785
844
149
887
997
766
821
371
171
751
708
93
2
657
371
434
47
724
449
758
622
555
337
934
313
120
835
245
410
463
883
227
358
208
954
489
859
130
381
585
96
901
885
396
67
408
676
18
908
553
553
434
350
724
150
546
426
790
430
374
410
475
361
217
762
839
985
141
764
21
544
26
114
545
100
359
304
345
125
189
774
900
197
315
90
305
980
347
143
674
785
76
838
749
97
994
849
496
594
998
53
366
150
495
223
857
361
992
299
850
647
650
342
134
995
103
465
269
759
954
414
903
637
130
972
825
961
412
398
573
670
646
843
784
750
792
471
670
388
253
624
311
505
667
504
34
75
641
987
120
19
759
484
515
324
160
655
563
970
506
770
512
24
332
349
290
154
373
742
892
266
579
506
704
255
581
565
685
937
112
575
315
686
997
415
85
938
492
213
87
33
313
847
577
307
147
757
18
869
934
877
868
504
24
395
383
595
190
842
267
785
122
696
892
754
515
929
180
670
976
467
538
394
781
591
107
306
693
931
212
366
54
428
932
427
79
407
241
586
239
790
249
391
812
701
912
310
604
675
778
489
827
849
413
611
363
200
332
990
605
233
944
21
295
661
329
601
127
629
302
560
667
889
885
398
787
63
813
299
677
73
971
572
191
396
134
655
268
584
175
928
117
259
77
10
87
59
781
163
821
223
260
709
471
172
737
140
619
140
412
762
547
917
327
426
626
86
620
430
903
128
336
540
181
807
786
780
833
46
960
22
