573
507
833
618
918
254
406
14
973
881
721
168
298
909
726
213
658
511
890
269
912
122
60
622
22
949
299
105
338
321
512
573
417
627
40
693
959
344
522
197
35
131
728
128
684
970
593
344
408
965
699
447
627
885
925
905
345
637
896
750
528
148
956
85
480
645
29
324
483
169
775
318
253
790
166
35
142
745
956
416
344
346
862
605
257
968
154
789
507
189
50
640
935
801
403
445
158
964
43
723
730
624
649
604
944
237
390
395
834
847
534
894
896
251
824
258
490
746
435
264
475
7
419
792
627
986
817
291
709
841
804
600
773
495
879
718
988
317
33
507
376
896
469
896
711
588
422
655
658
915
410
566
549
885
817
695
173
730
516
239
53
852
135
174
649
681
457
590
286
993
70
515
224
920
509
507
876
989
435
938
668
702
137
206
976
338
681
826
162
811
793
120
570
163
631
1000
105
969
118
5
502
441
669
866
852
988
237
601
145
730
345
380
294
592
72
778
242
922
330
544
143
757
972
10
695
572
897
90
61
70
438
185
765
343
774
57
781
128
949
688
965
28
46
230
447
163
317
245
445
612
726
470
681
187
725
290
783
546
12
235
676
957
155
218
900
272
803
491
500
217
47
548
860
703
497
289
542
632
678
81
188
392
885
658
165
84
774
398
168
970
719
507
401
73
443
828
116
883
210
6
407
755
460
657
97
567
258
567
168
32
106
67
266
149
874
563
255
20
510
728
833
276
181
566
559
669
925
905
850
900
60
87
995
493
393
36
500
764
769
785
653
548
299
149
607
236
855
222
202
696
69
255
795
771
810
411
378
176
33
446
564
420
276
443
515
106
92
805
963
101
619
331
910
951
924
750
93
422
185
632
445
524
940
323
247
499
357
377
892
505
511
385
92
126
80
327
33
91
549
200
266
966
396
279
132
734
640
720
191
392
389
603
468
765
490
556
764
864
34
377
347
789
941
854
422
852
208
988
583
130
447
328
688
225
933
595
642
898
289
974
365
14
925
62
841
162
421
894
537
769
965
995
535
444
555
214
92
922
793
633
133
494
957
30
677
669
218
918
780
203
402
233
730
531
809
337
734
526
204
119
959
687
647
808
162
739
544
296
821
652
948
568
667
362
251
382
543
514
405
38
532
498
374
25
745
849
384
323
294
78
394
710
769
251
845
817
221
237
26
448
616
416
687
99
214
437
570
16
574
852
250
942
50
314
150
719
161
883
125
182
826
616
883
455
276
452
302
845
327
520
730
743
245
211
513
904
251
302
746
603
727
862
609
966
954
231
910
213
504
652
113
476
930
518
169
118
663
158
890
601
897
922
609
362
17
944
777
263
913
87
734
368
11
180
718
635
104
214
76
381
804
125
6
234
260
550
696
816
343
376
545
369
745
376
779
76
940
996
161
640
56
283
698
835
661
119
801
26
400
23
476
182
104
358
746
472
155
757
400
998
12
103
52
352
51
891
65
795
40
805
453
49
954
510
5
365
350
256
924
202
179
861
649
629
679
581
768
842
75
691
490
275
222
834
804
707
411
193
50
601
255
845
451
616
75
452
113
992
504
307
813
34
783
143
169
1
822
981
840
270
63
701
214
98
7
711
73
108
373
235
