776
578
182
855
880
841
816
401
314
169
385
505
453
263
828
497
18
27
158
943
671
857
603
658
160
577
80
563
538
745
614
731
672
783
171
928
117
331
515
839
422
786
397
73
891
666
270
564
860
357
573
34
695
488
959
213
779
716
139
575
242
279
723
995
366
563
788
375
48
290
225
456
758
430
429
285
476
583
338
998
176
444
693
807
32
868
834
995
499
59
514
23
420
373
461
463
549
496
498
895
326
936
661
849
899
96
626
796
250
261
901
895
634
201
267
466
744
170
353
790
237
528
748
958
811
615
323
477
56
42
314
928
92
807
215
265
326
83
979
113
926
470
12
718
146
333
941
816
61
568
841
835
437
453
358
415
621
78
426
830
16
113
336
50
841
735
528
836
291
66
795
304
576
427
708
404
309
516
11
294
433
758
436
838
272
404
155
518
597
912
548
610
382
750
283
247
578
40
446
794
976
501
574
943
137
859
629
950
137
882
22
144
509
988
774
818
384
809
391
718
822
470
977
542
907
583
687
247
411
549
87
116
981
313
735
896
663
242
147
165
248
17
11
504
435
144
962
855
434
893
239
959
258
344
90
331
249
149
160
721
200
104
623
991
79
715
506
175
734
609
78
89
354
663
430
276
808
92
350
565
858
74
411
59
354
144
728
572
15
751
16
879
497
87
422
402
364
964
499
662
111
73
668
117
575
114
998
533
526
835
722
641
847
279
551
381
226
297
42
165
418
295
962
127
407
455
596
959
348
168
143
238
567
301
4
288
567
343
295
96
612
378
568
212
390
211
983
405
921
541
675
522
779
547
722
140
947
401
712
694
77
369
410
34
389
232
646
231
807
252
797
88
552
21
241
299
191
764
747
158
826
884
530
88
159
22
433
95
2
437
443
348
612
652
500
930
288
387
866
686
375
123
550
11
187
5
539
882
262
121
75
684
299
293
172
205
224
708
463
512
505
443
102
244
933
906
723
413
753
540
120
15
998
211
595
927
651
616
163
667
695
570
72
39
319
483
859
429
590
736
633
81
616
883
145
647
171
334
451
1000
246
499
933
694
749
847
788
907
672
221
522
929
411
738
748
594
977
740
683
86
753
696
289
357
512
982
891
918
32
340
64
118
292
918
844
797
756
561
261
43
152
902
949
924
525
463
236
674
76
91
398
721
998
420
20
968
249
748
173
382
177
235
715
403
792
43
128
666
568
808
358
802
511
952
389
371
233
985
756
885
819
107
729
124
366
917
471
749
439
317
378
514
901
3
247
672
250
513
984
308
793
391
834
455
56
370
3
123
837
243
91
26
112
455
418
650
417
245
177
761
337
204
537
3
639
335
359
579
104
932
968
88
696
320
585
188
757
655
759
682
409
501
565
886
519
859
838
374
356
633
666
485
484
299
404
164
744
2
39
837
277
395
216
739
826
60
665
424
829
130
886
488
488
887
962
661
816
36
565
454
805
874
291
980
77
941
793
223
201
276
399
455
520
293
839
459
653
407
929
538
533
564
918
555
866
101
954
163
464
661
200
888
477
561
301
859
260
605
77
652
238
118
820
370
864
369
557
420
26
373
478
417
555
186
460
739
991
778
512
529
553
898
790
686
106
789
192
803
357
726
120
691
172
310
645
715
692
487
808
529
666
712
617
596
226
849
998
746
565
125
443
72
121
643
228
364
287
210
741
806
372
798
944
444
148
299
87
799
809
301
581
181
161
305
479
223
594
349
107
821
405
357
843
362
489
782
462
374
603
254
982
199
764
947
294
227
781
625
403
24
205
309
439
557
6
5
326
866
513
444
875
274
534
829
160
327
838
460
925
424
