347
951
131
874
342
249
406
615
602
795
761
86
398
283
868
699
233
113
873
820
950
791
343
439
77
329
615
871
454
64
687
163
197
669
51
403
348
731
977
903
958
416
832
104
658
393
563
819
700
105
421
755
605
274
393
845
77
211
563
394
861
144
340
470
723
475
223
619
19
760
358
684
676
113
153
365
482
775
273
95
315
924
556
587
877
20
671
744
316
727
59
99
275
957
792
421
774
679
628
197
36
254
94
740
967
232
82
680
939
483
189
864
793
694
454
609
770
45
600
160
253
597
576
984
672
525
909
573
576
678
753
781
198
692
133
116
629
231
790
771
395
965
887
64
523
979
241
348
660
764
570
318
44
44
931
448
365
835
475
969
789
392
33
529
274
332
542
985
649
131
390
240
445
680
14
802
229
727
964
983
409
169
863
626
483
792
662
605
343
975
343
255
531
210
314
496
101
298
220
501
595
702
278
311
261
819
55
926
3
376
747
805
87
51
340
405
142
14
146
7
983
699
520
802
449
958
967
202
276
452
214
713
497
567
522
842
832
689
103
591
206
332
332
695
731
96
994
139
995
220
780
777
115
875
46
160
566
71
820
116
733
37
518
32
539
92
34
778
609
20
611
519
204
305
756
209
544
895
799
341
706
98
867
148
615
263
370
287
506
911
471
181
336
282
500
950
611
380
490
222
642
475
536
529
585
252
983
732
91
349
251
460
548
562
577
270
50
234
6
889
573
724
498
238
788
172
798
477
646
378
449
426
317
460
257
827
50
177
223
5
452
457
695
381
646
360
398
890
975
561
459
997
888
218
527
16
189
541
349
10
342
903
287
294
846
55
29
142
564
209
257
963
568
703
905
271
186
151
291
450
72
767
411
39
621
752
794
250
4
938
529
98
775
83
553
318
156
215
896
844
544
999
89
822
597
434
544
271
123
179
829
564
865
300
384
448
598
542
581
744
662
920
756
929
105
79
741
879
213
260
994
860
886
349
625
389
588
895
568
398
427
478
4
481
103
611
366
944
420
592
303
430
219
535
330
975
397
514
593
549
485
619
196
97
645
641
657
814
859
444
742
72
555
57
879
890
198
619
935
38
872
757
698
694
959
994
349
641
304
434
96
508
605
380
437
424
73
784
953
173
460
608
886
98
229
408
706
706
156
28
55
994
265
134
972
613
173
542
461
975
991
481
408
581
216
706
7
420
163
134
54
214
482
303
489
440
779
866
914
532
494
119
239
142
379
11
167
909
570
555
787
399
467
692
412
435
661
489
165
279
691
253
916
619
262
893
502
809
930
368
380
20
382
499
405
447
710
411
379
519
154
747
30
425
454
862
864
385
812
430
900
311
515
958
447
967
743
248
672
173
986
859
660
2
507
534
654
264
402
878
815
732
851
37
5
872
592
78
664
757
502
450
758
822
25
556
68
606
836
265
