695
982
644
436
630
671
655
234
440
484
76
575
498
816
568
448
463
823
850
75
641
131
508
985
779
333
472
441
809
632
263
267
35
177
602
487
395
689
495
584
606
336
113
101
522
752
874
258
482
866
483
310
11
213
119
548
904
639
443
355
111
369
416
22
889
722
985
550
825
104
235
320
864
779
383
132
149
180
366
480
1000
646
926
677
344
822
615
648
819
98
635
892
371
366
709
670
700
191
662
39
456
801
522
587
208
455
774
395
309
244
749
258
693
921
969
386
611
133
152
251
840
456
172
700
578
751
556
877
154
324
643
862
106
110
955
828
208
831
895
512
394
106
602
603
328
497
392
882
960
671
753
767
442
690
820
901
413
933
565
882
35
271
632
910
414
832
749
725
664
529
79
455
441
826
709
796
829
185
446
514
703
880
638
705
335
103
838
418
602
842
665
594
458
80
448
274
939
912
845
285
827
305
552
416
372
53
524
100
762
555
463
623
255
868
975
301
78
269
562
954
499
967
288
263
694
988
239
892
947
401
41
694
994
936
724
245
53
711
625
653
127
254
674
550
566
725
874
419
421
621
579
107
879
324
231
222
599
577
48
542
512
352
178
841
358
92
315
191
897
970
851
181
473
428
717
90
355
413
7
676
37
504
131
126
732
135
67
747
751
805
886
421
665
917
405
729
715
345
948
439
131
655
643
92
578
703
633
591
592
327
557
24
955
437
517
202
919
298
488
125
298
334
777
607
146
524
697
104
53
950
397
108
890
662
919
964
848
27
81
331
562
936
56
599
933
797
314
942
386
759
539
848
772
110
350
323
899
197
920
898
411
523
857
514
878
74
974
380
591
616
228
313
942
636
472
284
903
645
734
813
497
992
377
668
349
269
62
283
802
1
692
521
186
382
918
806
236
737
725
909
289
807
248
786
688
117
294
648
371
942
430
558
426
269
862
341
428
800
382
757
7
543
705
121
231
249
789
496
173
820
23
377
910
742
884
516
971
927
921
173
216
141
610
746
16
667
99
755
976
332
115
566
508
662
280
935
969
145
264
190
926
346
195
96
872
691
459
675
189
515
204
955
467
462
790
271
652
214
935
10
540
595
981
658
924
872
476
748
957
715
472
951
94
933
320
746
88
446
694
379
53
510
431
364
529
55
112
991
724
929
869
41
694
531
384
724
374
81
85
371
434
722
883
918
769
516
134
665
807
972
186
590
144
753
256
371
305
187
883
983
497
657
926
81
61
629
908
844
83
695
276
430
371
911
751
969
507
288
430
840
529
829
947
214
659
744
850
974
913
679
165
160
270
692
509
69
768
584
448
803
615
350
786
929
709
327
710
334
498
165
414
904
294
430
969
710
811
857
888
377
299
931
658
948
877
46
676
364
97
713
404
334
965
354
432
157
449
373
329
516
317
315
112
866
344
75
876
756
439
244
984
465
759
142
369
763
335
595
200
733
109
278
266
544
871
685
379
123
825
613
988
973
50
218
251
564
726
537
969
941
33
379
331
263
704
51
281
518
427
368
28
998
813
858
644
573
999
802
446
247
