209
896
216
302
624
671
609
817
577
639
41
857
945
707
420
633
688
90
475
381
593
789
458
770
169
522
986
817
813
881
248
779
512
158
434
314
32
276
902
672
939
675
400
701
494
897
408
307
520
196
540
38
117
408
331
459
766
520
828
746
226
206
299
303
756
346
145
113
564
116
744
176
294
780
63
628
870
223
670
907
999
360
466
885
441
555
868
118
368
848
877
587
872
439
546
906
517
700
783
254
975
39
827
998
4
507
371
733
855
387
195
921
1
56
204
922
702
405
436
692
228
789
517
997
559
968
36
158
110
334
266
677
494
575
637
325
831
191
324
211
112
328
386
555
382
220
57
696
274
58
395
825
887
694
571
546
813
517
330
447
206
625
451
122
819
656
371
802
611
533
184
142
834
259
460
153
33
100
147
531
558
311
73
875
260
446
97
2
577
922
646
859
623
815
48
81
865
155
549
645
285
844
688
342
884
944
713
697
420
697
606
416
505
767
621
197
84
91
295
574
9
592
493
4
479
622
664
708
818
50
138
824
260
362
384
315
416
870
418
239
976
761
887
521
322
199
937
886
563
743
173
765
775
425
540
684
691
703
305
346
247
713
20
406
304
956
268
479
860
6
85
538
774
882
693
792
4
706
835
186
15
728
139
656
972
700
759
283
272
205
48
686
177
718
469
852
341
796
673
769
386
996
565
350
151
214
704
402
855
105
388
686
904
147
988
645
713
455
116
162
337
1000
4
892
383
930
72
212
663
782
893
717
938
899
915
946
220
165
129
600
943
241
698
155
463
923
15
611
600
308
64
476
571
620
290
426
309
816
206
188
682
56
515
42
49
428
483
819
733
815
873
969
84
659
363
789
183
410
729
312
616
553
22
866
369
848
830
765
805
719
299
703
86
162
257
786
291
306
300
915
899
530
903
191
314
533
276
650
363
921
659
417
882
557
587
380
947
869
816
732
73
489
440
412
363
523
466
827
801
304
143
371
248
122
250
447
251
857
321
371
682
967
467
175
665
214
18
938
126
804
149
692
711
390
388
700
912
834
644
184
556
470
748
226
595
760
846
681
303
190
921
304
975
979
236
247
400
360
931
513
535
449
538
536
539
592
762
308
905
148
647
432
991
133
939
821
26
385
757
916
438
660
133
664
903
741
449
458
93
558
658
646
785
370
889
471
638
893
830
68
533
535
839
77
657
639
163
489
12
964
429
341
826
228
464
81
663
255
11
712
343
366
493
482
567
813
736
583
973
447
765
495
54
172
211
321
515
272
9
872
767
320
264
108
162
816
475
903
630
310
269
102
511
614
275
76
107
879
271
283
715
380
987
134
934
594
990
829
945
179
419
312
418
258
488
817
381
958
831
400
970
531
188
813
828
903
884
340
770
778
595
131
860
399
627
518
153
781
35
540
486
164
980
975
904
451
129
661
477
928
522
59
528
902
995
94
947
679
416
918
979
904
8
815
95
375
862
140
865
794
166
260
273
129
877
363
524
611
141
986
471
351
24
990
481
56
260
200
694
815
907
786
646
353
896
91
550
919
82
739
44
211
287
684
472
175
608
376
25
513
253
106
902
546
109
267
328
732
906
172
507
836
333
147
846
703
574
178
297
847
