1000
23
61
819
507
244
556
498
605
635
82
801
599
387
29
674
129
285
159
177
671
600
981
34
587
567
22
141
517
514
994
79
651
914
868
890
271
683
832
736
806
97
173
257
703
843
379
508
955
620
537
569
154
778
29
379
264
568
625
471
415
650
178
396
176
927
745
542
224
16
383
332
70
168
130
704
602
704
302
171
808
165
48
788
669
510
746
414
237
711
281
288
332
539
590
62
175
108
906
166
843
886
45
178
254
616
572
197
414
495
258
847
461
259
69
502
448
14
962
244
760
408
798
108
964
452
334
280
349
124
180
192
420
60
660
304
674
458
654
902
563
929
790
606
832
907
920
187
3
324
125
184
575
365
442
334
316
125
408
20
309
904
325
99
890
461
26
993
731
96
819
109
761
701
311
338
329
964
245
585
513
417
497
812
925
205
275
731
499
789
53
42
325
29
523
342
185
595
114
228
266
132
301
331
620
110
687
147
131
319
626
121
876
97
243
666
377
700
996
830
957
389
149
731
197
957
594
520
848
608
184
639
220
683
577
117
567
881
521
684
172
521
935
791
172
386
549
942
650
259
699
849
375
394
78
203
822
381
681
882
816
972
940
348
959
721
245
339
780
595
951
442
433
811
292
803
869
861
675
265
469
680
512
870
192
163
857
544
348
250
85
136
694
416
124
963
838
611
602
471
678
278
931
880
89
594
53
700
213
335
169
170
465
509
411
835
295
379
456
349
939
91
565
492
521
371
69
959
838
239
491
191
908
881
383
348
784
281
192
894
346
580
668
51
605
562
154
472
543
35
90
275
595
150
234
211
769
158
975
36
810
348
413
872
73
357
290
847
204
333
45
411
565
714
475
953
169
968
52
109
405
143
185
816
885
566
148
775
115
61
674
178
538
455
547
831
530
282
952
323
810
876
447
489
319
507
425
673
426
689
304
636
509
926
773
430
85
181
595
874
573
905
823
294
538
168
207
353
771
571
261
966
931
371
551
104
470
210
625
960
991
892
282
799
31
206
126
528
875
716
862
76
577
548
290
989
796
576
688
988
53
331
900
302
620
774
422
774
20
631
871
663
295
725
42
632
958
318
34
314
788
658
877
25
274
887
334
767
737
925
83
490
349
884
732
984
702
895
953
51
937
597
55
986
749
815
815
619
221
6
492
340
629
771
44
635
263
375
496
434
454
302
741
580
294
282
811
767
148
663
637
815
767
336
748
125
556
177
952
826
755
662
993
178
371
941
256
385
856
111
26
226
211
98
503
834
745
121
149
608
335
843
472
926
477
587
670
762
34
514
531
327
645
379
928
654
663
209
287
832
127
752
956
665
795
815
230
588
775
543
135
87
417
843
575
327
986
641
465
537
201
986
688
798
605
550
719
820
523
751
40
604
353
923
195
615
985
848
380
574
106
541
261
801
226
225
87
97
524
393
76
62
987
225
579
241
427
707
215
673
460
350
301
906
506
439
221
10
510
392
770
826
141
66
894
98
938
458
481
106
377
462
821
694
608
105
587
332
154
937
668
186
979
176
588
344
466
78
609
369
711
49
335
974
817
396
540
854
394
162
605
444
211
496
691
592
472
127
620
670
2
856
807
644
920
145
222
305
963
400
403
51
189
998
578
848
769
127
27
890
153
99
987
383
750
712
745
677
437
787
763
118
346
847
719
570
60
71
766
276
772
793
644
788
503
931
349
192
58
718
108
686
979
336
964
909
351
613
308
539
215
843
795
81
862
83
995
4
759
352
795
238
969
94
821
966
799
645
724
280
622
977
13
30
386
163
585
503
944
909
66
315
226
741
931
361
302
968
597
17
127
238
577
276
951
890
4
362
634
286
