194
979
564
158
422
758
979
425
478
62
590
141
373
58
207
418
38
285
988
666
89
996
886
974
912
728
283
756
842
839
100
586
832
55
987
407
77
9
201
572
583
98
540
594
723
123
566
466
939
323
188
37
787
332
228
773
19
764
790
241
781
397
98
413
288
247
678
987
595
564
243
516
924
295
748
698
121
321
633
274
643
52
548
121
512
508
917
358
235
147
889
88
993
747
346
41
751
622
133
693
862
125
656
94
417
288
100
665
818
344
385
589
607
287
40
167
865
566
136
341
858
915
593
664
750
681
560
502
856
241
182
413
235
517
564
747
422
944
860
673
86
512
219
180
481
644
270
215
624
494
470
830
212
559
808
118
197
334
742
977
307
361
841
998
209
332
378
194
444
804
286
28
321
948
637
651
523
440
185
835
644
682
304
609
440
478
229
948
7
528
49
215
803
14
729
550
572
39
372
562
595
164
624
600
608
338
1
29
5
140
879
425
219
935
932
226
261
742
861
776
755
722
83
610
777
644
711
362
901
339
716
896
641
987
826
449
949
886
662
878
446
146
113
7
213
331
16
744
656
964
624
908
501
969
769
303
870
427
319
902
885
594
925
436
67
672
664
920
423
603
306
760
621
755
3
445
315
570
628
603
812
209
746
291
346
192
886
670
322
239
285
208
553
293
341
43
937
750
372
601
771
558
714
837
373
448
292
58
375
773
682
284
559
843
314
201
874
738
404
204
535
249
937
19
979
954
917
189
100
412
152
414
204
483
225
189
957
1000
152
450
723
647
818
38
57
595
848
931
950
198
216
342
63
841
507
297
459
652
629
401
259
744
958
731
537
239
585
378
861
437
906
505
855
402
279
47
946
292
472
816
101
746
771
448
748
582
619
401
971
40
594
221
712
321
863
383
674
780
564
120
170
829
771
88
108
950
328
858
842
200
952
870
43
442
988
538
327
832
426
649
56
513
870
352
202
980
949
57
769
339
446
238
187
84
199
233
294
161
203
256
645
46
34
345
606
421
996
439
268
174
876
115
380
57
162
862
137
439
759
584
914
277
955
680
765
925
587
408
839
906
91
555
216
556
92
341
96
356
396
83
972
632
915
435
889
333
366
601
43
185
574
714
985
554
433
633
823
427
19
750
383
277
274
142
481
674
96
995
344
387
241
800
82
728
918
621
121
822
498
457
181
989
99
960
3
876
121
106
476
197
420
718
318
131
169
173
513
491
871
581
735
836
296
783
352
206
721
166
280
803
667
203
596
531
989
746
602
62
293
600
924
691
123
803
994
619
708
279
56
318
126
971
371
23
579
804
266
196
516
66
492
79
155
762
343
307
262
170
727
623
495
853
502
720
621
940
818
748
896
228
520
556
684
972
253
557
410
125
719
143
760
580
91
192
459
524
870
786
404
31
973
268
681
159
462
375
375
886
659
911
781
711
53
475
817
762
613
394
741
991
433
449
92
534
917
269
278
303
554
987
855
173
629
667
443
986
836
904
834
684
368
868
1
35
333
258
474
853
879
53
568
275
806
820
473
633
828
396
873
603
472
632
551
390
813
763
741
488
212
366
345
378
332
545
845
991
553
627
534
311
71
347
258
542
590
270
63
674
3
36
474
168
422
796
320
937
753
669
579
377
197
151
92
126
975
948
71
920
383
934
33
790
567
505
532
554
626
388
12
479
318
948
101
303
201
332
456
803
453
440
556
695
875
714
574
552
171
730
581
238
286
872
450
697
339
884
890
246
625
501
