636
137
315
277
795
938
325
328
879
110
701
690
743
607
330
874
839
669
470
908
957
246
823
289
171
892
74
907
379
119
877
906
38
544
907
546
918
806
193
264
36
929
504
358
735
521
59
995
54
794
383
794
34
735
396
320
143
644
793
729
361
578
806
283
258
667
502
468
189
688
558
609
731
643
772
822
718
659
487
234
143
312
61
224
15
711
386
629
458
780
342
52
206
204
843
890
776
586
37
641
213
390
641
968
832
217
729
181
673
259
869
190
679
529
813
282
756
498
762
834
941
596
893
623
824
254
768
945
471
367
253
986
49
878
209
240
758
833
55
413
43
953
547
932
367
932
354
820
415
779
222
63
120
659
452
280
89
927
886
347
380
529
344
689
952
334
843
958
823
276
308
863
62
410
702
983
751
348
925
158
434
43
356
499
410
343
924
767
379
504
158
444
56
544
496
502
776
417
71
515
602
280
633
842
315
392
841
11
479
64
117
617
707
187
405
185
480
442
464
667
188
38
737
524
273
918
264
544
454
531
377
193
93
437
618
206
916
289
916
737
691
184
701
750
895
353
410
959
395
569
338
125
177
34
705
895
941
132
642
127
300
411
884
719
891
858
887
672
666
21
2
339
988
492
34
82
324
946
655
567
455
265
687
181
317
785
710
803
831
905
21
226
478
411
850
483
82
583
431
879
993
982
954
154
801
174
867
776
708
142
482
826
789
692
328
480
222
427
135
879
510
256
677
78
609
450
411
457
267
368
484
844
408
483
309
754
441
305
571
182
