533
343
838
960
626
890
822
344
237
644
631
75
628
583
515
724
555
327
260
499
296
651
99
59
538
2
170
19
340
677
691
836
535
462
606
439
906
307
303
151
491
172
617
825
741
156
905
741
385
494
369
247
941
970
264
333
955
334
980
981
730
827
869
540
648
795
599
113
53
461
961
253
920
682
524
667
817
99
819
470
980
485
722
218
64
173
894
865
285
731
607
220
320
874
846
375
166
827
419
710
5
712
925
920
40
758
632
77
517
380
426
789
569
369
511
30
656
316
36
996
656
770
299
142
423
827
343
176
225
611
220
503
182
87
636
858
748
382
466
730
154
577
972
82
719
789
963
405
172
879
926
844
5
275
422
452
52
167
607
675
518
884
770
729
153
351
347
560
857
782
446
5
687
183
885
717
354
386
207
914
523
427
849
536
764
820
18
991
938
496
146
671
633
935
859
170
815
135
402
352
628
132
668
85
797
291
490
757
413
218
973
946
878
936
761
954
724
40
96
181
175
343
580
16
937
339
717
939
756
850
248
595
236
336
728
722
917
853
38
949
665
795
725
657
716
722
540
507
179
168
94
762
208
410
445
418
147
401
131
948
194
740
759
518
914
508
255
152
258
113
405
76
446
8
847
138
836
448
78
925
204
58
737
741
791
672
446
644
447
885
978
454
236
286
626
453
31
772
707
706
209
676
851
628
850
466
590
824
466
248
481
392
424
946
979
921
766
950
264
403
332
592
93
848
91
526
655
445
759
405
32
837
789
657
811
699
302
503
388
819
475
209
912
763
28
263
869
86
590
832
712
591
922
440
860
264
661
934
8
98
119
534
979
483
383
218
882
124
114
883
414
70
169
296
848
113
177
834
48
904
857
73
218
921
314
795
793
391
109
572
435
461
79
80
733
325
629
553
655
53
59
972
371
335
979
858
384
816
207
807
431
679
567
861
295
298
87
570
385
320
632
809
304
636
492
898
484
608
282
812
790
203
304
995
923
490
778
898
86
416
589
387
575
443
925
908
640
370
884
972
884
672
901
763
292
866
745
559
681
882
600
529
765
999
668
169
329
516
19
923
229
179
351
598
634
768
968
712
54
669
722
967
708
227
259
69
614
643
962
134
672
588
269
937
409
169
773
772
622
234
916
90
149
692
986
915
27
432
653
243
676
62
186
921
928
503
336
27
206
885
250
241
236
240
281
985
283
98
212
661
526
711
534
527
69
870
253
112
967
722
913
530
901
37
383
262
375
81
842
553
668
9
997
696
814
480
467
741
524
839
