981
703
236
570
456
523
356
394
105
332
408
534
439
530
412
204
747
437
581
41
273
650
930
408
465
155
857
689
40
26
19
103
996
239
716
34
392
1000
478
457
716
912
771
901
568
926
272
740
802
489
324
155
839
745
385
695
763
104
99
427
635
79
453
373
649
238
324
635
738
673
461
817
922
539
302
196
363
109
436
679
417
87
298
748
936
974
578
263
955
965
113
262
960
958
905
34
476
840
151
266
526
998
578
414
649
21
630
198
485
6
476
354
871
283
29
199
602
297
801
480
941
433
619
108
164
826
971
881
170
865
408
415
323
216
863
218
566
731
456
744
655
621
243
481
898
88
803
775
801
117
436
83
178
687
855
396
913
573
264
553
854
313
437
371
425
91
757
157
88
189
495
809
961
327
849
590
748
935
162
293
741
662
619
301
687
220
955
657
76
774
537
345
990
552
689
558
633
207
696
451
341
28
599
371
318
264
299
891
386
677
493
582
355
690
855
210
901
642
782
453
604
159
58
929
82
157
366
439
402
196
368
29
854
44
182
675
152
696
489
576
229
493
156
273
537
275
357
751
339
875
666
607
759
224
910
236
720
931
61
222
42
350
128
801
38
721
807
119
112
790
623
550
220
541
123
95
83
367
214
602
470
562
423
189
892
695
320
150
391
31
27
194
1000
607
410
837
120
141
144
378
949
717
118
242
783
803
103
292
772
427
