971
631
995
226
310
400
667
288
590
810
813
196
110
562
430
895
899
221
820
915
592
594
132
998
445
143
359
767
945
345
145
919
356
436
528
731
226
108
892
863
57
130
827
996
197
239
180
402
656
851
323
521
973
793
747
153
532
365
534
363
733
349
76
527
937
117
954
653
813
231
616
164
706
811
509
785
726
232
32
893
270
638
351
410
188
552
445
363
423
863
406
260
377
21
667
291
757
299
836
809
258
672
230
838
571
402
673
748
258
462
372
750
68
648
497
935
26
752
76
376
91
256
856
684
329
209
518
450
492
828
350
553
132
106
669
818
899
400
730
808
711
854
756
635
640
319
370
446
982
799
237
768
401
923
61
845
64
304
503
475
531
423
284
743
767
936
518
150
194
528
571
188
512
49
968
30
233
839
404
644
342
784
188
95
724
339
85
442
40
877
