751
214
761
400
207
220
398
615
584
998
694
383
939
456
918
552
320
515
887
237
571
718
580
391
994
657
463
391
75
494
140
795
417
93
564
736
630
907
398
468
470
481
232
976
339
312
699
147
71
605
44
518
594
228
668
793
896
783
238
403
609
528
92
135
155
700
201
937
519
33
996
555
64
649
564
677
581
881
580
61
253
438
673
923
58
857
161
445
688
330
308
4
365
566
112
327
141
984
121
68
651
763
731
535
696
6
287
689
187
144
576
786
106
430
544
205
620
82
969
299
109
624
974
337
325
168
107
839
203
255
658
987
222
233
151
377
637
127
6
317
490
629
242
940
570
406
310
176
296
108
950
696
6
186
484
365
490
727
544
288
453
30
220
936
263
535
654
108
389
645
970
473
930
355
695
925
357
815
243
84
763
568
570
136
919
68
465
708
11
101
399
772
57
759
359
63
739
435
177
15
775
265
863
382
440
739
14
174
953
161
617
537
205
34
506
93
645
106
322
749
489
573
124
155
653
959
963
467
20
746
159
683
671
114
272
837
695
491
585
979
802
496
594
179
401
875
306
788
679
397
646
595
486
489
92
719
802
636
345
527
610
646
401
566
135
437
909
27
778
662
357
514
947
794
315
375
855
738
420
317
980
427
193
398
297
419
70
851
193
230
476
211
393
400
226
137
26
552
365
56
982
591
650
114
695
191
159
292
436
56
616
447
881
366
980
183
430
662
605
79
958
367
913
295
848
983
786
386
470
824
575
220
761
622
672
316
265
777
231
698
397
387
920
586
226
905
35
250
99
255
904
199
899
811
635
939
615
526
273
646
530
647
977
303
524
635
977
144
424
76
984
18
826
446
884
298
327
765
40
693
335
914
653
870
171
981
58
258
655
957
101
720
596
118
639
950
423
381
855
239
359
41
121
462
982
883
851
277
264
352
578
637
248
508
320
731
992
501
647
882
981
660
747
777
171
112
458
712
796
97
585
906
202
659
660
11
619
618
74
248
449
709
561
59
42
315
643
678
217
520
