155
319
898
584
681
484
61
121
280
74
338
328
229
519
508
865
244
173
507
3
17
325
718
44
218
951
400
309
81
633
886
617
42
857
489
844
880
555
702
654
269
906
59
577
19
632
716
345
290
391
458
482
186
162
785
757
85
80
905
553
787
494
800
914
331
566
322
10
15
340
737
841
246
396
278
65
449
6
73
896
609
30
461
225
505
947
696
373
45
808
687
836
425
445
983
246
974
502
749
235
186
137
417
6
643
47
241
400
761
943
971
667
838
447
707
322
689
55
328
623
800
459
478
997
352
219
44
123
133
253
149
52
42
853
943
327
272
115
143
76
994
833
26
160
652
641
624
254
705
707
83
627
344
612
267
85
759
342
345
375
467
379
785
559
324
664
675
783
706
26
274
610
291
64
512
344
151
320
600
52
220
511
86
129
571
670
34
841
660
883
784
54
321
6
512
519
286
567
632
204
773
799
990
844
597
206
504
453
301
94
44
692
666
28
363
653
732
918
684
561
383
308
813
285
514
639
375
961
294
814
523
983
10
885
160
630
300
612
336
270
508
486
286
883
816
760
16
401
381
342
337
377
153
881
642
698
729
976
89
508
457
442
971
518
471
920
83
381
381
79
214
320
274
491
285
514
263
516
562
964
289
988
20
846
965
82
452
859
277
406
343
433
953
131
499
762
786
890
162
109
119
939
821
239
530
861
370
785
745
113
62
785
22
127
867
770
161
470
794
770
218
546
775
533
864
515
610
740
240
448
685
381
681
761
162
888
907
842
163
185
636
57
171
533
710
13
556
938
101
869
221
935
760
357
96
174
726
371
36
970
599
610
874
646
360
527
362
157
407
107
899
415
485
324
169
686
378
54
475
585
172
492
368
933
520
385
110
539
425
273
705
347
405
721
713
203
183
819
689
448
