675
721
145
768
84
738
838
947
297
698
47
606
302
480
745
316
154
736
989
847
744
848
185
877
498
288
114
895
422
447
960
704
625
632
621
198
763
283
119
998
520
486
480
448
507
853
864
853
800
288
316
269
75
501
145
946
817
541
665
317
312
350
668
536
368
853
19
482
71
832
769
657
556
712
554
397
871
849
48
614
791
284
823
137
582
642
577
645
910
80
599
686
588
848
148
459
600
63
626
352
914
734
388
273
456
142
726
402
302
337
210
900
807
782
443
581
133
94
966
799
495
457
22
337
16
814
611
946
301
963
297
176
529
6
439
273
858
416
763
496
853
684
505
312
764
780
82
961
753
115
370
363
773
453
286
510
104
148
732
347
482
914
328
697
235
807
764
318
135
336
796
61
163
422
133
689
871
428
954
518
129
741
635
436
276
393
1000
828
59
638
175
536
293
514
504
258
433
16
97
860
525
224
462
60
637
974
40
295
451
219
105
928
722
497
452
39
471
97
840
100
341
652
448
704
404
109
196
415
30
918
665
378
873
328
569
10
102
683
567
401
2
972
541
800
752
636
100
148
354
936
475
661
723
166
551
51
882
84
260
254
809
876
586
403
650
695
128
472
274
680
