740
789
122
644
153
581
66
558
873
989
262
544
125
202
151
733
872
355
380
729
54
799
418
90
406
340
726
354
670
919
559
675
508
294
858
180
752
784
823
851
323
145
197
44
362
475
89
210
62
562
507
472
538
499
590
279
104
307
178
530
675
611
112
727
782
177
727
921
622
894
305
502
904
341
84
779
67
165
655
512
379
704
610
311
503
270
169
870
411
67
483
429
404
592
723
996
45
688
755
891
548
262
533
6
894
854
132
884
353
470
929
391
875
339
696
88
602
385
557
253
669
962
404
430
161
685
816
133
89
287
692
982
559
674
610
324
60
59
132
153
539
192
790
269
867
767
602
909
771
776
135
753
663
912
523
746
108
624
658
594
826
369
123
119
955
28
647
728
382
158
381
918
19
841
675
336
349
926
520
56
648
177
751
83
12
918
514
670
444
844
807
673
597
729
10
541
751
219
87
999
556
752
544
935
48
972
548
207
5
571
336
645
786
75
217
587
485
776
101
656
