399
537
612
548
397
63
567
198
741
236
702
254
438
676
397
578
830
454
875
538
980
218
48
691
254
489
337
780
537
539
986
697
921
485
449
47
432
544
66
81
44
401
246
676
252
390
717
507
734
144
126
790
843
85
424
598
701
171
647
569
598
837
443
210
630
99
944
693
682
672
515
431
631
297
65
370
9
241
703
772
874
202
668
738
248
621
266
360
531
846
105
964
688
7
633
178
369
968
388
252
505
755
816
64
931
35
25
230
996
267
99
87
34
740
220
347
809
912
604
900
235
255
633
938
353
990
116
536
928
120
721
350
154
576
244
390
784
373
46
465
36
620
188
572
519
888
476
135
838
390
574
388
82
341
607
733
238
512
771
995
349
916
590
798
40
135
843
598
350
599
236
670
707
982
178
374
661
752
3
280
296
539
83
166
252
572
830
850
435
908
569
999
686
645
923
404
640
663
826
421
701
417
779
284
650
816
434
434
420
367
741
16
403
158
41
946
989
139
65
881
838
50
232
75
785
781
958
662
632
924
169
609
817
444
512
196
321
15
543
952
295
955
524
638
339
918
855
467
175
704
947
513
424
54
636
672
217
535
634
907
174
216
562
210
28
531
198
83
754
624
392
254
708
575
578
559
459
496
435
72
501
93
175
208
58
506
8
699
929
276
421
544
321
551
239
395
774
434
441
970
243
60
813
542
823
769
198
382
709
633
447
589
973
137
507
669
330
982
489
598
432
412
563
742
594
669
897
265
222
767
297
859
926
265
836
530
621
194
552
164
102
730
493
868
13
239
586
333
965
779
91
479
160
167
214
543
479
423
152
974
310
958
81
180
958
112
890
682
845
637
44
367
575
48
651
841
728
877
213
285
813
328
641
404
593
957
93
610
125
353
119
121
373
498
726
63
725
690
595
604
485
663
237
622
65
677
966
779
124
935
283
499
563
989
119
857
717
977
529
596
878
268
439
338
459
425
232
988
33
211
434
53
822
119
902
170
216
266
439
245
913
440
659
360
657
15
340
703
788
200
175
912
532
396
83
798
807
201
200
533
121
305
576
281
358
771
162
466
27
476
848
913
50
808
93
855
151
394
524
371
426
228
237
164
130
409
431
723
279
528
469
838
998
804
644
233
299
603
571
962
576
839
140
960
531
648
122
465
158
680
204
814
892
890
369
212
676
913
833
776
244
400
455
330
70
329
263
80
329
441
679
749
968
931
968
513
107
399
142
856
562
975
925
421
510
852
994
30
10
132
13
2
290
523
77
585
498
329
194
341
635
448
628
91
55
495
509
235
272
17
27
463
267
797
618
97
144
550
426
916
559
21
532
962
616
793
188
403
906
395
999
551
232
202
12
924
908
440
546
832
162
837
592
810
839
141
331
491
534
92
150
46
918
332
763
837
77
384
787
805
904
703
986
892
865
803
655
764
798
604
84
568
204
194
464
79
395
268
650
680
708
149
424
601
227
363
400
991
11
689
965
957
63
906
426
801
15
126
844
807
547
403
812
713
469
566
150
758
667
519
466
894
734
511
357
617
279
734
929
785
634
106
544
59
39
889
643
809
5
747
554
210
687
134
828
772
967
456
793
137
894
88
795
16
936
893
151
952
598
792
345
530
662
619
62
887
473
432
828
855
678
734
876
147
1
807
255
204
514
291
443
646
118
453
17
354
613
186
850
930
782
151
117
182
330
216
169
832
710
797
876
82
521
709
250
59
619
852
383
250
515
560
607
911
358
528
607
868
850
507
803
147
721
13
655
749
639
796
420
825
833
250
137
304
480
829
7
720
152
697
495
674
644
123
287
603
844
242
722
780
164
70
315
351
768
883
867
448
840
623
179
217
129
684
662
544
414
53
29
291
797
288
834
527
983
662
536
82
614
912
532
749
763
606
757
298
264
44
499
998
137
632
615
572
578
882
881
290
673
67
687
267
437
358
271
702
937
616
215
122
985
479
991
574
881
336
265
730
399
176
699
751
279
947
907
552
435
894
329
305
433
832
791
25
511
497
965
871
660
269
965
400
112
410
149
143
969
426
722
399
552
467
707
960
786
500
508
954
757
33
873
637
906
156
885
480
778
444
442
104
431
126
860
335
716
855
601
843
525
365
230
317
552
274
199
458
52
916
227
447
