862
320
667
45
198
464
559
260
240
225
475
292
189
507
305
920
701
266
876
340
623
604
777
806
610
980
361
104
412
94
930
733
911
275
491
844
355
931
535
20
546
454
171
205
529
316
654
615
384
188
221
875
637
399
831
857
759
783
57
831
560
820
169
735
871
697
355
44
902
394
385
400
972
711
393
569
602
212
870
54
261
580
601
226
718
212
57
417
180
617
923
716
293
315
316
748
572
565
153
817
927
834
368
236
253
300
964
183
250
115
152
944
126
932
412
346
462
551
153
180
881
34
569
464
532
850
475
379
86
556
317
173
637
313
638
938
137
216
992
368
909
647
277
436
758
335
784
874
827
884
910
907
744
351
512
207
88
258
462
322
78
616
879
129
516
59
368
801
23
174
426
751
398
502
706
806
421
871
323
914
431
890
797
750
472
863
51
918
147
803
233
760
598
108
636
894
407
435
434
578
909
712
393
735
647
206
844
296
660
206
192
116
632
851
188
210
707
987
802
997
68
590
207
531
986
754
620
932
638
960
29
89
32
553
499
892
284
79
188
248
497
3
666
89
650
739
121
639
221
43
610
293
67
719
123
129
335
18
774
869
11
313
709
456
934
85
94
447
94
202
574
761
429
180
782
156
86
996
796
910
207
995
486
432
578
71
120
814
903
690
240
477
929
723
158
164
228
85
608
386
825
381
486
419
530
554
997
230
512
695
882
59
611
711
211
105
158
950
263
941
871
58
403
560
42
143
988
600
451
154
726
565
204
230
790
741
444
704
4
354
322
862
831
642
565
152
783
780
903
536
38
961
8
498
478
659
599
178
420
157
