691
627
792
248
779
960
927
230
257
11
173
353
256
905
622
836
176
280
155
692
533
548
168
794
703
974
188
769
211
906
122
552
15
775
450
600
979
454
236
764
315
517
484
911
652
251
145
795
573
440
307
707
722
560
117
207
830
847
727
529
372
954
790
974
967
948
474
358
527
87
660
726
838
26
249
595
681
246
376
207
491
902
108
37
31
208
758
279
413
934
867
87
183
516
26
896
163
484
566
718
464
34
913
642
292
671
160
59
758
281
561
924
645
334
663
14
878
473
520
936
423
400
384
942
495
811
890
72
972
946
328
873
996
263
105
216
877
894
68
456
821
359
905
986
337
185
687
461
395
358
676
925
216
102
278
741
424
976
208
387
738
540
690
489
302
90
679
503
789
431
313
436
566
347
593
704
618
580
17
564
895
459
831
146
189
410
24
856
229
356
316
98
23
629
785
737
829
815
130
189
250
447
51
249
269
162
245
899
3
137
407
18
495
185
85
982
473
676
989
541
258
160
121
436
21
157
708
847
108
976
689
563
139
402
847
838
310
884
985
768
537
489
828
348
447
862
510
673
274
689
247
365
487
9
344
238
563
814
601
264
922
677
305
706
397
573
223
905
108
904
287
147
778
927
467
709
372
549
628
586
145
557
402
201
861
877
820
165
340
261
542
658
694
731
683
742
454
786
364
289
929
827
128
848
916
832
177
249
286
407
321
398
916
498
355
653
652
792
635
896
57
853
45
97
415
34
174
553
884
428
36
556
275
557
237
602
521
215
691
157
302
563
460
673
118
519
225
816
425
780
429
533
821
530
726
430
115
130
958
63
481
344
283
847
291
670
336
975
61
254
409
386
704
129
91
827
507
34
626
935
115
653
655
979
932
516
855
192
433
699
106
871
972
392
580
85
735
365
727
402
145
301
258
976
562
172
463
983
38
146
361
301
409
153
272
900
138
368
454
545
511
245
88
744
102
532
304
41
782
15
513
32
875
137
387
296
219
101
197
689
627
637
361
690
385
152
832
720
878
536
118
372
116
427
323
641
336
761
729
926
87
938
525
244
219
758
832
214
200
524
991
443
901
782
397
551
805
136
416
390
317
432
313
792
322
72
63
264
769
687
