818
983
635
435
408
706
107
642
979
968
796
351
403
876
7
140
820
701
847
102
519
830
950
696
287
760
155
581
116
756
106
392
528
126
819
158
153
754
669
457
673
954
824
595
643
594
962
442
204
769
539
655
200
796
911
214
767
434
459
518
922
802
56
489
522
607
909
205
136
558
853
328
342
375
311
368
733
393
435
625
977
929
594
693
389
593
485
455
751
26
347
595
122
902
702
472
261
415
100
303
888
647
431
510
280
670
564
365
816
555
178
763
537
44
182
587
842
128
274
715
549
151
835
446
489
811
310
697
916
317
966
619
308
783
874
144
255
364
226
772
825
163
557
188
336
271
458
588
586
68
57
87
687
513
860
394
741
805
319
930
822
873
525
88
823
328
617
709
124
852
593
592
983
969
318
802
637
304
103
637
298
637
36
773
316
880
533
427
218
169
108
198
943
963
992
816
940
208
688
597
441
620
154
903
932
633
40
857
617
560
674
982
462
6
173
598
661
645
675
54
897
922
791
228
704
120
907
868
994
658
759
304
43
744
435
694
243
671
6
278
376
194
772
964
419
950
371
625
329
866
241
387
950
125
471
442
908
799
452
48
213
412
828
625
384
91
558
905
765
25
874
322
580
978
966
155
568
585
439
113
891
85
224
899
392
878
262
972
991
771
648
934
64
162
924
935
881
986
416
900
213
265
538
506
796
541
8
521
619
457
832
619
825
431
529
334
233
277
589
558
549
142
376
4
571
887
964
637
747
334
509
811
173
869
629
574
692
882
994
166
242
383
511
636
262
951
528
601
290
17
982
443
329
349
355
518
695
723
62
994
911
885
802
752
411
380
691
380
237
487
758
594
388
143
84
470
591
178
177
692
19
732
273
193
819
821
417
63
775
177
236
243
785
240
208
467
514
945
522
743
993
711
173
393
440
397
952
542
687
354
483
483
251
885
822
935
185
472
326
346
47
875
645
142
295
260
696
541
997
110
126
927
392
986
921
630
822
873
879
766
816
492
525
201
620
101
665
452
512
430
972
688
663
19
136
647
485
637
181
342
497
84
185
299
149
627
771
617
115
801
685
248
104
120
760
173
782
747
239
663
798
686
829
682
837
256
174
373
277
880
457
951
65
24
450
794
391
447
75
99
857
920
950
75
582
713
27
920
296
907
559
720
72
348
60
343
108
962
64
929
363
757
189
31
19
865
352
867
964
728
963
747
228
328
159
506
682
627
725
230
974
286
223
821
95
213
706
389
882
930
785
604
933
879
387
981
773
72
535
384
676
633
991
825
670
48
856
535
248
136
198
354
321
782
634
157
603
152
100
346
765
517
743
663
313
165
69
963
460
981
297
36
623
372
799
313
147
326
624
953
281
801
714
331
391
258
370
960
628
678
445
480
619
168
123
852
845
491
954
3
246
583
434
423
520
192
991
360
812
926
250
258
22
657
379
193
484
769
686
832
181
82
545
518
66
164
193
577
3
395
472
83
485
118
663
688
708
872
714
47
292
896
825
268
617
30
752
922
412
994
95
643
261
319
680
404
627
428
970
496
701
269
928
346
38
426
982
397
733
257
716
953
94
618
954
706
46
869
740
734
439
500
296
808
982
444
159
617
249
144
652
640
241
76
363
458
557
344
558
623
795
605
516
794
328
478
897
222
749
120
132
848
520
929
986
619
844
336
278
687
135
888
578
561
982
116
399
615
30
448
301
576
917
89
136
397
634
870
814
359
12
72
483
748
413
890
418
910
73
445
782
584
238
995
612
243
509
303
970
807
819
791
663
737
238
704
502
784
809
446
83
859
597
56
877
671
679
125
769
664
778
912
166
656
320
116
789
445
490
411
958
559
729
874
554
329
644
225
361
399
54
575
789
153
471
171
251
71
821
33
