991
242
917
807
593
544
826
76
848
678
876
998
861
7
789
495
844
527
954
551
135
844
568
23
95
970
700
374
683
345
919
520
16
188
757
574
310
443
786
933
537
829
40
845
52
603
946
17
765
750
942
436
887
123
851
12
632
304
851
818
992
743
403
787
244
206
572
129
108
930
818
170
993
192
759
2
887
785
960
608
506
990
559
991
34
455
113
555
960
912
354
962
616
546
727
330
810
375
378
641
874
742
80
927
638
797
170
232
57
601
198
292
638
884
54
506
988
576
611
41
110
455
209
359
369
615
121
614
693
54
566
365
533
929
230
713
710
437
13
651
83
780
295
913
228
856
975
151
484
137
896
466
660
596
596
559
757
833
311
780
901
124
894
345
143
545
873
92
422
517
787
959
743
694
457
294
335
290
517
917
695
971
356
494
153
587
795
365
625
315
970
548
978
905
286
829
154
447
381
621
914
632
87
742
683
130
448
403
605
829
48
997
842
282
253
776
489
649
79
219
24
999
447
217
920
819
864
191
114
744
247
348
983
493
964
548
855
456
666
555
900
795
537
86
260
227
493
308
804
443
809
541
600
814
782
771
308
818
233
593
361
347
536
540
327
582
713
930
111
505
148
164
988
956
672
264
502
685
446
635
513
541
920
544
199
564
315
969
862
342
377
819
827
325
357
339
78
513
94
427
532
395
658
37
516
793
154
239
561
476
533
441
312
780
383
343
796
176
485
589
175
529
561
357
520
603
325
595
473
629
397
233
112
884
75
722
353
371
678
375
832
848
893
721
587
357
870
773
139
566
420
769
21
478
822
490
267
313
240
564
104
967
59
290
781
67
493
478
413
542
963
693
925
300
582
806
559
647
124
141
34
406
414
859
913
210
130
876
141
999
803
224
511
348
259
672
313
568
986
79
774
343
162
827
16
81
846
392
2
71
26
346
152
842
656
563
947
401
889
947
689
721
456
892
284
681
312
165
922
585
44
708
75
479
515
216
357
841
413
973
226
993
196
38
59
146
778
561
819
774
253
757
491
572
406
446
210
10
799
721
125
525
608
989
671
598
597
307
75
957
668
45
227
778
644
318
630
800
420
763
808
444
573
534
690
149
192
907
859
493
22
251
136
445
983
635
176
392
158
120
122
823
394
236
462
970
365
600
944
348
392
552
690
274
790
576
924
325
628
418
272
820
678
85
367
559
750
535
702
386
224
360
528
217
682
38
264
363
715
771
73
770
115
795
773
713
221
863
536
195
729
494
162
610
506
297
337
799
410
972
477
115
573
722
968
610
668
894
543
142
354
535
853
563
422
976
76
934
641
237
292
6
675
456
284
351
991
965
768
107
305
259
519
498
59
650
417
392
777
257
3
490
448
736
574
523
911
907
820
125
619
261
493
195
384
424
236
708
434
672
195
274
672
348
916
461
856
587
224
806
641
700
458
104
63
548
869
897
531
394
316
415
600
223
619
533
533
71
149
928
250
709
509
978
155
393
495
429
429
263
699
404
414
426
794
669
960
186
646
840
949
678
325
872
455
23
929
413
308
944
386
845
672
935
105
803
903
254
532
388
863
79
756
681
963
1
823
452
224
992
577
131
938
896
121
246
778
596
914
632
