608
903
567
895
929
950
228
745
271
567
703
679
214
840
495
591
692
69
57
107
79
160
125
229
538
151
200
88
817
351
680
806
396
329
385
721
57
883
582
839
796
33
170
278
177
102
320
905
928
930
361
142
484
387
400
173
812
138
615
59
722
330
593
558
636
303
597
186
233
762
972
782
772
567
752
959
941
211
398
192
259
312
997
958
649
155
316
240
243
290
106
845
861
428
383
597
378
26
37
77
440
483
259
818
581
173
428
921
525
760
474
915
828
336
262
313
298
127
792
197
44
353
653
479
306
25
511
821
576
204
31
368
843
644
403
126
673
134
437
573
15
979
761
895
554
899
953
565
2
140
836
456
638
145
38
553
5
447
244
387
603
167
449
43
35
718
1
831
185
236
347
748
14
235
484
484
32
668
749
297
310
190
709
898
376
972
989
211
696
818
792
509
884
926
187
433
415
252
145
9
366
136
174
514
385
723
633
978
250
53
983
433
28
10
617
302
754
318
366
865
815
136
470
179
671
380
159
97
342
951
354
91
345
676
355
139
551
892
443
54
457
243
407
576
347
866
879
91
354
510
78
735
927
357
50
120
907
315
470
121
85
783
724
526
611
643
419
620
835
974
523
299
493
878
474
100
224
457
908
702
535
303
233
885
543
199
154
474
774
767
727
990
833
385
452
15
950
835
329
368
164
783
529
666
834
361
256
670
344
824
584
898
187
755
401
630
966
317
617
302
359
696
100
353
833
373
898
439
452
224
169
774
207
381
658
348
79
412
491
907
633
219
508
810
788
188
449
438
357
201
741
414
455
334
1
296
672
249
612
215
146
700
582
710
127
777
439
769
903
360
427
142
339
624
573
397
26
403
907
782
240
634
309
432
481
213
849
361
133
328
282
406
423
415
462
131
461
91
885
317
508
939
184
830
939
343
656
120
293
742
783
595
257
45
592
628
71
51
535
910
146
689
330
87
893
838
347
603
288
406
822
161
691
105
34
680
930
571
192
914
281
990
998
247
549
881
392
404
531
823
432
527
193
33
565
847
842
331
776
355
413
581
760
38
187
906
615
302
64
738
933
771
798
596
290
803
116
318
718
983
499
835
116
755
516
434
956
498
68
911
347
31
509
782
791
808
157
685
928
726
846
323
266
19
156
649
980
124
13
747
549
12
697
584
211
405
226
359
515
969
865
945
388
292
609
986
283
372
288
548
970
948
370
372
366
995
958
698
780
129
515
778
141
9
63
261
244
481
243
78
63
451
692
496
810
881
571
434
570
518
465
128
163
609
769
156
901
502
702
966
576
910
322
58
890
72
972
608
745
514
22
948
343
96
511
571
200
635
6
485
929
500
515
539
300
329
978
139
512
210
897
766
762
227
481
715
154
524
602
677
482
960
61
859
780
292
999
781
734
63
101
256
796
233
690
157
77
591
201
614
350
583
77
228
713
473
529
463
151
935
461
8
460
606
413
595
340
746
680
465
556
602
389
251
892
697
24
791
200
768
600
109
683
277
681
517
750
339
323
118
