904
846
372
759
411
867
522
650
661
88
869
657
962
698
747
700
762
977
3
572
185
291
745
192
523
901
590
464
946
61
449
320
704
821
822
703
456
710
52
352
301
363
812
778
145
831
455
213
237
738
426
937
946
189
539
290
583
854
275
447
148
552
164
373
887
483
629
113
969
570
456
319
435
61
503
133
288
648
895
175
134
66
166
327
788
161
590
808
960
52
190
26
755
527
486
409
999
625
200
807
857
204
49
772
726
497
966
571
904
8
624
271
846
923
427
949
769
247
723
900
822
147
724
166
311
171
573
343
294
149
980
906
117
182
306
389
448
994
637
435
98
254
207
951
824
837
887
898
929
905
395
147
6
562
863
717
770
807
314
651
363
665
844
54
745
703
838
153
473
591
849
903
334
930
871
590
265
526
489
799
955
763
865
258
448
578
333
364
567
554
712
103
865
95
188
501
442
493
402
883
157
142
789
199
594
13
39
700
242
533
466
745
404
126
743
379
294
249
308
397
808
157
638
995
742
905
936
399
382
988
808
13
815
549
962
70
405
122
605
408
194
46
713
716
45
608
392
458
384
338
60
989
461
729
827
916
442
965
38
147
106
777
285
756
158
68
129
660
981
936
764
326
40
602
252
655
501
708
863
768
7
491
954
563
838
793
700
189
717
816
368
500
166
333
404
307
701
326
910
256
547
507
159
130
203
729
55
373
33
824
194
245
198
120
497
501
439
806
797
493
41
282
898
715
762
284
702
519
214
104
211
436
481
717
134
169
321
978
906
694
522
855
545
294
599
857
855
758
55
752
831
163
31
235
452
185
274
587
228
685
237
792
158
380
340
802
802
423
808
600
786
851
698
401
321
186
169
693
248
445
786
700
701
218
423
627
666
957
800
587
485
548
925
789
262
447
443
329
930
715
226
524
396
852
589
628
553
509
768
889
662
700
619
43
930
111
17
651
888
725
159
967
487
359
750
955
204
485
815
180
268
935
229
225
196
892
715
633
223
481
535
914
320
357
937
577
820
511
986
554
973
619
849
373
725
652
474
521
839
970
303
335
321
670
560
982
225
132
470
838
431
671
241
594
805
467
563
276
1
6
839
727
86
349
114
14
119
198
134
770
439
27
153
640
692
167
933
487
375
180
264
486
360
745
650
82
994
63
283
704
302
729
987
880
619
844
320
890
801
853
480
167
39
611
221
106
882
308
579
904
1000
254
16
874
952
194
18
403
901
860
586
991
75
568
99
979
86
36
89
62
436
526
408
765
803
248
300
956
240
153
572
938
410
872
367
185
835
567
854
274
