66
930
493
350
852
124
682
618
368
625
89
987
555
624
903
255
636
769
41
21
934
388
116
743
70
135
187
939
241
501
718
103
522
44
934
131
483
358
69
41
406
729
318
337
172
890
66
931
823
284
534
487
474
227
445
527
373
750
340
81
327
187
316
603
82
242
147
285
458
743
817
52
221
380
612
212
726
748
822
353
55
607
475
317
542
982
670
780
302
282
267
66
469
106
883
853
648
196
239
729
675
370
296
717
214
229
760
176
638
326
52
363
522
757
217
440
236
910
86
237
88
207
213
557
881
599
104
632
122
189
571
995
220
860
682
421
46
99
380
1
899
674
9
369
319
228
511
267
151
515
372
734
541
741
700
906
886
906
62
320
729
554
81
442
847
496
602
104
559
781
626
990
74
493
842
172
675
843
979
944
781
460
727
414
187
955
155
881
431
985
886
898
141
768
582
298
155
812
869
490
933
95
718
738
671
753
860
69
279
425
400
108
564
469
667
768
33
460
523
702
509
522
339
684
311
770
52
873
781
851
578
787
309
404
869
529
28
616
613
929
368
817
580
840
776
783
335
158
171
553
672
189
780
197
43
844
107
729
180
529
407
644
230
323
349
205
449
117
856
177
708
860
794
804
109
671
205
910
264
151
634
956
972
164
404
48
751
607
556
493
638
280
579
983
535
135
895
276
851
41
719
628
470
489
422
434
591
270
918
668
409
571
628
507
709
21
545
879
699
553
734
194
819
507
664
946
619
610
180
856
729
924
55
244
980
591
102
307
566
241
8
695
862
534
340
407
463
916
85
846
664
689
873
20
917
725
352
738
702
975
918
953
277
579
947
345
848
107
980
759
808
1
305
131
813
429
20
917
645
809
389
375
371
802
58
409
903
990
559
350
897
338
110
753
325
191
857
161
798
938
105
365
932
440
736
588
746
626
57
595
465
643
501
166
2
359
942
441
279
937
398
550
374
29
512
601
126
387
255
516
769
837
669
351
4
458
931
129
840
825
591
24
752
494
599
497
448
944
20
755
249
685
914
215
606
571
628
851
904
999
141
115
370
807
602
548
666
252
20
138
491
462
370
615
940
904
641
292
800
330
290
269
116
395
427
105
186
583
43
901
471
498
258
203
704
946
815
930
407
485
636
276
428
74
697
888
573
970
665
695
48
917
268
568
996
841
2
44
419
520
577
744
697
980
214
126
81
379
38
183
341
895
161
960
342
896
249
86
156
165
111
581
910
15
562
654
512
656
819
342
754
774
805
902
307
693
784
342
81
619
917
315
268
722
539
153
306
150
489
731
769
703
148
456
701
187
905
961
734
885
612
759
125
157
868
410
629
777
395
722
168
790
953
591
124
41
942
902
804
125
446
585
876
222
667
510
237
106
958
639
961
225
592
36
679
604
275
238
485
606
996
797
542
621
357
557
491
413
485
71
21
299
801
587
912
349
201
827
126
598
489
608
554
670
546
814
343
974
205
459
535
626
104
911
707
220
835
877
305
110
600
167
477
743
935
517
389
828
966
684
116
767
467
953
494
80
157
932
325
393
447
100
933
857
831
257
260
295
528
448
13
625
422
388
319
559
609
336
427
659
860
766
284
658
630
757
707
170
154
789
247
796
867
380
242
598
254
922
398
771
499
341
130
770
556
956
908
597
795
727
572
581
656
192
511
191
278
639
871
134
612
469
84
256
204
431
142
63
501
430
676
56
720
380
425
57
868
398
804
653
