927
217
173
261
427
109
946
580
729
157
715
398
933
945
416
768
372
755
317
933
35
688
732
621
560
270
790
712
372
702
922
397
941
859
108
998
567
992
329
69
842
801
681
813
582
499
412
400
812
968
800
394
755
595
528
274
483
505
706
343
840
128
674
685
370
547
745
40
690
247
952
110
249
106
774
932
881
596
399
57
288
660
702
655
634
147
208
182
799
749
183
636
434
539
394
705
255
657
510
311
734
938
406
431
357
808
202
926
224
127
350
61
819
6
487
861
71
697
283
771
32
562
233
451
306
451
525
355
859
349
589
778
263
653
639
448
332
428
778
847
588
337
302
213
709
813
129
101
401
988
516
482
605
843
906
66
105
818
230
188
728
873
306
663
1
27
199
148
313
766
135
122
595
900
542
384
112
320
899
872
801
387
644
429
488
789
499
637
627
599
537
293
392
370
675
885
278
806
956
622
392
608
152
825
409
889
218
81
706
293
572
86
756
253
283
791
552
984
448
872
775
498
464
798
816
580
271
243
340
84
113
685
687
665
77
569
589
734
974
523
737
34
99
357
509
425
767
910
500
524
702
340
823
156
791
504
956
4
396
130
904
239
559
781
178
883
641
109
304
86
993
683
730
301
947
102
970
142
97
454
543
36
3
710
589
510
350
152
662
974
368
327
40
596
90
75
424
744
694
218
402
850
80
974
231
306
96
204
650
530
849
97
687
6
198
145
969
409
883
324
278
105
913
265
882
474
330
939
550
257
804
650
833
977
888
609
336
26
739
122
33
347
682
435
708
10
206
126
280
182
621
549
968
665
450
925
449
9
274
614
691
746
596
471
170
69
592
460
816
452
277
842
292
550
590
777
843
899
763
259
96
779
754
131
34
544
644
138
286
93
799
89
554
48
868
370
773
899
363
864
284
377
430
397
817
126
926
725
624
327
996
347
789
148
757
637
745
715
973
296
397
21
188
424
403
171
10
698
482
834
88
483
894
153
563
674
909
696
281
524
206
909
15
813
42
601
997
871
404
350
964
755
757
713
975
997
40
429
406
266
948
844
30
498
323
98
577
683
973
454
573
252
930
75
305
34
799
706
222
28
25
519
26
607
288
3
484
835
965
522
658
353
948
595
63
136
573
495
84
517
499
593
16
543
210
379
780
957
67
214
505
865
432
115
91
454
289
968
32
688
991
396
364
660
622
224
975
926
652
711
574
598
608
760
412
750
872
202
194
264
241
821
793
340
53
679
941
48
411
624
724
654
298
196
624
808
428
19
325
717
234
781
858
475
362
471
857
824
224
128
620
300
445
20
733
311
389
317
51
888
677
930
854
909
23
408
670
973
986
366
910
966
13
468
545
423
844
538
778
584
562
852
747
961
159
761
433
58
980
549
148
294
680
379
50
805
344
66
321
704
295
442
72
134
795
849
983
431
974
978
638
11
423
240
812
300
460
688
147
637
126
562
367
507
563
423
599
554
73
947
527
149
154
422
685
809
501
733
332
853
276
366
136
20
670
780
759
637
195
272
676
847
177
518
255
739
579
805
682
651
694
914
863
688
413
934
743
206
772
166
710
565
378
586
950
877
571
847
343
790
279
956
207
156
637
287
317
352
38
512
17
837
281
26
773
885
985
446
78
553
508
75
408
444
410
726
471
35
322
190
875
930
160
62
400
494
296
306
316
739
559
821
839
124
916
716
573
767
407
158
532
593
841
245
253
461
25
157
269
445
61
799
343
764
812
355
835
217
148
758
764
181
876
647
86
715
438
201
39
545
925
921
22
533
811
935
696
535
92
977
978
331
523
989
535
431
427
237
134
191
819
826
900
11
481
453
80
640
168
797
930
243
497
997
140
963
762
284
362
185
626
622
310
52
559
224
258
894
495
139
887
727
560
522
551
188
279
9
398
13
40
381
853
970
836
685
417
893
776
519
443
673
654
763
887
311
803
945
412
747
633
982
812
436
469
544
339
674
280
866
227
419
557
694
978
404
595
945
712
190
674
63
305
776
87
670
332
301
562
93
411
644
404
168
843
953
835
97
979
374
855
117
701
736
384
723
695
789
447
27
660
441
219
111
782
861
607
102
580
428
