671
236
206
987
150
378
692
147
262
446
513
964
623
442
315
933
689
242
717
952
884
813
102
563
401
741
438
938
920
637
651
46
653
694
348
591
376
992
935
322
416
795
335
523
863
407
493
193
620
71
343
646
328
71
451
740
774
267
793
118
404
896
780
107
525
766
693
276
992
790
548
263
56
638
220
550
2
425
737
424
641
783
786
337
205
104
275
865
383
11
818
273
899
316
705
869
762
592
471
460
280
675
421
125
802
598
935
471
300
220
572
749
644
730
323
215
693
122
513
480
534
807
365
129
890
852
739
751
992
526
550
421
916
522
538
836
761
567
274
733
770
265
358
271
228
36
324
523
841
837
324
649
610
811
490
769
938
469
979
832
793
709
901
145
272
7
39
843
65
857
707
579
81
543
734
793
353
966
701
985
393
311
328
703
700
706
979
777
296
355
38
391
531
324
624
737
281
206
397
30
604
973
164
681
617
588
12
830
234
660
36
618
516
113
394
405
235
291
380
297
970
186
312
387
281
341
526
305
293
508
368
612
126
861
944
704
769
932
228
216
327
607
933
777
44
612
660
754
211
204
396
831
322
63
833
663
915
37
142
817
891
688
223
5
773
796
365
55
766
398
646
538
834
510
485
530
904
438
70
366
542
496
543
235
582
185
485
760
767
734
875
909
881
199
333
461
595
853
451
670
827
971
20
559
62
177
452
729
106
305
853
407
185
388
954
403
717
674
482
976
115
815
135
656
763
701
763
826
831
29
681
719
786
720
587
583
992
147
674
951
625
780
688
633
969
549
239
658
718
495
476
130
484
935
932
391
422
772
478
506
351
143
823
881
117
578
168
446
662
648
354
304
399
455
474
169
688
77
498
316
522
145
356
847
959
10
967
550
461
331
109
336
28
678
765
215
890
480
378
912
686
606
932
251
595
566
48
772
124
158
774
300
190
283
836
209
684
229
311
127
52
228
808
275
554
830
108
380
256
462
124
300
671
33
381
443
580
669
109
901
135
325
7
740
290
640
362
839
402
476
946
935
358
552
974
786
415
368
233
752
15
79
107
605
508
778
975
916
507
192
173
541
562
180
199
241
151
777
53
793
665
476
912
131
935
45
771
595
902
437
469
86
832
716
255
31
220
651
144
100
599
239
842
651
896
180
455
133
258
704
922
316
377
395
947
854
518
494
518
110
202
513
669
951
277
140
921
623
884
856
146
978
657
383
176
893
103
466
750
586
217
453
323
55
939
594
318
780
737
691
853
75
207
990
895
617
417
552
830
97
599
838
145
450
581
220
848
695
805
979
299
322
609
271
262
977
137
563
847
338
116
558
494
72
39
460
474
84
339
528
635
494
902
45
827
601
925
505
68
831
633
35
409
532
928
134
906
910
641
908
419
427
269
829
152
390
950
218
302
573
577
352
979
913
465
105
715
671
2
859
929
98
433
149
544
53
16
451
626
755
472
857
950
376
13
550
137
642
846
691
702
555
503
5
956
148
437
73
922
7
269
335
758
180
902
993
263
95
601
694
702
214
848
540
362
521
319
199
408
239
385
935
983
110
458
795
628
874
107
179
856
386
376
353
657
700
510
810
974
242
394
616
245
205
873
366
924
346
41
814
196
825
332
250
808
764
550
151
655
141
918
209
349
873
258
855
486
748
208
476
414
733
918
427
411
762
510
789
504
479
369
347
445
790
183
796
301
407
942
487
355
6
636
763
749
695
27
901
799
484
673
904
112
637
130
494
329
304
744
752
692
549
107
509
413
55
1
862
160
667
375
598
323
148
340
964
917
975
196
855
612
775
123
564
518
708
311
629
158
464
335
542
488
231
975
378
751
758
397
948
162
479
766
949
805
685
912
130
190
747
84
203
25
804
391
4
388
154
254
560
223
975
330
806
449
472
995
440
515
880
