369
293
407
884
748
664
397
572
480
391
371
320
610
366
960
485
389
534
496
513
411
293
406
60
459
360
714
411
568
922
903
527
263
248
23
808
151
177
44
150
133
289
274
10
528
868
722
291
781
26
886
269
81
299
328
115
760
109
13
290
194
116
384
822
545
844
669
977
724
55
174
2
974
880
146
327
531
862
117
418
660
607
123
872
170
72
986
90
299
763
201
866
326
331
36
146
557
840
696
522
390
355
955
433
731
40
942
761
433
481
978
871
1
345
504
480
688
796
995
461
717
472
84
714
88
858
730
722
553
318
652
535
198
42
397
106
936
298
453
527
189
540
519
791
534
355
333
398
418
877
835
420
985
314
989
879
942
105
318
925
181
386
942
954
367
650
168
12
485
200
172
952
32
287
530
565
798
453
12
405
211
5
602
246
665
163
654
791
813
675
209
180
335
677
529
706
870
695
848
65
212
461
535
304
768
876
664
642
195
522
914
650
25
314
497
246
408
788
739
857
239
793
587
982
481
804
618
177
982
627
146
44
177
204
365
434
617
563
71
584
859
194
552
63
731
596
91
744
378
8
714
551
620
287
816
707
496
206
943
372
523
561
34
193
995
570
89
612
700
950
488
776
594
435
880
382
995
223
865
245
50
739
504
408
868
43
970
211
594
317
174
777
54
360
206
463
218
909
56
207
765
988
951
26
163
815
495
769
112
418
792
226
261
911
831
36
425
616
992
624
942
9
735
179
262
520
953
201
204
633
667
987
82
850
868
130
908
209
141
499
718
398
462
459
851
990
340
460
162
859
279
553
8
327
163
500
79
702
700
823
79
59
704
761
75
49
115
342
75
386
10
935
206
159
668
325
451
174
884
195
323
331
628
885
222
41
808
866
511
710
299
509
293
69
335
272
151
938
854
315
121
120
25
301
80
943
627
332
71
318
422
842
631
940
510
836
114
27
696
199
621
504
698
493
820
301
877
846
609
691
527
73
908
92
909
393
224
330
247
308
231
649
796
35
975
950
910
617
514
421
379
786
115
98
681
151
740
719
920
296
124
132
442
965
340
823
244
743
895
562
785
774
221
415
230
662
285
250
611
331
874
431
116
132
572
513
728
713
43
733
937
545
294
996
504
877
113
838
1000
451
173
119
958
157
559
685
854
529
319
287
139
686
361
206
314
48
827
982
640
493
929
611
948
463
557
206
303
679
225
441
608
904
408
433
829
996
135
466
705
960
243
970
798
418
812
756
343
507
216
524
303
561
874
831
528
342
445
580
698
380
110
313
218
804
491
102
359
536
982
430
395
685
790
411
197
922
437
979
297
614
310
878
464
959
373
962
261
722
349
236
257
639
849
983
734
595
504
342
112
576
554
948
978
93
577
360
276
242
450
752
558
942
319
551
137
746
950
507
980
899
244
326
218
800
689
59
981
463
835
604
319
571
756
862
744
974
13
758
848
887
217
338
24
826
2
554
409
379
61
459
985
181
82
364
397
636
717
785
711
621
36
692
609
389
662
992
561
123
836
268
46
557
990
788
376
133
970
308
600
168
511
865
999
691
697
913
676
215
666
986
