129
558
747
619
218
666
490
194
834
748
435
463
357
974
616
566
914
759
49
44
329
594
800
486
844
483
253
783
402
378
882
824
997
88
650
23
251
699
891
747
391
930
321
789
1
712
736
72
136
875
222
981
220
396
171
296
111
488
688
801
592
772
422
462
151
266
288
507
27
45
723
27
239
524
290
999
707
467
321
609
812
884
845
351
140
392
619
176
456
117
863
929
661
476
479
917
592
984
677
2
838
124
37
528
50
968
817
372
243
58
82
250
497
805
265
47
84
343
235
114
573
957
341
864
77
521
961
359
609
753
721
658
78
551
847
911
470
609
145
428
399
119
617
74
468
870
814
425
132
534
701
950
727
823
4
384
279
528
313
439
939
724
548
345
148
565
630
523
360
528
806
203
68
826
124
317
830
870
157
216
296
544
591
63
113
16
905
266
749
217
406
698
123
878
131
365
524
157
717
712
787
490
357
763
173
905
493
54
74
186
682
416
745
798
949
350
251
697
725
583
308
398
419
83
1000
144
948
288
608
794
313
565
959
757
987
406
485
698
881
414
1
780
479
682
13
826
329
432
576
638
93
578
843
306
268
810
614
628
287
292
176
598
388
238
60
133
799
543
223
257
954
239
127
225
325
5
849
608
374
860
723
478
299
316
323
344
541
186
255
983
980
206
679
755
644
513
721
34
162
44
535
891
449
154
579
737
347
614
735
608
512
496
800
886
868
463
24
84
750
194
85
866
521
242
902
594
838
578
71
794
165
551
971
66
146
384
100
869
111
160
188
992
809
491
146
127
721
387
138
586
489
40
16
747
764
800
923
388
619
200
531
536
123
266
719
138
766
995
983
279
792
540
956
224
471
30
795
800
244
174
954
738
674
398
852
279
803
463
647
79
363
629
882
887
179
107
199
251
783
295
15
423
901
105
83
652
309
516
38
790
964
247
389
726
467
400
69
343
694
27
766
738
661
188
666
596
697
561
599
338
9
828
949
931
328
814
950
601
930
640
594
308
194
132
608
936
103
418
656
930
906
412
212
905
226
995
662
248
725
548
443
771
101
621
774
346
930
892
60
785
511
110
246
293
966
67
460
593
10
602
951
555
97
398
750
803
226
335
903
70
485
879
141
530
841
426
452
69
136
351
348
399
664
521
927
858
546
689
19
981
109
272
737
891
545
549
220
600
965
306
135
967
47
814
972
366
65
305
519
228
626
976
995
768
240
683
926
698
66
847
454
609
642
300
309
134
448
136
256
354
863
524
467
849
161
780
387
721
722
111
537
541
408
428
615
389
103
989
234
382
190
677
572
6
444
949
81
47
267
678
497
986
756
691
568
396
773
554
796
793
893
72
327
930
501
949
491
528
478
494
846
739
107
735
785
103
40
402
128
76
781
144
890
413
44
334
348
444
849
248
709
859
495
955
560
632
649
779
544
534
262
106
72
656
92
52
692
439
684
739
869
707
20
270
989
894
31
190
871
691
562
341
786
264
934
598
446
184
887
122
356
405
913
3
872
220
321
174
745
344
323
645
413
640
412
22
646
106
709
3
121
91
522
633
193
345
702
173
346
793
800
83
6
894
608
547
825
173
853
28
581
761
224
326
913
861
518
769
532
607
748
401
655
907
930
762
991
583
695
877
58
255
527
348
900
500
708
558
79
850
107
712
560
24
49
697
637
971
288
662
689
467
353
714
487
641
574
345
884
714
687
96
872
430
417
162
527
303
651
372
102
23
119
511
517
912
277
242
410
714
53
73
893
654
567
792
18
111
154
208
241
306
126
516
227
149
633
272
24
871
