497
712
30
195
545
451
796
64
775
275
442
109
788
538
303
135
143
402
284
730
156
630
873
732
281
568
216
708
244
223
623
673
486
169
838
579
87
588
288
202
96
704
52
560
704
738
964
846
889
523
719
273
381
917
780
829
66
580
573
59
821
188
692
608
658
722
637
501
289
79
459
171
319
616
525
610
261
868
564
148
488
14
514
142
979
221
71
960
356
489
565
242
612
387
762
332
551
825
569
33
819
65
623
905
360
838
935
979
341
824
270
561
634
198
993
438
242
859
379
835
658
350
185
379
368
911
165
201
287
193
490
503
257
179
109
434
961
205
360
207
874
903
763
902
90
49
743
709
843
41
494
179
350
476
450
683
191
210
644
164
319
822
79
488
953
663
670
619
1000
599
427
838
48
455
957
456
620
934
633
635
119
490
451
376
495
788
467
303
111
193
213
88
976
952
263
789
700
320
143
620
864
154
685
711
690
206
701
933
201
217
220
611
386
794
608
69
854
934
454
122
407
886
236
510
138
174
991
94
632
373
863
604
331
800
567
496
659
551
742
944
99
59
393
575
975
27
489
834
997
887
686
121
872
510
334
208
257
626
709
65
111
210
989
42
107
686
214
518
209
869
761
154
38
429
56
756
947
97
208
135
203
653
475
935
433
142
895
70
43
902
462
450
631
637
240
603
114
356
355
347
592
797
115
899
875
458
285
880
289
453
237
381
870
749
777
16
847
395
628
54
540
597
494
184
695
553
643
240
610
878
245
822
750
161
17
969
288
607
135
997
259
652
607
925
928
693
676
606
257
97
909
475
24
836
854
740
108
999
226
563
918
467
945
148
389
372
314
448
220
864
345
494
51
464
818
831
3
101
781
731
101
831
655
812
104
610
712
786
774
595
