902
627
957
263
25
569
20
927
375
850
812
597
337
692
581
608
805
779
977
171
902
765
847
740
385
392
9
705
144
540
409
467
32
505
457
679
349
865
539
523
339
219
349
487
756
694
986
751
214
231
376
722
719
713
718
487
413
903
59
907
100
597
124
433
994
770
842
207
697
439
655
67
552
112
894
913
591
150
669
461
535
369
715
748
304
78
248
698
282
668
759
972
642
863
233
708
361
495
504
300
633
338
635
767
301
966
981
902
475
386
203
338
173
805
375
661
233
670
221
357
920
296
148
810
81
207
399
837
33
108
130
936
955
422
493
619
319
513
79
203
606
259
732
429
246
110
38
810
517
968
447
406
307
404
17
45
671
324
377
595
47
871
767
720
453
482
374
654
416
264
910
120
887
735
742
622
709
959
686
92
593
98
245
656
809
452
831
204
943
97
332
100
623
871
694
329
473
438
376
423
263
774
96
574
661
407
893
532
587
486
732
9
790
152
774
152
230
903
217
244
35
703
865
768
773
805
692
915
223
272
129
807
636
115
369
270
219
963
523
243
282
590
225
143
98
791
299
67
121
476
836
563
871
269
266
16
13
444
923
446
895
756
374
314
847
831
818
755
301
612
773
453
71
449
395
630
178
795
446
394
516
636
490
691
781
584
676
76
784
656
974
867
49
443
511
270
664
272
120
387
490
658
861
880
453
845
658
232
249
33
246
829
927
982
123
675
643
770
413
635
998
755
448
716
941
280
457
486
657
532
220
730
767
719
300
506
536
360
620
418
772
359
849
474
1
587
580
953
373
198
461
920
644
382
74
58
545
733
896
9
803
394
866
432
127
773
135
183
264
914
744
214
892
9
94
526
687
774
447
10
855
860
824
628
32
479
585
433
252
396
197
591
129
87
892
253
414
714
608
553
508
442
201
627
865
577
970
770
851
373
374
353
815
328
508
287
21
701
36
447
850
830
288
381
391
915
996
932
485
225
808
239
536
172
688
508
514
204
521
976
281
48
947
845
617
919
4
521
544
62
109
904
619
989
198
263
968
391
810
913
975
350
330
651
11
988
157
816
593
923
384
385
79
348
767
147
266
929
278
404
650
893
743
766
116
815
272
402
262
743
309
512
104
362
636
114
762
459
972
22
654
275
261
380
285
57
420
645
380
640
707
731
883
552
117
120
67
322
76
712
793
66
742
268
487
54
948
929
366
743
832
458
302
900
580
706
295
577
307
127
952
958
732
550
904
950
254
462
195
833
695
772
661
956
710
690
12
521
503
945
423
734
848
255
223
680
637
470
830
712
546
822
902
318
115
793
698
251
924
435
258
562
806
778
453
361
28
403
715
186
369
597
756
267
489
803
109
397
728
651
262
247
883
352
553
656
845
873
469
244
178
946
611
919
87
878
992
500
489
998
