626
530
835
356
149
292
44
139
64
98
947
405
430
158
233
870
300
122
480
932
975
981
510
344
876
6
674
95
108
559
623
32
214
891
186
217
690
404
400
768
227
247
490
850
630
110
328
859
696
220
840
271
988
378
504
94
470
682
928
920
230
751
865
68
496
651
488
282
292
698
914
159
529
103
725
108
116
204
88
554
338
959
615
194
802
747
218
828
510
56
704
699
321
608
293
60
933
59
651
257
716
657
488
714
764
613
345
332
504
82
988
322
661
972
815
250
970
222
240
397
24
628
422
867
373
664
556
584
10
686
29
132
900
613
101
211
596
737
14
880
594
923
956
78
135
71
347
822
187
908
975
557
970
563
837
595
460
731
609
901
58
997
86
458
160
13
388
321
597
649
546
714
81
481
127
482
832
945
670
314
9
988
32
15
473
652
438
426
675
458
502
999
485
612
890
637
593
243
112
857
701
46
581
559
524
296
68
700
479
69
613
740
936
588
281
533
87
704
258
563
497
188
678
847
85
256
999
989
900
556
987
454
880
92
776
131
352
841
296
567
847
309
976
18
555
663
528
451
759
161
777
36
780
520
982
752
556
961
946
424
657
69
47
566
464
545
34
68
228
578
708
297
582
467
690
247
573
448
700
92
297
335
811
532
291
559
904
800
384
516
966
175
241
495
102
915
86
351
555
572
206
766
843
70
772
470
88
875
981
305
139
996
640
387
250
756
577
366
901
768
806
794
915
901
583
905
391
497
430
943
159
595
47
108
580
186
238
191
220
370
737
694
530
161
945
509
840
321
33
800
119
429
313
80
665
343
578
649
47
380
826
576
70
308
185
777
865
947
66
895
852
947
133
906
348
99
917
772
179
730
179
406
7
533
483
959
129
983
146
330
798
617
77
677
702
666
683
662
334
288
216
875
121
902
691
992
82
622
642
512
513
422
32
778
534
52
257
718
919
843
972
904
413
267
631
250
505
97
105
634
654
834
795
760
65
332
888
372
118
913
316
218
601
25
700
465
330
20
645
545
309
943
843
483
276
583
306
815
332
99
582
360
737
750
295
155
393
701
710
764
511
508
40
810
875
845
778
142
319
365
341
723
876
170
767
795
818
940
661
250
819
448
152
495
748
332
175
390
145
49
459
774
893
109
522
279
222
256
710
657
401
827
598
623
456
626
858
319
200
696
609
930
981
131
864
873
134
633
342
120
758
748
701
56
477
174
392
727
374
123
406
932
888
759
109
586
934
657
646
408
807
501
275
617
158
538
599
968
264
8
68
784
225
149
737
910
103
613
426
718
205
377
938
840
879
250
484
763
92
207
995
352
744
660
866
111
995
522
480
491
534
103
102
498
43
611
910
251
732
145
251
393
653
652
951
92
344
227
716
664
479
512
636
102
348
661
618
78
390
213
482
405
217
430
535
6
578
209
23
448
484
315
785
177
381
881
562
270
518
651
372
209
712
210
301
463
272
784
421
63
842
328
114
230
206
919
28
930
552
355
38
395
482
812
787
434
854
40
485
494
877
826
898
65
300
897
299
851
770
836
492
905
903
321
10
957
798
796
498
682
799
350
20
369
425
117
454
672
772
419
619
173
650
954
142
852
452
185
539
393
685
495
893
58
77
849
312
950
692
481
624
725
836
581
518
228
100
393
567
4
185
411
283
552
293
909
600
405
205
725
156
432
990
231
861
264
733
962
50
811
524
32
565
170
851
816
859
488
93
679
829
96
967
160
888
349
310
466
287
428
566
263
33
274
821
515
371
746
159
500
858
318
535
256
262
62
992
55
261
560
697
518
501
372
456
976
81
234
913
434
182
777
790
409
248
197
3
636
353
965
823
864
107
78
783
429
7
252
467
493
622
602
752
585
89
718
799
871
823
195
82
393
876
975
348
868
946
945
319
135
472
65
666
120
28
244
75
38
798
448
27
328
348
342
736
274
338
468
314
907
878
242
83
195
351
548
277
101
912
211
524
261
246
112
725
336
349
982
725
104
280
263
532
498
746
609
845
40
499
241
219
808
720
870
715
456
837
454
623
893
997
462
163
476
594
144
939
532
290
860
496
87
399
18
327
79
854
217
203
663
785
276
343
608
177
806
358
540
596
822
716
290
560
936
415
813
868
86
463
283
