68
987
819
331
171
874
358
113
556
416
432
447
910
426
30
494
975
21
934
74
257
475
694
590
882
900
315
47
914
527
508
204
289
823
570
245
69
334
989
551
2
987
922
184
585
179
792
298
263
364
541
751
598
386
768
68
656
922
511
577
316
698
117
662
275
516
602
311
24
366
909
663
784
194
976
914
181
530
118
868
619
520
912
187
158
88
759
202
487
985
89
69
746
481
528
791
819
23
645
972
146
651
104
756
64
593
151
47
373
763
114
157
841
32
31
981
37
915
658
400
645
105
912
118
100
449
420
851
188
516
260
301
949
482
740
672
630
744
335
12
3
322
942
255
161
131
714
189
806
606
496
6
716
66
345
873
985
903
799
867
792
721
580
176
736
648
265
42
246
473
927
386
678
959
46
784
652
360
146
472
116
928
137
100
265
374
748
103
559
239
17
391
461
738
246
41
208
746
788
800
950
184
755
186
222
493
115
345
512
167
264
602
772
603
995
204
291
406
48
817
325
259
75
739
437
470
120
786
320
905
857
303
658
990
460
848
994
736
999
758
576
200
906
513
90
968
142
904
498
80
634
74
857
958
240
166
126
110
834
503
729
440
947
880
929
354
992
950
902
693
25
192
679
879
761
460
961
180
880
266
393
729
590
958
943
631
90
897
935
377
808
559
774
609
793
958
563
693
988
777
458
885
956
820
194
546
673
464
917
135
971
293
660
387
282
92
555
442
745
983
106
387
349
584
555
782
484
376
991
51
229
161
705
134
886
354
193
605
941
373
445
178
341
701
382
475
834
791
866
769
871
275
677
85
959
772
793
775
926
365
320
426
486
85
3
73
795
888
737
381
555
864
821
865
586
57
254
651
330
392
716
479
993
618
493
545
416
263
124
920
843
314
51
950
484
122
797
439
404
348
524
632
992
793
612
382
436
767
480
866
305
26
405
613
304
692
310
277
971
158
3
508
784
766
622
469
729
218
87
524
435
464
921
935
442
804
224
915
824
575
794
838
924
946
689
959
364
324
928
454
965
532
48
266
632
870
415
120
745
878
414
330
104
583
776
594
431
246
918
499
306
660
516
381
195
195
637
376
578
957
453
841
53
967
986
74
923
97
691
264
964
785
884
494
996
436
813
393
221
198
446
13
959
124
525
173
952
148
733
991
169
141
732
47
400
552
817
955
178
435
68
873
205
82
21
28
909
525
508
814
67
468
572
780
35
520
316
449
57
232
79
503
18
641
119
34
885
579
638
72
808
247
699
4
601
36
575
219
517
533
249
556
284
606
201
496
964
872
811
66
249
608
236
946
680
963
224
387
735
74
707
158
596
838
969
909
454
778
650
682
846
847
958
392
783
484
14
510
317
266
558
292
743
824
431
814
125
184
747
116
207
963
592
56
431
896
541
901
625
584
88
380
29
385
119
975
863
585
316
267
78
180
861
870
476
294
455
685
389
413
