570
200
596
97
279
392
477
701
178
960
840
228
908
665
336
483
156
25
550
685
981
763
81
751
242
482
384
29
356
114
892
151
258
518
25
94
776
495
192
918
423
735
586
740
15
399
12
406
755
898
718
632
873
780
448
381
31
542
759
557
271
841
670
610
433
459
920
154
659
565
938
488
804
268
767
228
499
610
115
682
493
55
756
54
826
24
671
214
783
798
39
932
698
983
324
941
861
198
95
114
379
461
32
642
160
954
920
414
680
945
75
895
337
586
590
78
333
293
958
679
304
11
276
42
773
892
664
514
968
728
881
237
452
383
46
750
432
743
721
4
89
104
640
377
679
987
932
485
867
656
193
140
446
32
504
711
503
640
865
927
416
573
681
951
496
468
580
563
760
978
631
31
323
894
514
817
329
940
707
376
971
127
743
219
822
464
113
758
241
970
972
309
544
738
634
292
146
345
242
126
245
607
567
252
524
51
303
830
36
449
668
926
418
667
509
189
94
542
301
831
903
139
91
667
106
368
710
92
841
239
216
978
262
568
514
956
640
77
543
622
679
903
634
531
885
392
38
139
558
969
24
984
183
56
675
754
388
311
987
887
721
116
980
415
778
272
897
556
944
939
991
628
708
601
481
347
291
219
362
293
210
363
55
473
678
809
485
538
797
595
748
21
693
133
728
179
466
115
965
177
721
969
84
585
727
103
83
492
401
200
521
214
574
340
310
385
448
951
399
301
84
570
829
449
372
266
25
844
419
611
842
425
344
799
235
300
213
569
854
281
135
345
649
889
29
566
815
655
335
553
523
503
671
974
426
771
509
331
81
660
208
327
864
770
733
223
95
121
91
285
855
249
725
538
173
559
491
908
714
205
478
330
937
307
524
508
467
937
326
764
994
683
971
218
213
568
821
911
837
132
114
209
967
321
338
52
121
73
965
407
830
38
704
719
704
545
373
312
395
92
452
654
26
868
520
342
323
533
437
175
832
837
1
939
1000
191
210
987
335
606
824
606
242
442
769
154
1
63
272
432
591
561
130
539
676
299
682
815
796
846
318
30
246
413
281
268
271
155
732
554
592
652
413
863
775
152
994
370
686
359
272
231
829
488
319
64
535
7
198
997
331
429
6
265
125
658
232
599
412
144
522
664
268
883
81
83
740
930
779
855
582
401
661
923
203
699
385
869
979
257
172
172
817
35
656
497
894
509
181
302
27
90
372
971
142
570
774
388
384
25
641
249
662
206
608
888
240
767
876
75
381
23
48
184
239
280
881
864
736
250
66
903
179
306
78
17
366
452
770
482
295
394
822
902
341
889
921
805
834
749
698
481
693
491
329
106
675
111
250
32
802
112
254
146
579
137
702
78
919
816
178
114
708
2
72
453
853
709
753
111
64
428
365
954
396
221
138
577
23
645
160
643
915
240
246
369
763
631
512
359
17
31
69
32
203
394
225
826
339
877
105
633
141
611
914
817
7
232
432
971
139
676
13
404
377
171
797
136
918
937
771
295
951
904
356
984
847
594
446
255
699
463
257
939
653
38
140
713
907
579
955
359
878
6
884
60
22
614
574
836
344
296
421
877
567
483
352
55
209
261
695
745
235
848
437
722
907
613
361
519
326
240
172
766
240
183
386
682
744
903
756
257
662
448
918
763
34
990
15
873
212
593
203
66
347
500
541
186
352
60
24
98
300
349
408
809
136
989
28
636
878
335
612
853
663
763
154
572
605
806
336
934
87
425
926
871
137
810
666
928
736
232
613
571
832
355
868
16
763
373
119
969
967
323
966
849
33
769
437
279
438
664
938
539
456
686
600
864
643
964
369
714
656
563
402
59
854
134
324
161
263
135
359
350
942
272
748
417
227
927
704
801
290
41
444
787
321
700
649
266
330
245
227
831
918
968
207
622
439
429
440
602
78
752
841
484
510
75
979
775
843
711
384
239
464
752
27
568
284
720
708
545
354
212
984
755
533
392
652
527
152
675
364
339
545
967
505
645
264
923
374
739
730
863
294
555
864
995
60
839
506
679
152
839
226
17
858
458
882
66
636
972
608
281
530
546
419
245
14
113
952
595
617
810
803
438
890
101
514
654
974
257
309
819
958
361
152
830
650
64
660
356
687
74
102
288
176
206
755
210
