810
617
77
593
674
148
615
725
924
321
463
717
616
286
722
939
309
530
143
633
628
199
528
631
879
57
787
668
482
164
878
292
775
453
60
753
751
694
82
672
155
734
636
686
778
971
873
984
74
418
122
17
802
533
764
21
3
708
589
194
764
484
118
947
437
507
868
794
249
571
100
197
987
811
82
715
761
81
712
721
766
982
441
708
472
400
217
830
382
107
839
343
949
834
941
387
252
479
424
350
421
893
928
1
439
998
102
881
3
879
912
555
927
903
419
637
308
77
40
526
754
443
760
7
826
7
957
790
47
74
439
904
46
59
763
894
214
968
832
165
212
832
903
116
849
749
612
793
521
929
96
634
752
496
706
412
836
103
302
317
479
881
898
497
928
109
396
839
83
543
