699
771
591
906
12
79
322
336
425
993
457
389
46
754
270
28
496
83
2
965
18
565
183
31
393
809
706
87
572
340
862
396
380
793
773
576
113
756
555
644
90
368
77
290
706
952
483
199
373
140
476
507
374
782
995
718
870
338
847
436
997
943
728
112
131
781
735
253
254
231
542
416
954
312
671
31
53
4
420
749
699
2
264
825
102
836
986
220
46
870
826
696
996
384
945
755
446
362
755
507
860
3
507
1
282
36
472
181
525
619
358
55
99
472
889
384
163
470
123
681
319
115
454
87
13
321
479
256
866
658
398
235
17
182
649
777
403
655
835
135
368
673
401
842
294
145
712
795
550
935
8
943
416
8
254
776
226
868
593
670
93
322
146
823
494
499
17
631
39
349
392
81
685
597
557
217
430
655
402
339
726
914
89
912
25
100
7
500
387
322
31
776
278
207
631
854
620
310
488
909
87
819
942
68
897
816
446
330
378
980
358
282
471
470
795
856
455
924
414
832
55
58
859
726
923
1000
527
671
451
561
495
640
548
528
250
214
950
895
270
675
622
806
555
548
437
804
29
684
529
207
662
947
627
64
977
228
181
162
797
782
891
270
306
542
183
554
128
657
237
464
965
16
768
266
292
412
963
72
485
224
290
653
726
395
633
821
193
317
656
878
559
763
259
275
88
188
418
815
161
303
533
738
711
19
884
88
151
347
14
781
917
624
631
373
767
362
214
850
479
385
349
321
21
307
669
66
471
1
1000
401
659
18
548
115
700
230
654
40
556
641
963
733
134
301
739
450
915
697
431
29
159
158
282
550
880
46
66
445
743
488
246
817
599
130
308
802
591
615
956
503
92
329
61
823
590
403
551
562
459
110
281
29
699
136
11
380
407
169
697
266
393
521
530
827
495
940
985
57
668
223
954
758
769
925
909
802
185
900
898
731
234
482
445
961
605
553
170
117
42
762
394
980
859
136
217
831
49
399
356
66
539
270
765
180
422
952
566
630
317
959
979
560
606
984
908
8
880
631
22
520
659
273
62
234
548
158
692
299
794
754
896
148
350
504
614
63
45
655
478
656
501
802
447
878
468
856
851
628
648
258
463
284
548
309
235
483
842
851
116
368
487
730
1000
931
119
121
513
174
556
811
969
77
34
228
261
863
77
297
169
41
245
943
895
8
727
42
972
726
655
901
859
313
461
338
655
736
627
757
256
253
555
715
978
282
646
17
757
126
330
727
726
975
459
574
646
261
275
229
326
585
870
231
288
118
864
628
826
105
625
311
786
749
987
993
211
520
523
638
939
830
557
230
532
600
642
424
992
234
488
776
690
521
835
959
385
211
849
945
334
432
412
374
231
466
140
697
698
499
601
360
596
343
375
378
552
517
397
115
951
935
505
232
292
48
44
356
288
987
435
260
833
802
998
936
767
901
52
407
227
484
788
879
347
752
890
670
633
468
449
127
395
15
474
475
465
497
39
95
448
460
59
86
835
215
634
596
908
749
250
678
764
161
554
217
274
249
206
238
88
835
