457
109
620
353
60
291
870
716
346
780
642
25
140
534
36
238
735
655
932
69
289
558
733
155
792
898
642
699
90
109
679
790
760
202
755
204
186
170
97
755
78
323
185
108
654
909
51
152
962
596
559
521
996
284
951
733
753
739
289
346
168
229
82
888
956
638
741
741
270
945
744
544
104
749
87
951
246
397
910
453
921
465
450
678
691
674
694
400
584
910
38
181
111
674
849
762
132
388
311
877
303
239
827
50
902
345
38
373
51
439
222
651
718
635
483
33
554
327
600
398
404
141
209
108
34
503
9
374
703
52
58
763
93
939
66
41
239
455
340
483
960
804
595
716
812
961
727
808
520
986
254
247
764
724
308
788
172
28
872
418
928
991
394
687
81
664
543
833
425
961
833
394
944
351
735
809
474
545
851
44
224
443
413
654
991
613
622
314
555
38
207
342
132
419
984
626
859
837
478
678
392
372
645
951
503
165
642
509
156
149
635
658
661
475
770
313
978
371
955
836
786
224
364
112
533
545
235
102
247
649
159
901
197
149
451
608
856
18
712
481
347
382
788
175
631
942
51
358
589
905
675
539
526
24
540
443
736
828
679
34
456
797
555
387
35
427
960
86
111
512
190
993
388
708
773
752
453
788
410
970
34
461
757
474
100
484
100
487
810
487
405
943
214
77
345
544
384
47
578
266
184
815
163
708
639
238
768
248
778
133
563
390
213
91
961
622
339
57
286
775
341
842
316
566
702
292
947
395
55
504
892
787
102
571
498
277
156
298
848
883
888
971
972
41
229
188
423
67
789
519
386
242
717
842
921
733
210
132
458
338
157
226
94
487
185
776
517
503
836
848
830
587
405
594
690
44
547
290
694
734
