533
496
615
181
232
882
388
316
739
266
418
353
502
432
769
401
132
498
2
917
215
275
688
346
406
853
248
541
886
459
197
86
668
869
711
88
53
198
788
348
930
738
691
835
101
936
376
830
753
947
639
205
862
727
481
171
386
772
149
9
974
822
33
35
669
338
296
236
730
837
513
456
231
557
579
951
507
107
659
477
678
90
313
72
890
735
8
555
611
390
682
655
474
449
972
683
91
238
118
342
192
960
620
104
975
717
190
214
132
376
144
679
237
171
827
62
903
61
812
462
463
321
653
659
159
545
259
618
646
572
875
428
546
477
42
795
479
270
279
146
