362
177
961
558
556
276
781
265
271
574
984
200
501
107
165
646
546
567
462
649
917
74
905
511
165
683
598
238
451
579
322
458
197
791
980
804
599
498
944
619
273
304
359
327
861
505
76
404
465
878
918
642
56
742
897
573
500
87
248
381
233
868
896
977
945
741
358
64
626
223
533
551
446
952
128
766
102
81
877
733
61
625
691
603
843
467
678
293
254
251
263
40
260
231
162
842
779
32
887
811
385
471
265
899
763
293
893
9
396
6
911
43
837
779
339
621
642
441
643
197
464
97
61
512
745
136
763
715
73
384
330
100
43
885
426
248
374
542
29
672
238
572
583
905
129
133
876
566
891
377
955
409
379
708
455
887
735
748
698
875
162
517
704
903
404
656
83
290
932
38
780
296
642
719
800
598
157
656
803
263
521
953
23
419
347
993
607
547
207
845
757
318
549
716
32
833
201
669
281
755
267
288
669
317
539
472
72
896
597
271
154
723
427
78
68
965
986
721
793
77
169
923
301
522
124
248
869
57
29
29
786
515
470
393
491
992
77
132
794
650
654
324
865
401
846
790
365
468
81
992
466
49
251
429
442
954
853
172
764
461
904
368
632
128
260
72
675
959
269
888
901
1
865
834
112
197
194
665
572
23
629
90
213
882
943
353
741
80
299
77
412
541
315
230
553
886
100
337
588
603
520
605
59
350
686
13
427
257
745
875
94
19
715
130
483
70
977
295
757
419
789
653
756
775
321
962
654
690
703
725
648
417
326
373
832
123
69
445
101
413
562
130
822
972
79
257
458
500
949
472
892
170
286
385
424
92
610
264
723
171
97
19
313
357
222
405
956
100
319
559
905
435
103
245
445
465
741
727
62
941
726
710
357
138
777
734
84
569
788
598
445
691
728
473
104
516
631
130
277
166
476
122
128
435
53
830
808
132
444
600
503
788
732
525
567
466
55
851
173
80
722
501
678
28
691
740
501
858
699
531
218
844
794
200
503
7
160
933
837
122
13
239
611
90
553
388
683
594
675
482
875
542
921
454
101
867
844
62
825
676
984
837
604
866
15
522
642
939
411
275
999
834
586
584
900
446
217
979
327
594
865
186
44
711
443
20
475
780
126
294
649
305
75
711
458
888
950
106
819
452
628
862
895
957
565
165
957
809
410
378
813
119
566
505
745
744
676
441
491
668
869
432
799
739
89
33
198
794
533
424
963
979
821
440
642
714
738
138
695
920
728
966
180
595
829
894
352
203
900
737
633
509
683
833
680
608
734
526
988
39
630
774
675
498
810
647
533
318
743
787
658
425
43
456
925
308
493
672
556
931
694
700
42
454
810
381
319
545
801
708
