45
823
546
963
204
697
108
437
452
961
885
692
763
786
996
832
307
305
581
930
129
646
785
569
107
703
674
589
920
130
412
869
741
815
673
651
635
946
897
237
87
372
666
808
665
82
259
576
635
115
705
381
263
630
20
101
514
451
956
223
375
125
237
393
847
146
707
804
654
119
525
775
978
683
372
63
161
725
879
605
537
319
477
570
529
67
122
371
920
979
688
802
888
540
925
472
124
136
802
67
57
399
607
737
520
624
983
368
564
370
686
544
451
441
816
874
429
39
665
827
264
767
533
874
589
222
165
681
725
442
443
221
849
243
858
680
105
496
273
85
755
584
302
886
235
528
409
362
785
971
818
437
853
964
628
80
216
643
863
857
