429
571
217
718
555
674
409
879
377
196
830
147
919
301
951
771
984
721
59
677
649
262
361
493
719
846
762
589
950
322
935
969
348
822
412
694
589
389
936
669
266
91
866
904
821
285
704
719
560
152
3
210
111
861
306
584
400
116
604
465
974
794
258
885
809
531
741
172
439
562
282
513
429
286
616
384
871
991
294
175
444
741
59
270
516
259
739
704
13
5
355
293
726
378
562
761
562
1000
525
526
940
945
483
8
934
985
76
59
325
158
62
700
950
687
200
791
921
746
495
215
867
540
195
871
709
750
561
629
660
993
586
539
747
948
383
195
643
997
397
209
540
43
503
92
714
20
146
349
58
251
81
158
252
965
970
810
394
404
6
159
593
508
414
109
206
379
122
657
606
445
238
651
576
737
995
689
709
342
657
934
666
104
694
385
917
483
323
904
292
534
474
386
910
170
94
305
811
464
294
171
539
151
612
373
19
176
710
915
126
864
17
285
364
931
727
757
119
512
47
675
907
498
532
496
583
564
24
306
515
236
115
320
163
944
102
604
17
971
643
856
950
514
702
763
998
349
677
490
787
643
752
993
967
636
401
267
212
207
108
883
625
863
859
699
271
982
882
856
857
225
538
414
996
817
792
334
166
891
220
293
177
865
56
167
230
388
211
523
549
762
766
808
325
300
318
421
45
487
125
670
271
788
782
164
751
175
306
625
379
41
277
866
516
722
123
168
343
892
868
20
397
645
704
627
444
863
329
960
390
26
61
46
536
193
606
681
102
367
230
66
845
755
464
393
622
388
805
848
228
42
708
335
676
134
680
99
424
222
880
786
800
787
948
34
530
81
266
93
857
595
649
490
819
928
276
318
10
814
711
257
25
889
705
705
968
297
973
790
368
302
173
580
744
315
517
492
51
347
514
230
998
153
737
69
790
543
171
711
55
41
956
531
272
327
645
844
716
472
278
703
746
467
685
740
431
509
938
855
727
23
338
497
327
394
943
100
210
906
73
898
870
968
804
538
963
693
211
293
327
922
385
383
93
214
904
418
459
812
495
599
535
261
736
191
349
978
170
112
918
830
59
588
522
714
254
147
811
902
919
623
351
433
252
118
153
412
364
850
768
60
439
834
673
333
901
641
779
148
922
123
731
345
689
393
891
60
867
160
642
288
594
389
471
738
740
651
431
520
669
938
377
524
511
483
957
410
373
622
551
14
610
310
21
897
125
224
215
646
358
62
161
665
815
774
354
327
644
524
496
787
635
904
34
78
576
118
874
505
225
466
165
111
491
757
527
126
691
495
652
443
860
458
714
154
101
39
235
556
988
618
996
628
583
430
83
918
795
359
973
792
691
737
247
66
791
402
852
628
693
928
665
524
259
737
418
666
240
81
63
510
31
980
138
196
420
81
874
496
422
895
111
616
177
375
979
83
250
438
61
802
458
764
790
693
688
627
931
161
351
996
916
885
228
803
467
940
559
206
992
991
381
608
77
31
159
963
419
362
446
128
545
853
841
127
141
302
16
423
419
765
647
682
636
320
882
952
922
332
627
779
964
59
649
27
638
21
705
275
654
582
688
375
247
253
521
854
599
370
549
175
524
188
349
96
48
547
722
352
187
896
688
709
951
143
458
227
572
759
585
438
800
128
650
383
146
926
896
343
451
930
578
69
515
910
544
776
254
878
863
834
624
947
576
464
501
197
943
755
202
985
372
665
657
978
871
197
477
495
63
339
14
437
625
76
444
701
554
752
239
651
897
876
290
481
785
175
898
374
982
704
75
677
656
749
162
49
816
375
693
54
124
426
64
146
787
708
873
415
699
279
419
117
207
336
657
276
708
708
598
173
