924
582
132
457
600
680
776
579
645
821
671
514
643
905
555
571
538
594
297
416
163
633
307
380
627
106
99
435
344
8
517
78
302
172
159
643
904
817
900
251
503
43
684
108
642
733
709
961
394
400
394
197
506
57
751
307
205
726
820
683
194
705
676
108
214
928
264
126
532
832
500
637
782
261
709
39
900
753
491
29
26
581
996
341
870
172
94
253
120
306
211
358
122
453
777
557
886
127
954
344
748
349
55
53
77
783
32
781
949
236
429
431
992
875
669
223
651
502
483
452
994
198
507
907
118
316
666
34
955
700
906
527
731
608
312
806
550
431
908
514
355
880
499
478
622
224
541
88
583
982
431
195
29
433
259
225
973
865
522
799
98
720
770
594
930
63
257
766
741
864
36
47
313
981
935
818
352
654
101
361
262
713
368
2
385
234
178
233
85
204
332
125
576
129
336
579
638
408
996
655
347
384
611
208
499
159
443
163
431
371
507
356
508
144
53
361
285
73
572
580
39
217
910
864
690
687
341
619
168
910
668
650
665
753
343
431
456
223
720
967
845
319
669
100
737
616
909
390
417
245
228
481
641
507
71
116
782
569
562
543
821
436
509
886
861
557
989
589
939
591
571
722
10
402
638
841
22
920
599
380
136
374
89
836
822
473
594
492
864
442
557
598
671
215
761
694
29
469
361
725
809
287
293
286
445
384
772
38
734
162
945
306
686
529
579
768
743
827
148
360
608
739
197
221
478
212
887
927
296
62
273
512
108
345
486
39
515
297
730
26
804
295
478
217
20
79
179
947
767
628
