899
833
290
999
481
541
96
217
616
61
272
594
491
653
536
918
786
362
472
41
838
523
492
958
690
680
687
304
691
124
210
461
16
799
193
953
1
413
404
479
598
665
509
624
5
174
228
859
620
463
53
434
966
550
710
839
574
822
632
362
72
254
638
910
974
64
484
325
284
441
79
216
406
623
264
513
921
756
24
816
814
204
277
100
249
581
51
279
222
774
512
38
589
422
451
479
180
5
86
123
515
400
223
387
590
291
125
784
404
970
842
7
699
454
438
326
864
372
421
821
190
645
904
566
141
179
88
104
566
896
521
230
709
423
783
299
814
54
244
930
592
90
725
795
572
105
618
141
385
958
182
154
169
65
935
495
970
147
356
175
112
375
318
110
320
480
160
526
465
312
352
868
690
888
474
265
279
547
733
470
429
201
32
538
223
166
747
540
575
740
217
586
95
796
829
761
809
377
332
924
675
744
517
640
608
284
660
825
57
704
64
766
233
216
80
10
470
838
335
699
207
734
861
302
727
283
379
268
874
63
561
987
148
453
176
204
765
486
511
965
457
127
289
874
750
262
263
152
440
503
890
982
2
92
183
82
930
609
99
919
603
96
720
531
139
576
470
790
316
161
501
365
223
210
562
765
127
145
854
216
805
697
897
335
577
924
155
876
623
801
973
366
510
570
9
426
743
645
514
698
917
733
502
851
266
270
841
337
975
964
64
785
215
800
536
150
963
869
607
981
516
317
114
585
764
837
904
652
225
330
906
425
318
337
102
447
691
760
122
281
775
788
112
263
102
330
731
508
399
776
694
448
590
319
386
716
401
309
56
866
141
774
246
559
461
120
26
470
26
126
402
23
516
999
59
486
754
517
57
619
186
584
57
118
296
87
203
720
275
585
168
255
139
665
847
562
636
829
824
197
860
162
169
497
119
175
236
829
833
151
771
56
613
350
492
638
180
466
613
294
302
375
257
165
363
869
460
120
980
287
236
969
833
256
955
844
620
709
382
862
369
431
167
565
934
878
313
807
365
983
108
809
834
594
439
617
449
993
490
920
489
5
336
814
399
38
667
823
691
774
773
488
99
533
499
527
572
276
789
880
150
113
242
998
396
49
563
109
892
563
94
45
345
232
328
78
153
75
825
693
498
431
710
681
466
373
684
219
936
672
776
421
584
50
787
90
235
531
570
683
372
250
533
460
170
211
422
713
724
517
875
928
19
928
197
791
381
787
906
166
836
912
935
982
3
255
842
488
519
59
362
615
225
885
24
314
900
973
722
5
820
968
623
476
971
227
383
418
240
675
557
64
947
654
886
635
477
693
918
944
84
207
972
421
578
266
631
13
689
284
306
24
379
681
404
811
524
966
205
729
124
808
665
400
143
405
276
835
371
276
528
115
638
559
684
401
582
669
59
703
822
214
756
432
894
394
583
991
418
586
117
539
79
361
750
530
264
40
641
274
185
348
944
577
898
909
562
720
510
375
97
980
862
218
934
999
209
511
4
568
515
302
951
324
140
1000
71
945
604
926
378
444
660
512
478
130
609
229
803
501
957
632
924
931
629
534
771
356
373
822
351
540
61
819
33
997
355
762
65
59
975
794
699
825
653
746
836
12
839
325
587
838
298
313
866
660
940
988
688
170
820
729
432
553
876
957
162
230
388
616
409
643
809
109
181
203
474
528
599
624
200
562
846
947
96
826
320
997
113
353
905
381
568
98
746
328
430
405
628
63
304
831
917
238
502
99
224
205
935
603
777
537
434
322
212
203
543
410
508
243
344
663
864
749
44
877
689
965
363
1000
487
255
883
346
455
334
20
220
538
969
411
201
798
917
302
151
836
541
401
153
798
9
238
891
26
515
145
544
130
493
324
632
599
948
145
65
291
579
527
357
842
610
161
401
521
422
412
211
544
142
995
658
337
894
249
144
841
235
877
727
561
188
394
190
229
685
863
579
239
873
884
12
306
429
530
640
439
811
168
389
465
322
426
978
620
532
767
197
760
505
725
677
896
675
696
149
961
224
606
66
618
719
311
61
125
143
351
62
704
611
723
329
101
352
203
220
827
56
499
436
912
858
704
892
217
724
377
482
838
96
915
292
899
584
841
157
509
772
417
351
265
426
206
20
560
358
397
552
515
93
665
381
337
38
959
452
307
928
327
684
247
989
205
678
916
685
615
879
122
474
560
829
50
970
445
269
846
806
450
868
