500
118
856
590
939
884
180
276
20
716
394
697
469
16
780
177
875
199
785
87
644
906
151
433
807
762
690
385
290
660
85
795
469
467
475
772
154
279
136
559
242
118
908
359
588
895
221
208
43
635
607
961
628
823
141
57
33
727
913
930
388
575
513
377
423
143
458
716
630
174
924
464
507
830
899
465
729
787
154
918
505
472
689
215
792
147
751
444
444
81
88
582
98
761
920
166
875
973
460
378
179
15
963
509
292
625
926
123
353
585
971
433
52
907
29
119
10
610
166
496
720
522
881
929
794
211
270
302
742
245
280
803
814
892
340
64
537
844
288
89
702
400
556
430
456
538
385
627
331
250
980
120
291
460
730
638
84
136
35
82
548
180
495
578
368
609
67
686
384
625
705
673
299
993
599
38
589
872
944
190
23
548
272
760
569
656
732
644
149
453
301
204
277
355
178
354
578
386
387
705
280
581
96
614
992
834
537
670
992
645
756
32
378
151
868
690
183
861
786
133
929
633
437
496
289
617
918
993
830
817
903
799
316
493
970
652
386
571
258
843
738
137
693
116
710
401
98
297
459
570
800
799
544
126
536
594
936
23
500
448
418
517
185
547
152
617
327
417
27
861
589
468
703
612
221
804
358
258
86
96
680
710
15
712
7
77
36
330
643
592
955
509
284
717
601
176
127
11
928
581
735
429
981
330
413
927
288
752
821
992
119
732
337
131
960
770
874
951
92
591
314
9
207
520
842
223
95
67
631
909
804
644
171
145
61
131
94
670
378
844
768
536
903
483
761
565
44
679
849
888
683
880
228
466
285
619
944
75
277
902
700
823
509
520
897
646
974
405
223
830
574
157
615
870
507
934
482
112
750
279
160
79
130
704
250
355
799
804
365
51
606
128
417
410
262
740
519
633
998
72
344
495
365
485
823
802
835
967
154
678
983
485
449
359
454
464
592
656
999
880
841
930
193
954
231
828
994
474
782
279
571
983
140
457
732
829
91
286
317
459
629
349
892
928
658
492
336
525
826
962
917
183
691
977
457
644
256
153
966
659
452
710
682
573
923
537
162
758
933
117
288
954
608
153
599
913
80
695
837
422
614
558
422
657
237
482
48
412
416
937
106
980
646
582
961
240
379
855
235
927
242
908
795
154
130
445
136
765
684
565
672
813
186
912
413
189
565
583
887
220
660
307
877
444
260
153
373
792
508
853
951
125
51
827
397
804
451
579
423
817
81
486
363
935
536
81
172
577
41
558
78
685
513
347
108
184
101
914
492
654
258
255
277
339
322
506
64
96
70
617
269
131
13
718
934
607
249
754
313
18
191
938
14
543
601
290
842
250
792
47
355
99
858
621
743
82
898
254
372
691
928
95
841
610
428
849
187
482
728
177
379
164
245
59
515
539
286
337
921
708
19
113
508
31
910
10
276
827
838
479
111
418
70
884
389
812
495
757
514
552
208
640
40
596
360
886
997
340
870
537
686
910
738
220
431
161
364
683
323
358
203
612
378
303
302
693
899
689
821
509
966
512
103
640
329
410
827
53
715
377
865
364
760
937
798
616
981
925
576
483
807
577
139
960
13
795
324
312
469
23
408
920
14
203
951
200
190
347
883
1
293
262
614
220
998
302
899
876
912
647
514
250
130
977
389
678
617
429
469
781
767
810
207
172
574
138
355
362
742
85
689
893
388
739
418
358
727
900
194
188
925
818
184
63
5
907
509
155
529
771
281
118
995
885
943
71
270
305
849
235
820
25
22
666
887
454
779
244
707
172
915
30
695
29
308
48
232
1
41
446
502
65
999
253
227
676
252
622
624
792
234
198
539
554
877
521
158
806
107
680
510
771
412
817
197
688
164
136
752
726
778
987
263
29
971
413
313
892
151
890
200
526
71
280
261
528
797
592
995
603
228
257
196
157
296
830
127
418
297
997
450
167
951
163
129
580
985
9
331
598
981
655
655
5
103
113
800
664
330
333
89
656
479
810
829
437
429
589
663
761
958
451
629
102
190
457
274
20
583
144
796
452
539
39
429
489
516
858
653
493
848
540
416
906
958
935
813
799
524
764
234
245
446
792
695
430
259
604
667
13
842
253
376
928
528
342
112
710
255
775
561
997
233
84
202
282
327
960
358
686
80
458
634
482
649
627
871
222
153
566
664
837
499
676
831
686
359
657
601
814
64
970
913
997
228
861
612
885
774
219
454
706
576
32
228
55
867
91
449
221
