831
502
766
602
23
725
212
849
149
823
826
278
335
311
326
950
338
350
807
741
208
948
280
912
475
233
683
536
563
55
618
661
346
976
343
187
133
837
672
757
35
758
847
628
662
717
24
481
123
975
850
114
936
548
129
227
723
24
273
798
934
653
369
14
525
465
823
50
10
735
265
6
37
604
209
998
901
978
897
255
778
796
151
78
491
240
136
432
183
478
669
487
213
599
732
807
168
323
73
513
180
486
903
497
385
186
978
311
234
291
642
398
818
704
825
446
603
976
970
321
186
309
616
416
683
515
850
477
980
879
117
945
748
516
173
445
92
246
767
454
823
365
201
906
91
732
72
484
835
812
692
770
613
498
854
284
196
754
70
857
871
968
552
18
476
815
992
730
382
794
345
758
196
99
801
269
806
744
483
884
343
77
934
567
396
755
439
470
983
182
886
176
257
626
254
408
348
822
213
242
195
506
183
851
306
201
843
212
211
224
189
366
861
154
695
680
442
471
916
482
152
739
687
998
482
787
306
592
40
784
965
42
554
663
373
671
866
414
797
923
393
955
52
66
20
958
936
913
440
324
915
71
232
759
779
409
141
580
447
387
365
244
896
403
852
941
564
686
433
756
386
369
292
564
157
147
247
768
454
676
749
180
22
522
819
954
6
88
376
71
67
870
263
506
7
86
635
310
875
612
154
851
750
372
842
958
534
810
94
814
300
303
357
906
823
92
710
176
761
55
550
828
855
194
122
943
359
113
532
889
340
623
891
97
49
205
892
51
499
889
216
925
238
353
445
497
962
211
896
726
137
483
533
848
728
951
714
235
881
301
851
357
430
891
99
514
769
76
151
301
822
130
110
955
955
729
530
769
682
796
738
729
298
866
669
706
707
131
740
918
211
502
982
528
428
70
14
645
927
465
475
905
258
17
404
451
997
619
79
569
589
299
81
960
958
302
543
525
560
424
758
314
340
923
96
714
608
98
595
291
541
597
720
43
675
805
732
794
690
766
617
410
600
801
991
879
272
798
508
369
118
869
606
659
915
813
421
225
253
91
679
812
844
749
424
454
759
901
958
571
977
588
97
677
241
92
87
813
541
599
364
959
451
794
267
308
725
937
59
213
617
87
564
236
558
834
847
576
241
554
201
916
510
46
692
120
379
294
422
188
103
775
965
186
743
720
375
896
376
930
397
212
971
939
414
665
749
130
559
286
882
717
227
712
351
122
543
906
949
885
908
574
364
283
230
12
116
918
406
105
457
558
691
368
687
691
608
3
753
109
447
63
995
330
894
302
525
56
52
229
906
644
263
574
808
384
323
148
775
160
803
544
165
226
87
218
395
713
138
685
78
376
196
206
356
574
665
814
764
633
481
378
137
586
991
316
302
754
445
884
358
519
176
731
375
618
396
414
800
322
920
670
355
622
364
239
76
433
330
936
700
619
105
821
512
961
875
988
996
608
529
103
26
550
623
210
401
995
502
653
512
469
859
14
885
379
434
506
343
990
375
580
929
321
577
162
88
123
43
161
160
365
556
584
676
863
647
760
418
456
609
519
591
833
709
886
514
459
144
937
