508
60
384
394
969
570
433
440
489
819
594
247
153
27
448
419
524
520
493
330
512
196
510
66
1
369
400
524
442
745
198
846
146
784
118
741
931
529
758
442
83
833
426
156
849
711
6
588
48
60
179
45
789
629
728
935
263
571
655
336
6
102
746
9
128
361
682
763
329
136
264
71
670
907
94
294
747
59
965
483
197
489
771
655
285
499
53
55
919
845
596
189
360
687
15
930
852
955
883
397
495
62
894
183
17
710
986
246
695
64
788
460
902
698
655
480
658
674
391
662
114
657
245
764
662
486
929
609
250
822
963
879
450
883
371
724
485
74
394
105
231
369
694
527
351
303
114
364
659
937
386
254
95
346
33
167
974
967
503
491
770
460
627
254
656
246
346
914
117
753
886
875
779
444
575
288
206
252
689
249
585
242
785
194
28
57
351
93
213
375
87
628
237
194
199
101
558
469
96
654
582
249
324
883
547
736
434
888
726
571
25
477
51
666
131
520
946
173
913
345
247
175
188
29
77
434
89
596
291
671
842
600
793
203
190
906
463
796
11
307
204
982
751
789
162
533
112
555
381
797
843
711
258
527
203
598
553
375
219
215
221
481
591
523
147
113
935
706
864
598
23
647
307
519
193
898
62
287
458
94
504
14
348
484
990
925
974
777
965
339
385
468
531
779
534
373
194
324
421
828
385
488
516
827
360
690
721
529
32
851
75
259
965
884
959
906
885
845
254
45
950
131
754
125
877
705
557
647
111
450
780
1
807
348
928
462
44
443
609
627
728
231
330
608
467
572
779
903
480
788
646
404
983
227
508
774
577
793
273
542
935
512
724
382
514
970
172
347
901
174
