270
999
324
18
373
626
358
690
631
566
778
18
650
92
104
907
305
755
729
972
961
415
654
241
784
487
705
96
641
208
542
315
85
940
910
331
457
586
43
150
68
680
442
889
425
208
42
632
160
74
364
59
833
488
506
181
328
179
758
942
887
459
814
878
238
29
122
629
786
942
975
506
204
340
110
690
566
849
568
247
52
42
532
578
968
279
29
425
674
707
554
304
45
919
606
445
154
213
587
937
986
446
702
897
695
535
27
47
73
276
465
503
703
302
523
476
758
570
160
307
963
448
206
535
262
888
555
122
528
947
636
657
746
441
830
261
112
220
621
706
432
625
98
124
535
363
983
732
591
39
9
369
592
570
393
429
151
668
870
350
337
587
121
960
187
884
436
199
857
356
615
912
26
861
854
743
608
675
175
571
995
603
740
636
743
447
762
265
458
262
339
618
649
368
905
898
511
563
695
350
958
938
572
40
711
120
884
651
147
759
532
475
825
451
680
803
773
147
843
762
141
981
989
884
347
434
758
279
251
561
449
471
475
524
822
368
859
965
338
835
783
782
907
320
603
348
778
547
937
829
638
350
620
325
445
360
139
342
709
448
441
193
440
302
554
140
820
104
942
880
830
560
679
708
586
300
936
499
983
530
487
402
474
217
181
939
979
142
311
212
388
644
171
474
260
974
850
649
511
245
947
220
116
47
929
785
788
612
872
454
768
529
833
176
729
675
896
627
807
428
361
956
935
749
767
405
935
943
933
404
180
612
933
522
415
308
350
3
395
95
518
153
741
923
843
109
98
719
258
215
175
234
524
55
189
341
96
858
427
265
357
788
549
252
7
830
34
364
777
529
413
811
79
205
801
944
126
859
687
882
420
811
646
782
872
981
93
198
974
739
799
833
615
972
145
679
966
875
871
209
785
754
223
758
900
175
227
370
13
152
909
881
432
158
181
848
385
883
305
719
525
5
840
30
931
145
551
622
201
82
676
608
548
53
151
296
883
758
836
105
880
117
891
285
239
164
959
335
398
573
291
325
282
432
435
77
2
853
260
206
1
166
757
705
704
205
593
29
948
74
382
169
787
790
697
805
822
977
537
760
461
59
76
200
629
340
793
236
984
126
165
413
781
35
405
958
23
354
298
134
636
584
357
803
588
387
23
724
102
546
567
489
362
819
108
612
450
185
960
831
186
847
476
578
264
357
954
233
675
330
102
892
924
469
460
402
915
154
77
418
561
133
64
81
904
970
728
928
223
517
313
904
268
645
672
584
298
723
506
975
960
481
825
765
639
708
304
867
144
620
535
707
673
837
316
771
529
987
92
324
840
592
200
748
706
281
342
333
844
728
267
255
716
88
58
758
863
905
681
788
755
830
791
113
726
420
619
605
774
774
806
812
149
522
804
44
102
885
325
672
313
710
944
343
822
815
840
783
57
195
404
2
99
982
134
305
625
373
459
562
174
487
318
462
965
243
623
31
883
657
993
959
354
243
83
716
819
908
949
113
949
828
107
922
639
419
92
189
316
130
581
811
559
442
871
648
673
264
782
313
