369
680
500
554
1000
755
252
148
85
62
728
779
523
644
3
839
572
170
868
339
477
607
579
443
926
263
81
943
275
70
728
704
615
401
890
297
740
970
326
8
46
432
236
446
86
899
662
125
625
207
728
947
573
477
618
879
417
136
567
190
305
165
33
757
883
246
21
787
39
967
180
548
792
912
681
681
491
220
75
358
731
294
791
523
828
911
638
696
664
373
249
906
117
312
958
476
867
665
6
731
885
665
547
833
444
463
24
618
796
974
372
9
907
363
24
48
140
911
873
127
739
712
227
484
799
612
774
91
281
6
561
230
837
306
434
295
875
363
140
478
101
257
961
93
526
788
604
833
446
173
417
340
898
217
385
618
789
7
224
826
77
714
128
710
206
880
206
740
908
834
768
924
241
550
21
459
393
999
99
482
756
114
755
942
751
765
964
200
515
243
683
271
46
586
295
385
323
444
427
826
860
686
746
700
60
924
215
688
416
463
727
13
928
420
430
942
251
224
999
516
207
400
399
395
704
499
785
372
702
779
449
386
14
469
353
337
566
735
107
594
612
452
751
151
966
109
950
785
572
15
219
427
479
49
993
93
407
601
82
746
927
262
11
494
415
17
316
537
975
523
925
436
154
686
502
711
326
944
339
597
765
169
443
560
762
676
426
350
952
910
282
685
412
378
892
345
578
134
702
723
373
857
474
394
249
181
240
145
589
520
244
768
264
93
509
766
70
984
162
878
93
646
292
764
682
830
581
168
143
847
422
866
786
860
973
747
821
872
933
890
544
42
919
885
67
383
943
300
949
103
872
290
663
910
48
580
449
460
168
490
602
366
550
673
573
351
800
196
360
24
319
395
294
140
612
130
367
553
768
554
35
872
97
813
945
623
998
210
592
79
994
409
261
270
808
705
671
751
976
848
