65
83
114
833
135
614
290
883
835
44
841
782
43
931
614
294
775
749
722
671
811
822
996
948
749
116
933
350
861
397
451
536
57
555
701
534
582
99
480
721
52
99
545
665
298
102
935
877
531
777
383
223
433
27
281
96
505
697
726
121
705
654
683
950
723
565
803
237
71
451
477
605
399
251
625
611
512
684
37
925
439
417
734
740
81
942
519
311
312
441
947
900
332
830
557
554
213
506
128
761
275
945
931
85
197
505
152
874
472
744
818
828
728
524
888
611
213
403
775
965
833
195
223
543
636
327
59
862
349
655
207
124
567
696
191
892
492
108
10
682
704
980
580
692
51
918
138
950
706
775
708
672
515
247
962
853
602
770
812
686
677
285
368
950
84
679
675
763
864
126
200
340
314
594
839
114
220
563
69
403
855
383
290
87
498
767
864
228
176
901
71
679
110
571
424
72
794
744
744
58
177
694
915
837
262
286
898
799
952
834
647
744
75
867
2
526
281
814
586
753
182
789
218
211
998
493
881
349
413
664
583
356
234
717
2
261
697
365
614
374
758
988
727
673
203
311
284
65
14
197
754
324
995
731
795
313
306
197
401
795
737
560
568
145
969
812
649
842
512
608
211
678
380
764
643
479
781
55
857
40
821
20
931
169
674
869
640
922
674
189
896
184
859
312
238
908
331
66
815
64
750
714
495
680
83
176
642
654
610
354
431
330
705
315
877
578
383
628
485
570
247
224
568
669
522
177
181
904
453
403
885
243
809
330
914
105
286
121
801
140
989
908
102
133
94
52
371
432
633
826
961
891
664
933
79
813
544
811
226
460
171
53
739
356
215
951
109
515
62
694
975
334
3
504
538
225
480
826
843
615
94
592
541
373
159
16
856
572
636
255
136
885
390
671
790
965
55
187
175
486
514
306
492
60
81
173
758
694
768
318
112
772
851
29
16
51
388
754
189
791
972
913
467
973
706
812
41
213
178
905
251
972
268
352
427
10
714
834
152
82
734
267
172
208
380
192
55
932
197
990
208
326
354
959
124
563
793
386
832
482
26
293
596
285
545
968
699
541
371
439
34
825
418
933
99
460
319
108
55
281
836
107
761
389
114
741
767
313
333
452
132
48
217
115
872
189
790
38
66
613
528
855
761
677
19
806
702
822
683
868
893
248
329
156
443
810
11
868
354
134
810
875
345
264
315
872
695
464
28
130
134
498
271
389
661
293
907
9
629
940
603
375
802
508
156
408
257
468
338
872
673
410
832
82
162
59
115
452
369
199
157
331
606
159
26
588
722
433
884
829
638
290
499
180
410
566
812
857
551
608
834
892
756
727
497
427
792
458
65
261
722
489
418
920
610
73
895
916
645
392
747
588
112
74
867
527
525
551
432
993
323
418
858
685
485
398
358
342
355
817
280
60
767
312
94
24
572
172
331
670
328
358
420
455
865
45
161
908
771
356
126
914
250
967
839
494
731
666
563
425
574
945
81
247
542
519
86
730
411
597
287
264
46
144
721
204
575
465
218
441
505
860
509
767
678
784
451
809
213
781
386
529
424
514
475
118
812
828
492
250
365
816
557
329
284
634
600
318
103
212
920
454
841
855
973
979
681
641
149
193
365
608
223
676
440
465
946
55
842
266
491
776
359
487
872
704
216
76
334
257
691
683
459
817
226
78
868
799
256
862
134
611
765
285
887
959
362
688
911
905
198
715
781
476
497
753
120
750
781
362
470
59
54
733
404
182
372
628
768
725
234
365
432
653
472
51
203
877
865
280
224
105
834
703
810
441
655
724
728
253
192
534
195
685
528
956
401
282
784
890
831
222
31
647
272
417
413
539
714
728
268
403
364
908
144
169
91
629
136
807
966
429
981
628
878
604
445
473
208
224
95
873
313
348
603
583
514
454
13
998
133
2
750
736
149
703
33
267
807
883
370
510
67
922
146
447
176
337
59
125
293
52
376
807
735
952
983
262
975
63
514
241
940
696
131
824
543
613
517
278
598
474
655
5
614
455
987
698
534
800
579
716
892
781
315
412
893
794
307
712
