654
76
641
747
488
422
856
586
998
811
691
928
859
390
957
51
243
670
101
57
263
262
894
669
966
990
422
221
490
674
287
329
379
64
902
374
252
200
345
559
889
110
366
690
538
214
555
844
291
414
139
775
84
7
49
942
988
395
666
983
115
538
898
27
803
678
55
711
593
548
267
278
357
801
361
364
856
970
728
79
579
449
855
319
550
763
320
99
469
280
198
401
65
767
169
675
810
142
751
825
681
175
245
161
658
597
364
608
800
294
316
703
459
280
841
43
286
102
372
986
292
583
869
821
343
410
598
748
819
78
421
752
329
422
35
812
715
677
529
725
671
712
174
744
70
42
367
277
421
21
573
445
529
982
345
720
461
640
720
677
204
271
385
499
679
490
79
311
219
966
526
259
778
955
454
882
125
693
609
913
796
396
147
811
151
688
68
631
354
556
601
424
882
39
21
746
359
47
974
550
99
559
833
41
138
523
863
352
259
68
559
802
623
966
796
929
849
122
999
531
42
273
795
64
678
765
125
764
265
184
394
966
868
140
186
429
912
995
945
745
275
963
520
961
267
420
233
441
674
135
591
192
687
223
768
181
125
882
824
334
687
309
738
134
799
630
855
875
890
2
804
372
514
600
689
554
432
481
435
896
594
35
129
776
970
274
260
183
709
172
466
81
351
714
936
431
685
849
554
345
795
500
886
758
788
120
139
515
337
459
842
270
844
486
470
247
157
64
705
604
801
517
230
850
297
986
91
271
204
942
572
556
931
102
852
353
578
147
272
774
278
585
155
594
892
508
343
810
261
87
32
729
130
160
393
194
232
105
218
267
892
795
992
727
347
270
538
136
732
220
588
973
152
649
369
525
684
665
129
249
970
531
762
399
986
415
303
957
331
381
55
71
814
548
398
751
995
701
517
188
481
539
149
663
93
522
477
392
119
652
216
649
528
355
119
104
619
541
617
353
351
62
639
768
965
721
17
638
708
38
635
536
559
104
495
536
645
310
631
56
453
352
571
37
426
409
17
352
582
288
362
44
680
944
451
192
790
987
580
252
456
547
159
298
951
451
887
547
956
91
816
861
754
76
981
126
207
302
108
890
889
963
769
961
599
895
243
452
36
426
709
667
864
137
899
519
669
775
326
856
914
593
822
432
741
839
59
307
500
264
180
106
135
829
460
168
495
536
56
196
235
552
737
864
968
229
171
65
842
54
283
614
914
965
85
756
1
302
377
428
823
923
442
538
977
119
961
276
865
376
151
57
810
573
519
784
970
67
923
718
530
878
570
237
52
698
46
973
209
185
132
460
421
599
817
255
608
211
591
964
596
382
843
942
15
454
368
485
287
692
351
547
994
296
140
849
303
575
271
938
619
176
254
872
754
514
918
605
233
208
808
682
391
924
937
413
298
363
790
791
200
248
490
331
359
6
851
28
51
314
