438
226
489
992
176
879
231
450
996
771
863
563
348
75
55
581
721
945
623
684
694
702
567
639
307
351
417
318
692
897
513
881
428
806
548
475
229
794
300
465
277
415
459
183
383
923
233
963
836
767
455
103
174
388
996
869
294
607
30
360
555
776
96
150
380
449
239
753
830
767
298
217
424
699
122
877
14
338
146
323
862
7
976
475
909
694
329
448
583
859
144
46
276
157
89
183
584
12
994
90
934
569
992
203
354
794
1000
701
167
664
803
486
824
319
796
714
631
292
910
666
388
39
560
457
29
636
302
712
504
147
302
149
568
81
259
973
352
3
338
797
194
650
329
509
273
117
105
500
182
529
879
298
534
280
110
748
554
8
104
451
165
424
907
805
769
422
792
411
84
183
824
421
488
135
783
110
829
865
447
107
388
371
693
851
697
690
492
827
647
927
72
732
772
695
281
429
488
216
278
50
702
55
829
65
148
119
552
207
233
808
536
708
737
681
870
634
876
963
443
8
190
333
59
747
748
619
955
905
177
206
982
861
419
695
275
235
470
475
604
18
903
279
647
718
736
396
435
984
967
785
487
140
505
521
622
304
149
662
525
526
610
745
294
331
818
77
646
766
327
47
895
282
481
475
594
866
320
732
316
548
916
674
502
16
92
152
386
84
77
141
803
511
619
959
22
622
232
635
330
593
744
942
945
638
76
626
849
254
971
212
4
213
61
921
234
788
983
999
282
248
996
960
460
3
838
409
945
727
304
515
207
415
420
294
929
231
427
598
747
179
101
391
296
856
688
189
595
577
791
235
700
319
32
493
680
48
455
919
196
799
195
573
380
154
222
9
52
623
1
773
340
74
484
225
717
116
227
214
611
389
1000
722
505
920
976
548
703
765
893
949
248
370
921
405
410
55
319
107
157
685
562
210
699
295
398
115
255
495
565
232
285
644
110
141
669
205
708
615
327
408
616
822
744
450
206
872
773
166
780
264
71
171
460
979
796
436
770
89
622
395
714
760
369
79
561
383
708
87
18
789
427
602
914
321
253
372
422
125
510
532
225
463
192
129
187
743
290
893
345
239
