367
484
533
166
881
266
455
303
913
343
752
727
459
388
661
419
93
462
34
882
384
432
432
436
38
321
269
326
496
321
313
3
554
342
885
215
210
340
783
714
406
149
426
835
125
868
152
888
966
472
813
386
481
335
886
924
679
575
714
631
352
140
569
953
794
336
324
453
366
133
589
202
741
630
833
577
308
62
807
791
233
139
905
167
553
320
43
921
159
761
2
790
67
764
54
853
199
826
645
649
336
90
877
215
225
912
262
451
814
503
611
432
318
966
446
719
804
87
626
101
459
992
545
821
384
433
572
593
504
825
796
608
151
571
321
704
32
868
224
103
541
648
772
725
575
754
151
726
850
791
464
936
576
525
686
641
749
357
794
47
869
2
547
935
44
820
326
219
790
845
610
927
107
418
212
132
247
880
104
267
23
447
289
902
826
499
427
67
6
107
896
82
741
175
142
395
476
93
752
695
12
578
559
421
1
920
333
479
222
859
889
386
830
681
354
588
600
488
28
858
615
835
665
538
970
417
20
334
577
689
405
235
628
440
622
123
458
425
369
454
914
61
88
769
667
619
522
266
616
605
704
743
853
359
918
537
84
966
691
298
812
434
596
582
592
740
626
538
717
827
931
166
877
441
282
803
807
573
983
366
675
763
589
768
800
879
893
747
837
40
140
811
936
31
764
486
287
506
31
728
227
139
454
7
360
865
804
180
627
382
126
510
458
531
481
184
339
157
951
538
638
643
468
271
345
703
927
954
540
993
589
422
221
938
738
307
636
832
311
353
542
231
896
156
278
736
657
856
66
454
726
595
673
73
182
27
415
227
540
17
233
766
511
122
562
139
406
566
774
452
752
988
700
195
224
458
588
392
487
20
174
202
893
913
467
397
356
593
645
519
197
924
568
181
221
691
281
582
277
495
401
502
281
321
626
247
839
254
82
146
510
305
994
624
256
573
477
829
12
525
716
693
239
837
64
610
227
709
642
465
437
300
302
17
395
653
657
840
933
448
416
420
339
612
929
824
236
857
302
241
692
336
587
852
453
787
533
291
195
143
320
385
487
772
659
826
214
498
773
287
106
602
687
972
890
965
624
266
2
400
817
57
890
968
186
665
290
357
303
571
316
756
561
823
754
938
64
557
174
387
606
128
613
233
683
895
580
762
555
773
340
640
725
373
885
298
4
8
243
120
961
311
373
738
227
821
603
555
527
542
254
830
444
786
534
427
948
530
290
896
481
506
617
881
800
980
60
251
945
480
954
45
390
208
907
783
702
954
815
30
13
188
456
273
540
297
684
310
30
579
670
279
969
60
453
994
434
325
846
886
250
68
168
147
837
930
291
807
691
418
288
966
907
823
893
976
909
73
70
121
713
368
842
989
84
144
809
317
602
212
212
311
796
685
850
138
971
218
953
144
672
644
293
187
107
643
471
866
21
427
899
570
778
30
129
156
481
715
839
111
407
355
285
832
459
45
791
711
264
730
415
341
48
124
477
727
508
748
828
485
811
54
758
573
52
58
938
90
249
182
196
666
263
634
287
535
961
516
604
233
582
324
315
903
599
342
188
922
474
107
636
320
239
483
32
239
925
257
778
758
159
491
580
138
662
538
263
571
343
109
463
350
193
630
908
750
534
719
372
341
928
194
344
602
854
993
72
229
155
190
8
901
290
890
686
1
609
951
542
534
37
774
756
444
716
433
429
532
883
960
295
53
201
362
103
197
812
745
464
873
500
1000
279
419
413
841
75
506
881
798
318
296
125
922
192
877
274
79
425
494
201
167
703
579
649
458
239
603
543
699
247
218
647
33
770
441
668
62
528
509
672
568
216
993
952
574
143
168
341
60
359
177
552
601
660
750
845
59
161
129
999
288
318
474
374
517
96
373
386
118
937
645
117
34
2
848
438
209
37
312
451
621
219
723
720
498
85
492
20
913
361
587
70
881
755
724
908
941
619
683
