242
809
680
122
196
479
602
221
708
611
284
65
522
256
109
874
923
441
958
799
715
163
37
232
39
290
168
73
964
991
87
986
756
419
491
366
462
172
607
640
190
904
781
215
805
461
964
114
14
271
984
55
23
17
268
889
822
649
763
27
251
691
435
225
693
821
349
165
973
354
581
147
528
816
39
134
278
280
795
417
899
58
89
818
926
158
206
407
573
116
659
65
457
885
367
225
933
869
706
95
911
859
124
507
227
743
84
658
377
835
569
80
564
71
793
687
380
175
7
697
539
588
97
346
73
266
953
116
826
492
118
793
613
888
650
764
588
880
180
233
987
707
754
819
256
91
307
502
813
572
962
424
826
431
250
573
684
147
6
223
307
616
973
815
598
96
302
49
934
925
608
136
126
442
264
52
63
934
855
556
234
925
985
391
477
11
465
978
950
202
160
870
604
755
278
253
680
267
646
713
593
782
476
39
881
887
166
350
58
108
157
275
956
378
106
551
463
371
481
222
10
672
942
638
235
125
689
941
615
789
530
274
134
428
751
2
382
337
632
386
439
362
629
418
167
825
632
610
407
381
953
63
118
621
408
120
339
794
528
863
324
935
802
703
650
112
505
15
929
39
103
186
376
202
946
637
289
954
66
290
113
876
749
292
409
259
752
737
543
516
1000
56
400
426
983
558
130
730
293
556
521
854
392
14
632
433
165
242
918
258
639
235
619
526
902
253
48
992
125
433
880
470
208
761
89
971
185
220
944
351
430
850
107
498
223
924
144
837
567
659
785
923
340
895
286
727
157
287
822
814
487
299
990
691
329
971
389
976
37
589
232
18
813
906
154
743
663
576
84
498
541
396
979
140
506
733
796
421
216
511
622
506
172
41
90
994
680
783
287
702
812
424
636
875
686
638
531
878
830
384
960
213
226
915
77
347
519
312
334
531
823
302
822
244
741
248
738
806
400
240
539
948
56
889
584
126
485
495
169
741
323
661
511
816
141
561
975
871
670
677
572
553
424
566
500
504
38
762
448
650
521
947
201
923
196
413
686
989
179
170
1000
224
630
769
384
703
370
765
289
33
59
164
358
159
581
850
821
502
197
153
984
599
325
46
595
80
620
305
549
756
204
803
908
814
492
109
888
624
534
369
76
109
990
301
82
576
61
202
549
436
110
536
720
194
649
566
36
328
401
805
774
820
116
308
408
560
648
39
160
55
787
987
700
531
531
913
554
70
209
398
632
703
469
646
589
77
228
152
475
469
943
11
341
514
120
580
21
632
469
137
35
446
929
322
397
672
707
162
559
240
138
808
260
175
493
310
321
426
934
196
600
812
363
791
426
998
833
767
10
989
735
787
107
571
587
765
941
107
352
848
803
628
279
318
45
634
80
648
227
376
490
522
601
631
634
632
173
9
360
175
584
658
908
309
869
43
473
352
866
32
498
717
338
637
52
110
552
877
697
360
254
374
801
31
54
108
113
85
930
880
954
760
350
283
192
88
550
893
787
945
795
27
5
85
184
536
729
549
902
324
210
760
682
865
445
289
771
820
6
268
728
152
190
63
288
806
956
425
254
684
95
200
39
366
456
137
313
350
701
971
455
83
60
436
921
360
847
812
340
299
798
934
349
878
694
906
949
122
102
744
618
115
522
856
362
528
93
505
479
416
243
937
179
282
943
172
289
788
178
401
819
143
63
125
314
852
443
885
206
460
708
193
898
861
747
903
905
449
368
171
924
623
946
648
441
115
810
19
546
499
400
706
874
279
316
820
734
973
710
137
832
374
469
242
873
803
754
135
566
767
