778
610
286
428
382
453
899
866
385
824
669
884
191
665
190
342
536
148
729
126
260
287
678
979
396
334
655
129
773
500
704
968
313
241
366
211
76
695
492
427
76
269
958
170
670
743
820
319
461
451
897
355
637
824
12
515
286
612
176
991
445
549
731
888
766
406
448
632
738
329
479
970
953
399
537
104
55
958
736
96
669
574
427
770
893
159
821
991
140
610
473
234
632
983
58
29
428
111
184
632
610
606
764
878
535
664
372
795
633
341
316
270
323
145
147
942
649
122
335
58
817
586
217
883
502
422
185
716
599
803
600
945
396
497
214
964
447
146
45
535
158
675
822
552
984
431
562
853
998
483
660
156
802
926
218
827
691
730
945
104
633
621
347
242
348
538
16
788
327
564
619
856
866
160
489
37
872
35
593
330
539
938
366
88
618
293
204
784
582
610
850
164
899
448
433
780
405
68
909
117
705
671
750
205
572
559
410
835
702
164
715
914
31
792
264
790
410
608
823
389
160
335
792
141
340
33
483
934
109
65
169
367
38
404
526
907
42
384
286
192
61
886
830
477
81
528
122
254
294
173
165
39
56
334
119
308
43
443
693
39
480
17
672
74
998
347
172
801
329
468
817
702
761
143
837
539
854
962
787
604
222
393
631
104
821
938
352
724
453
869
183
109
165
816
103
738
271
459
738
59
675
133
809
349
206
87
225
627
115
474
311
705
778
640
636
910
705
614
206
36
538
525
838
140
393
519
242
258
131
802
539
304
717
192
651
399
540
781
930
733
627
54
598
863
63
468
997
456
752
233
813
887
749
668
522
853
223
521
10
509
787
509
575
434
725
659
394
992
239
867
211
72
293
412
626
515
345
282
325
829
326
135
313
236
227
435
398
166
92
868
415
225
412
345
918
992
861
635
720
818
384
201
685
180
161
692
542
744
15
537
698
719
682
470
585
969
533
734
751
144
220
517
980
155
603
91
562
464
59
835
277
365
954
258
112
544
256
385
214
595
748
937
409
300
958
874
84
923
64
32
720
389
562
913
206
562
535
514
588
42
