870
421
460
572
834
864
692
317
272
553
479
864
945
287
81
415
87
933
141
709
781
889
247
248
190
792
593
264
709
395
104
876
939
469
895
121
356
240
237
118
281
992
159
603
500
228
34
257
872
52
304
688
92
151
403
144
5
383
642
510
783
880
784
510
626
935
969
133
671
915
273
760
277
305
567
960
492
396
255
406
419
451
996
506
788
339
857
766
579
16
436
202
321
316
650
25
412
723
572
34
897
427
804
691
227
581
134
929
203
919
887
847
400
461
408
862
796
879
773
368
911
396
69
477
386
440
763
61
262
774
411
391
435
814
736
218
274
318
20
926
361
725
143
910
641
892
520
179
2
774
57
359
407
563
315
619
104
994
56
419
388
124
592
113
798
210
34
309
407
563
556
556
583
459
532
975
440
345
847
498
672
847
155
170
433
41
679
612
375
917
706
412
838
548
359
758
413
998
379
183
498
687
329
653
957
127
979
543
601
761
646
115
885
246
469
13
861
399
720
647
342
52
365
105
290
789
282
347
115
886
966
340
478
696
525
273
860
778
588
183
464
643
442
634
319
892
402
612
409
395
166
239
160
832
590
589
684
424
706
577
310
681
61
567
118
711
869
33
440
486
170
728
515
941
56
200
529
368
715
460
731
498
285
23
664
1000
325
776
845
491
32
840
754
809
211
555
864
261
372
170
281
718
811
614
703
26
61
269
639
375
778
74
811
672
380
653
952
523
154
817
775
312
589
252
593
400
658
978
511
653
739
616
872
219
307
858
776
122
651
179
535
207
418
20
939
196
608
347
597
309
539
995
805
855
365
915
937
969
970
235
41
887
832
305
346
42
694
385
243
870
829
778
30
943
999
23
105
828
220
814
198
847
574
639
681
946
587
588
722
206
721
222
588
823
363
874
297
148
569
339
