811
222
602
71
887
71
633
922
835
596
600
203
353
48
913
404
788
369
520
1000
130
677
732
711
410
702
901
974
385
26
920
260
950
604
840
31
387
288
224
825
646
869
559
582
848
795
272
266
919
93
554
817
541
310
574
457
234
460
886
409
419
155
999
158
600
355
787
318
517
779
174
394
369
254
696
773
896
564
943
683
379
358
249
637
528
975
560
867
906
564
338
199
37
564
788
416
50
734
740
956
408
246
981
144
270
162
386
634
266
361
356
170
435
413
40
624
198
61
598
177
71
244
101
408
837
768
378
112
278
448
832
547
139
916
482
815
886
933
652
221
535
291
489
733
271
442
929
521
863
571
251
6
949
557
147
659
82
822
699
822
12
948
262
598
78
198
887
74
966
275
362
403
875
67
632
631
849
332
396
354
999
564
680
643
899
278
68
380
281
1
983
488
891
145
863
834
273
560
499
581
386
191
552
647
821
822
292
109
695
32
221
77
93
437
829
86
871
912
698
575
