581
529
146
399
916
343
578
154
885
206
16
662
55
675
215
322
986
122
990
647
497
763
772
35
457
71
21
632
1000
235
977
279
237
806
658
307
736
791
968
703
641
685
244
976
349
939
961
583
279
843
582
834
647
12
354
569
46
549
752
20
530
448
342
372
12
181
977
935
608
185
263
697
629
342
968
670
398
692
157
988
636
495
531
130
581
532
188
476
540
985
753
891
222
792
29
753
305
579
503
948
710
30
73
777
19
154
633
332
732
711
682
517
194
329
563
830
26
315
38
592
985
116
905
442
202
325
863
507
66
901
209
612
367
18
507
839
976
380
701
63
700
366
799
188
876
77
318
573
100
182
681
389
520
38
971
793
484
865
623
257
830
150
793
905
163
805
853
714
768
799
506
770
838
530
587
624
940
295
951
797
155
690
518
447
961
390
847
564
734
618
418
679
146
953
409
14
504
598
28
874
132
808
211
79
734
912
743
79
237
485
65
8
721
517
896
475
482
258
568
174
105
781
44
136
667
711
758
235
851
839
922
397
536
385
516
126
782
648
384
776
93
684
540
320
603
559
827
578
781
837
722
674
405
554
464
702
562
348
198
360
971
117
957
258
88
959
358
1000
89
103
117
664
25
347
399
163
55
581
265
511
190
61
309
248
920
468
523
830
649
51
261
228
199
619
156
639
983
484
722
566
898
258
205
431
72
41
209
584
65
542
543
997
424
163
984
397
350
253
546
538
340
943
83
402
101
770
447
797
915
567
712
115
59
790
488
397
725
636
999
749
20
9
987
76
498
352
993
216
51
81
236
38
120
826
637
749
141
453
820
631
791
325
308
525
622
193
770
637
54
156
250
555
61
118
827
252
359
3
729
293
565
109
814
103
263
51
134
842
723
653
385
758
940
777
579
318
706
130
643
244
561
626
235
724
412
191
716
803
69
970
191
333
957
337
968
421
495
530
244
741
522
333
161
816
294
266
596
820
810
502
188
123
159
913
743
207
954
494
935
421
280
240
229
985
776
570
912
544
777
956
504
152
836
21
279
912
155
74
288
106
256
42
990
46
358
255
760
490
337
754
