717
287
18
155
334
759
107
968
263
738
766
986
333
876
232
871
401
889
953
875
715
599
632
46
225
4
688
687
21
509
796
133
66
816
146
549
204
958
801
723
262
666
821
388
462
293
340
131
257
492
812
776
250
189
945
801
103
61
682
834
290
686
506
665
801
977
299
500
705
247
390
924
778
598
373
698
22
391
35
894
801
701
962
192
540
818
475
208
122
508
370
963
354
153
439
925
15
956
94
46
34
785
470
533
103
452
146
897
566
733
264
87
999
87
576
592
574
974
858
424
1000
172
188
661
207
309
741
980
281
872
246
336
874
142
327
276
162
358
595
220
149
929
547
597
819
116
24
157
953
466
255
593
462
211
386
381
21
535
605
301
891
187
372
396
776
579
324
214
174
301
703
651
317
7
366
863
26
119
551
218
365
365
88
592
736
560
763
546
897
415
702
941
937
451
659
821
320
990
792
87
543
451
579
208
612
764
346
223
204
510
605
116
345
538
503
738
38
873
27
416
455
450
513
40
878
354
656
225
917
97
780
397
72
41
768
63
354
643
155
356
542
953
213
606
289
490
199
227
677
763
193
720
947
334
360
829
499
157
948
524
828
996
126
894
734
495
985
582
689
336
336
407
215
640
859
224
397
242
415
376
14
287
271
149
564
740
771
180
807
278
348
292
603
867
454
206
73
796
948
850
207
669
6
859
126
592
519
436
615
797
123
459
102
328
902
424
572
820
898
884
