978
330
146
983
51
74
855
426
145
667
784
316
591
814
272
217
77
188
91
852
122
920
797
771
512
37
884
136
511
158
230
308
307
518
30
330
547
172
718
428
724
148
162
178
148
691
203
409
325
305
932
891
289
524
298
501
964
654
313
162
392
372
399
378
185
883
443
896
820
553
22
939
228
663
598
587
547
32
831
766
759
157
108
967
251
316
190
743
249
168
172
256
286
123
465
542
284
880
26
111
438
428
336
183
559
988
394
289
295
361
529
386
542
522
757
783
983
276
822
520
211
896
499
548
215
443
591
617
932
112
345
580
29
825
286
547
776
463
850
127
1
780
461
645
651
869
603
665
767
508
137
447
296
223
882
529
106
254
995
130
708
622
712
193
373
106
106
916
806
659
307
116
328
357
29
761
775
355
418
54
423
864
354
638
653
472
37
853
106
775
964
295
795
681
120
42
838
232
747
546
721
772
396
739
906
89
799
405
706
265
389
457
401
287
990
38
934
22
712
664
746
512
964
315
907
631
358
466
391
604
311
865
63
441
331
233
602
191
199
696
268
752
753
856
53
674
860
35
615
203
324
716
651
315
756
131
410
311
356
481
761
593
654
496
526
368
926
186
976
192
30
944
792
935
236
326
655
734
891
150
921
618
936
916
317
279
696
20
109
734
377
389
962
893
915
146
74
365
316
319
152
57
985
311
693
847
53
127
845
95
178
768
158
192
786
448
912
37
499
109
521
337
184
544
470
517
194
474
931
438
387
905
580
780
280
174
543
694
704
878
403
695
888
472
661
114
628
247
288
479
64
864
127
638
223
938
68
156
820
113
561
683
839
783
171
496
200
532
692
368
516
279
231
987
598
910
216
122
965
787
147
382
230
142
759
512
274
238
515
971
855
307
826
433
261
485
481
769
122
462
219
550
783
544
351
863
864
229
609
7
871
912
565
159
307
761
26
949
99
841
899
769
534
703
806
181
332
694
490
649
383
891
510
545
21
846
275
353
962
616
917
44
783
655
421
203
581
973
415
832
357
31
215
425
739
854
681
954
507
717
918
319
615
562
958
423
912
481
658
977
435
118
303
788
954
207
842
21
53
204
102
708
279
10
402
929
380
344
946
67
761
900
707
344
708
647
564
624
762
712
230
298
304
281
127
841
738
23
991
27
389
999
307
532
944
814
812
937
444
880
