919
217
694
760
671
61
10
851
112
705
107
791
53
469
543
863
806
734
904
58
664
32
869
901
604
223
83
833
340
667
399
729
748
220
664
161
537
943
53
728
498
516
432
740
421
979
989
121
69
631
846
28
684
907
178
453
657
661
201
552
15
995
231
750
115
316
628
421
830
532
14
194
420
404
173
594
120
874
820
63
726
477
317
782
388
289
52
568
827
926
565
44
182
624
310
973
992
312
828
523
856
807
875
109
274
900
666
747
436
125
340
904
488
243
127
644
331
521
824
318
428
358
277
223
353
7
741
666
780
392
838
115
133
584
903
58
830
678
978
438
512
206
432
759
914
67
578
49
178
577
660
156
27
263
942
408
908
319
474
750
23
424
960
464
717
818
18
538
520
928
517
173
208
841
582
237
358
649
229
699
785
972
49
824
524
33
362
122
426
792
940
278
111
507
847
888
287
419
314
642
370
696
431
196
628
295
872
107
10
405
850
772
240
855
370
321
614
362
338
772
413
588
23
56
111
727
660
156
447
750
75
921
789
624
923
157
71
839
142
841
21
128
947
732
412
294
453
543
866
341
928
302
497
175
354
385
369
555
370
89
51
279
21
788
483
808
343
659
408
238
217
107
579
118
285
533
996
962
313
52
375
859
160
138
985
46
426
339
215
5
213
989
535
534
960
56
387
445
737
811
752
134
447
893
586
168
784
970
8
431
528
76
477
631
514
81
207
715
642
224
485
443
927
700
796
210
650
236
191
420
21
658
563
362
35
246
577
476
609
316
62
906
480
297
998
856
301
250
770
79
509
213
172
370
598
354
650
486
821
164
741
120
95
619
516
36
146
341
143
36
785
908
901
513
124
241
864
206
604
769
620
427
165
557
386
148
605
128
312
628
512
23
804
568
241
753
692
496
839
409
499
895
712
218
516
721
369
269
811
272
