512
707
790
984
920
896
51
373
750
975
777
4
433
514
250
792
353
56
398
994
543
219
685
308
985
325
877
786
167
325
930
795
329
156
540
767
517
912
730
405
489
229
850
200
307
812
55
529
530
942
138
528
773
495
658
299
827
788
313
827
732
147
269
835
920
750
798
149
986
326
77
952
842
750
374
286
426
85
7
624
599
500
921
369
465
678
901
47
713
911
494
980
825
746
747
540
403
541
373
12
452
215
242
337
918
794
517
242
990
640
702
690
180
504
774
747
914
867
467
281
697
227
415
590
119
608
144
219
243
2
987
285
936
832
729
781
375
421
515
931
652
967
940
763
252
875
234
722
137
443
459
481
894
375
590
510
669
297
473
145
110
505
770
857
665
945
94
532
292
132
518
647
552
175
193
345
162
916
173
422
973
791
329
193
886
994
972
570
834
245
897
416
233
538
979
894
210
988
293
842
825
811
227
137
943
552
358
236
734
504
498
268
157
333
510
349
589
35
163
720
719
514
332
378
137
515
391
973
136
254
393
852
246
305
218
339
869
190
922
990
927
425
872
659
92
14
262
933
151
252
735
44
184
555
224
443
423
615
16
855
425
783
321
593
370
162
31
726
687
175
716
639
300
206
599
290
108
452
65
567
793
944
857
370
932
402
480
986
608
237
358
493
653
628
690
427
656
42
877
423
824
179
304
979
944
793
316
328
227
770
118
986
752
472
378
482
780
511
712
864
656
869
239
348
817
868
595
752
521
498
485
49
450
768
128
680
96
80
121
361
249
258
653
121
448
271
33
846
690
327
492
560
500
288
663
688
973
429
751
468
398
838
319
394
790
347
932
287
704
521
346
956
922
598
139
443
184
996
372
888
139
477
758
686
743
533
684
892
834
980
389
372
884
399
275
96
959
331
227
545
209
312
158
917
815
63
805
179
938
754
415
775
678
197
859
214
416
208
26
915
746
207
997
486
954
610
761
573
944
150
342
641
993
389
239
605
265
171
113
870
170
920
718
797
576
323
484
381
409
717
126
87
483
289
64
708
966
596
13
863
107
990
610
576
931
410
304
636
267
841
94
866
300
553
245
60
775
941
890
69
141
367
428
613
891
111
997
236
873
430
458
845
982
300
135
781
779
696
907
601
723
825
756
480
549
306
854
968
45
460
724
208
443
876
427
899
724
361
293
457
457
580
995
938
742
639
255
289
597
601
852
178
847
5
4
341
268
817
354
988
440
454
336
818
635
743
950
819
976
428
414
395
852
328
724
143
140
689
897
231
946
298
841
416
129
738
504
758
859
819
58
474
812
326
328
352
552
487
801
723
17
396
365
795
798
767
618
66
211
496
194
592
508
153
738
282
136
993
360
395
600
896
558
1000
305
100
944
921
20
153
206
526
750
939
865
113
30
356
845
464
515
304
30
961
343
675
638
653
334
405
414
295
645
375
909
497
965
972
130
500
613
155
577
764
223
895
290
110
490
174
924
593
705
775
648
891
88
695
562
254
500
536
232
148
882
45
442
495
117
120
711
560
183
735
826
133
761
485
830
637
327
597
820
598
470
171
362
753
395
264
282
716
985
527
228
887
247
73
428
959
482
189
336
143
890
182
933
711
373
130
949
746
509
868
937
993
415
539
173
219
69
252
460
895
911
483
972
676
389
112
77
528
311
251
565
961
321
64
222
940
415
226
754
325
545
698
199
122
516
586
877
64
767
772
643
136
116
293
799
734
