489
852
779
650
703
972
467
452
983
502
206
353
447
558
295
698
217
295
522
733
602
441
85
841
556
112
972
765
794
770
403
205
638
209
514
813
275
783
472
430
11
475
834
488
655
526
132
173
379
485
272
43
923
248
904
892
614
333
954
971
101
37
755
602
910
349
432
63
479
38
87
878
508
11
112
872
939
858
447
348
373
785
904
202
341
710
523
579
959
660
810
976
23
527
275
982
11
40
911
776
109
581
659
36
873
764
313
650
84
6
502
508
335
961
958
782
276
633
396
583
573
829
39
237
453
893
862
68
293
430
792
727
531
443
115
731
166
15
883
21
553
338
980
13
262
792
661
234
688
908
624
981
313
485
367
373
59
620
397
803
817
598
486
723
380
504
845
724
906
788
715
989
581
91
418
450
424
800
846
682
657
812
741
49
559
727
556
75
459
86
931
736
604
162
955
113
181
406
835
931
132
245
909
954
677
818
595
561
652
21
474
755
935
40
116
700
561
948
519
605
470
89
776
680
896
760
649
539
190
75
561
834
575
26
187
36
814
244
926
293
364
196
949
699
44
283
331
685
602
840
117
945
596
376
698
866
73
628
985
760
457
868
455
347
482
316
950
157
895
997
700
212
397
185
109
506
306
258
497
612
778
555
328
644
945
265
572
794
393
965
800
52
44
278
189
865
671
882
684
369
63
556
250
576
287
737
142
569
692
453
809
219
137
42
454
422
452
746
417
321
392
61
474
384
758
619
776
532
616
390
676
821
622
94
773
303
877
543
245
446
554
719
174
331
351
542
156
849
326
192
948
63
355
698
636
6
329
362
244
893
988
334
339
378
858
16
107
945
681
131
172
225
446
373
747
708
313
133
838
21
759
903
818
458
174
876
788
851
749
290
940
533
79
44
43
269
179
591
285
582
508
608
501
338
140
315
574
208
518
815
90
971
603
707
567
44
314
92
33
146
194
578
695
310
859
716
285
278
351
830
749
422
61
792
260
511
775
696
473
944
467
891
6
487
274
504
305
53
271
402
492
719
31
216
936
818
596
285
309
327
749
759
807
552
242
37
495
541
970
988
490
877
169
810
190
1000
478
987
535
453
562
446
398
689
720
625
918
225
27
950
189
712
622
993
187
65
598
372
810
676
555
40
387
310
711
420
456
177
635
486
403
324
466
712
194
75
879
17
289
414
852
860
806
322
544
100
420
132
171
427
789
427
143
614
187
406
960
364
749
948
374
571
664
873
600
287
928
340
194
617
463
93
59
152
556
154
909
818
276
730
606
466
381
401
262
444
51
297
909
808
131
787
729
61
266
282
110
965
210
369
635
532
966
349
435
527
398
795
168
74
666
42
279
773
514
338
575
929
391
438
519
12
972
592
825
21
660
383
139
611
191
433
832
841
126
903
378
527
805
270
930
734
863
786
70
276
530
829
961
77
609
431
600
521
140
482
363
100
6
327
248
772
321
600
256
523
904
651
853
615
567
364
387
122
822
574
126
107
721
302
482
312
124
206
655
98
888
125
95
743
465
255
94
182
514
998
30
307
159
961
526
472
352
322
183
11
841
559
851
767
