515
500
485
96
598
767
338
631
19
439
119
149
773
639
912
664
148
481
461
281
24
506
362
12
805
764
589
338
793
195
310
463
561
46
626
180
252
377
732
124
701
592
432
243
386
161
2
519
255
698
484
29
422
42
390
516
975
67
971
228
755
738
425
986
207
496
462
952
879
153
250
207
754
551
611
301
104
952
111
131
707
995
224
713
577
780
546
184
196
350
29
918
464
827
410
780
270
271
707
232
284
34
609
44
584
901
936
226
728
152
193
909
987
239
993
116
10
535
723
448
517
798
261
717
33
747
674
192
393
201
280
501
234
932
511
855
563
793
32
273
572
94
554
516
772
525
640
607
163
648
222
807
260
620
479
844
934
1
184
543
22
183
735
41
345
4
732
114
951
656
630
428
317
81
358
990
868
2
225
153
679
884
894
492
92
805
87
561
428
685
493
686
498
579
553
466
715
906
1
526
307
307
246
960
632
132
14
14
149
923
633
539
303
732
920
112
653
735
684
104
586
852
284
958
290
265
442
482
882
237
509
292
885
106
837
561
231
418
584
225
722
359
587
982
366
52
240
469
968
709
132
722
980
684
700
149
644
371
892
507
91
720
353
12
678
922
810
110
90
782
253
436
520
255
735
324
869
425
470
379
766
643
540
613
184
830
981
527
508
337
996
814
690
1
126
85
150
239
382
927
241
588
590
42
984
576
305
500
426
836
709
180
395
668
220
847
754
454
517
514
872
687
101
235
779
752
353
838
14
679
937
233
574
521
563
752
210
137
72
36
777
693
299
185
298
175
417
591
571
244
217
721
744
234
152
273
808
52
892
170
357
319
229
672
81
223
429
282
306
576
778
104
45
968
856
186
893
184
63
586
81
482
968
431
930
897
191
793
405
353
755
134
992
869
641
851
203
586
156
557
862
43
456
19
652
879
138
984
871
831
473
432
21
431
925
437
271
841
680
957
626
299
381
260
614
415
124
23
300
502
223
334
195
337
166
918
233
85
475
479
405
280
408
736
455
976
128
550
31
44
859
407
738
952
675
918
353
415
442
693
325
223
39
156
535
117
932
799
186
523
771
219
737
409
148
629
895
456
529
685
360
136
973
604
444
324
722
740
211
923
506
72
950
236
792
440
450
964
773
583
783
829
855
952
69
142
660
884
180
94
604
242
382
572
131
485
762
975
521
399
119
365
804
842
224
570
487
469
80
239
653
488
543
929
357
663
234
964
310
315
904
268
206
719
991
58
958
39
849
130
720
980
720
227
985
834
788
313
800
768
58
820
941
899
239
137
28
575
712
394
176
589
388
394
773
946
344
682
319
964
136
933
3
973
889
125
473
245
573
749
754
916
112
115
483
488
784
832
729
54
553
34
377
729
782
557
7
687
30
832
103
961
910
37
690
558
949
437
318
166
864
324
333
569
34
63
363
350
875
382
405
638
948
522
744
169
476
436
475
507
167
375
955
104
990
893
90
514
678
533
820
366
760
604
589
871
810
915
205
149
876
789
75
531
447
782
115
499
397
534
762
138
59
723
207
642
601
879
897
204
148
768
678
525
599
227
110
357
156
617
25
100
312
153
549
213
661
440
403
787
913
728
231
670
979
52
276
981
174
991
74
756
899
107
863
67
781
89
736
755
680
866
48
792
261
2
944
848
495
375
200
880
763
985
940
536
779
862
13
431
967
769
272
917
413
90
769
733
828
359
214
764
997
139
406
336
515
449
288
258
109
325
644
84
327
160
878
29
98
121
855
977
416
694
544
704
977
294
166
318
265
53
418
288
480
406
879
885
361
563
696
454
342
637
747
338
258
888
469
956
920
635
986
708
41
907
730
597
189
530
141
183
66
410
709
502
957
24
318
19
332
807
111
310
76
65
89
969
484
919
174
473
399
155
545
69
721
302
602
907
716
778
621
382
700
796
231
881
95
650
887
787
236
262
804
468
318
962
815
317
524
527
682
670
874
131
893
967
8
555
571
766
204
112
410
170
934
264
753
446
148
995
938
979
490
785
360
156
883
479
