248
378
220
460
222
636
526
340
573
351
177
125
631
478
837
45
639
178
687
131
747
727
883
658
390
364
214
139
896
706
523
109
675
241
123
646
303
382
205
110
541
630
754
825
934
435
810
439
916
258
543
60
285
41
779
406
823
860
248
369
242
154
457
800
110
834
112
265
601
228
573
315
146
745
586
942
620
733
194
258
739
286
91
878
552
214
185
571
235
875
505
61
197
932
682
94
666
395
918
435
866
630
53
776
210
926
425
280
857
269
29
975
317
788
64
993
919
666
455
966
457
762
882
35
191
149
814
141
81
327
123
486
95
49
827
800
432
839
200
787
400
237
495
650
892
251
157
526
513
865
492
760
844
345
131
398
339
750
549
271
201
954
196
671
744
84
661
178
979
747
736
978
184
400
257
264
174
935
151
444
842
46
513
956
30
133
704
966
335
161
388
252
939
439
871
854
764
629
694
709
362
428
118
46
743
312
447
54
601
510
479
262
613
268
148
478
327
248
323
28
606
984
300
29
421
875
576
769
686
409
356
862
673
608
183
263
909
785
812
5
422
119
304
8
148
506
79
753
389
999
707
500
855
504
121
797
307
253
221
816
693
619
547
188
432
375
89
511
597
50
816
529
155
108
381
383
467
753
756
985
41
661
913
18
283
826
102
515
672
87
510
462
923
338
693
414
378
893
713
143
828
507
205
374
774
986
931
356
424
99
553
208
918
36
50
795
144
543
800
591
298
412
391
770
521
9
136
584
902
940
241
558
739
723
766
171
462
934
496
95
