331
111
166
691
212
40
727
400
530
752
484
325
7
2
844
63
664
190
302
710
757
92
36
880
686
314
509
608
829
359
543
847
998
498
313
918
330
966
290
24
604
604
50
394
486
465
699
593
470
941
129
196
877
850
32
597
71
190
673
801
193
353
390
450
910
515
959
438
240
577
3
953
472
385
491
143
978
709
169
842
521
455
553
370
182
235
703
515
726
609
122
139
376
831
408
959
698
203
753
375
840
328
634
889
877
470
833
457
505
655
464
518
209
220
627
850
268
895
661
386
184
21
334
634
418
392
698
183
454
899
366
732
427
317
602
758
547
393
791
75
454
564
842
727
406
744
828
943
262
558
602
347
321
539
958
359
660
328
104
971
831
286
27
443
596
260
977
77
338
916
145
5
622
226
673
888
228
683
453
459
695
533
107
304
774
564
927
126
850
190
92
90
577
29
896
633
622
779
980
198
909
775
437
644
146
351
813
997
990
985
994
767
793
445
443
97
47
909
345
173
930
314
108
939
527
661
513
831
169
586
26
925
183
508
903
644
194
755
408
501
716
713
592
736
271
361
267
777
599
548
519
791
354
37
48
270
288
29
395
219
263
850
601
597
298
474
890
56
639
990
813
627
998
546
218
736
611
698
179
345
840
372
289
436
751
258
69
202
667
222
719
7
470
290
546
829
107
839
617
605
809
968
129
711
907
988
595
875
547
101
455
163
615
247
82
113
253
511
600
624
48
197
467
226
983
703
647
463
336
561
628
753
927
298
694
238
648
649
464
732
754
792
35
699
745
330
770
692
681
418
96
761
41
48
376
843
771
281
127
990
492
571
972
279
723
48
753
523
142
408
713
324
824
687
441
579
723
668
853
777
925
769
523
970
513
695
722
117
458
388
7
493
693
657
835
8
164
65
976
816
144
559
808
815
753
150
278
840
780
452
781
353
293
310
906
984
178
932
535
417
261
36
942
653
700
16
457
211
420
80
711
219
374
257
435
609
604
500
924
280
560
653
753
406
399
321
876
959
840
97
699
84
435
388
819
645
434
960
768
876
770
191
246
340
232
423
842
417
624
339
818
816
110
573
399
62
616
699
307
760
611
451
390
96
77
616
758
791
329
131
509
891
896
460
800
673
894
63
406
81
890
326
852
761
329
619
384
632
97
88
686
956
582
6
305
331
363
131
710
782
731
483
693
747
908
272
182
479
586
947
855
820
118
909
875
76
121
863
806
651
648
678
594
672
759
62
441
673
300
847
557
294
268
177
341
467
201
151
381
547
995
660
949
15
798
289
389
894
282
936
874
852
211
65
830
488
391
690
733
970
890
381
17
633
62
959
776
190
938
93
984
686
858
30
301
749
424
630
578
430
652
280
743
394
502
242
50
343
643
477
556
535
864
131
837
125
695
981
605
407
733
930
967
873
503
549
559
853
469
686
196
648
74
73
772
915
64
306
718
274
722
508
274
858
874
140
899
369
364
523
452
809
764
40
836
626
934
882
687
420
901
599
609
725
906
971
581
962
920
832
359
621
102
487
221
289
118
827
662
766
36
509
655
694
245
223
833
238
325
263
788
537
98
500
212
239
82
716
72
28
925
501
822
971
938
678
239
533
978
163
519
539
368
797
93
493
530
953
469
114
667
185
483
990
888
17
883
321
372
416
910
545
892
849
247
364
943
391
541
688
896
120
402
830
961
434
191
781
292
727
300
440
688
655
596
108
532
384
249
951
529
343
309
347
911
362
644
810
967
96
