739
361
689
752
593
108
680
954
734
963
199
528
370
184
264
335
589
484
873
282
592
905
634
570
488
91
427
463
245
348
376
928
378
558
833
233
120
140
319
386
110
706
460
881
805
662
202
857
83
55
921
278
551
689
481
851
857
536
415
781
751
211
458
822
174
599
516
819
538
755
659
751
923
774
628
841
647
946
819
423
435
817
347
335
421
156
76
147
521
98
244
695
636
332
915
291
906
903
959
915
889
781
725
409
3
607
502
735
706
696
974
860
781
644
540
587
723
262
529
935
456
918
296
155
263
74
665
970
851
456
208
535
431
37
839
889
210
590
511
719
637
793
853
360
76
137
774
780
824
91
413
911
103
940
139
737
281
910
391
936
511
565
409
166
83
960
240
513
703
946
243
732
776
836
699
138
401
301
285
511
197
50
683
53
767
670
210
202
67
216
691
994
949
126
363
593
220
343
482
553
249
318
253
397
158
956
364
74
133
828
35
648
271
499
927
211
326
136
218
404
204
750
15
685
717
32
694
47
268
834
788
918
294
879
632
854
702
601
30
163
484
1
269
498
771
968
705
522
225
42
997
489
584
858
730
177
244
979
837
957
667
232
703
311
372
297
430
118
105
522
548
455
486
135
1
855
182
377
27
770
446
511
690
234
157
971
399
522
921
724
285
193
382
191
345
238
402
554
499
238
303
856
387
231
601
779
359
837
83
270
553
292
180
813
38
954
397
450
355
335
420
523
614
298
868
324
871
897
1
688
547
610
167
19
633
510
188
129
29
306
103
502
569
448
71
1
549
696
374
169
945
760
924
361
585
936
736
713
32
28
169
149
747
68
247
478
322
712
62
590
462
32
697
207
798
200
59
459
247
745
443
779
119
167
290
275
904
860
601
521
15
310
428
542
6
991
640
59
357
794
813
756
46
507
934
923
807
542
961
794
267
357
800
697
495
760
630
285
699
554
753
113
376
592
793
311
626
186
714
395
536
221
504
603
861
454
768
312
924
545
967
626
715
573
391
616
447
698
989
738
203
371
686
614
144
839
513
374
221
68
267
462
150
1000
491
161
214
916
379
807
366
103
839
830
505
776
272
61
555
835
347
93
569
19
742
273
448
105
629
69
358
490
918
601
35
941
969
525
380
837
575
292
483
957
99
628
34
491
489
123
438
107
73
665
162
508
716
400
760
187
611
159
703
707
385
913
355
404
102
283
487
507
967
791
370
60
13
964
302
867
748
378
917
740
49
678
227
225
679
261
579
161
857
558
817
835
896
257
233
85
519
404
839
29
801
481
631
104
849
875
491
904
787
360
694
87
817
275
29
587
110
653
508
449
93
536
758
616
635
931
707
661
297
323
414
634
954
291
257
318
118
8
22
46
374
956
247
774
468
175
205
969
927
893
495
730
280
523
244
355
411
373
192
709
416
832
540
988
143
926
961
221
668
950
157
967
953
92
399
280
726
557
840
363
422
351
559
578
431
927
477
317
643
745
524
60
586
375
344
185
658
750
251
953
210
73
284
600
516
546
326
575
57
683
779
437
194
62
755
71
391
231
242
873
302
174
533
23
754
528
205
893
665
616
457
746
616
838
530
484
649
24
491
825
718
59
657
777
904
476
366
718
101
458
157
68
524
277
759
182
191
460
980
140
724
192
356
535
205
195
967
657
117
341
762
922
961
328
736
216
411
935
103
23
401
572
407
167
860
111
312
124
342
797
134
168
988
517
552
886
966
420
79
460
543
466
391
559
692
817
321
236
920
285
997
586
972
290
55
465
690
338
345
863
648
759
810
659
87
107
12
394
261
844
42
782
494
861
725
556
559
186
245
702
488
951
196
310
196
605
86
264
246
189
111
695
113
765
45
739
512
468
235
324
670
4
313
435
925
404
436
786
182
30
324
406
155
755
933
774
449
905
619
429
42
72
364
101
197
812
851
789
612
543
174
556
654
589
473
468
