317
565
583
892
65
387
769
759
132
942
641
304
338
192
809
414
577
834
478
894
678
126
61
565
833
216
537
727
875
878
167
118
130
553
698
178
25
308
323
443
539
497
307
804
661
358
253
934
991
85
201
153
585
429
334
138
57
221
92
108
20
116
834
495
541
250
130
3
719
423
714
167
716
53
485
398
845
446
687
637
211
454
8
917
503
426
507
976
273
670
19
777
443
235
36
530
37
786
632
622
200
632
902
935
844
249
349
988
510
1
30
504
280
545
702
619
191
602
469
33
862
147
86
332
637
904
200
243
100
514
16
466
396
211
752
3
657
732
187
113
393
652
134
627
635
8
21
144
353
518
296
905
316
582
497
225
551
659
167
275
109
588
751
855
933
841
582
278
687
109
344
174
75
166
559
956
162
276
374
658
976
496
615
746
726
199
98
622
73
622
93
388
983
869
452
505
64
806
212
817
477
803
294
954
528
838
958
895
980
85
53
428
887
959
703
117
879
25
882
875
585
137
13
229
987
790
579
800
21
29
400
92
146
372
474
126
711
39
896
236
94
40
11
667
777
303
848
405
12
159
816
511
397
429
714
426
917
898
553
929
827
410
642
76
827
153
176
186
929
371
546
484
352
208
733
848
40
371
458
807
823
572
539
938
436
245
994
543
154
570
164
841
177
758
699
778
646
134
821
702
399
924
205
897
994
479
249
779
257
636
740
205
557
198
272
5
530
739
424
416
726
790
822
567
134
597
427
902
831
441
47
819
980
656
474
250
656
164
773
24
614
712
904
342
139
339
328
632
815
891
979
872
723
772
52
154
538
313
289
85
512
946
911
451
186
828
503
482
98
827
24
341
445
600
161
966
506
501
210
774
658
2
923
67
196
848
138
367
117
134
649
224
703
586
288
194
345
271
796
645
732
874
76
21
135
497
106
57
238
729
107
461
212
419
183
795
834
192
88
314
370
135
516
212
534
37
767
94
454
500
301
731
873
55
940
678
297
90
31
420
879
437
729
927
592
688
636
193
390
584
397
53
115
99
65
90
448
577
880
36
338
903
493
133
625
658
284
150
242
469
928
656
515
91
850
465
265
525
913
531
789
706
682
552
603
421
460
303
963
453
552
250
373
171
146
328
776
601
557
640
134
10
104
434
469
980
725
415
606
640
165
386
946
462
441
408
622
998
190
317
218
579
984
432
619
710
859
50
822
288
536
776
909
613
123
317
384
956
201
989
