673
561
811
860
225
685
35
194
347
490
994
293
639
438
432
674
947
661
521
554
968
299
146
713
511
523
255
542
106
677
474
41
624
393
876
211
586
758
840
641
914
759
245
724
361
94
157
358
292
7
363
866
724
408
306
296
362
583
355
266
15
363
154
348
874
588
103
772
72
559
970
320
328
258
262
32
193
960
296
469
688
120
136
33
707
736
574
865
505
68
341
654
242
870
611
500
652
688
335
1000
943
29
797
394
280
392
316
105
997
294
165
625
981
488
776
689
577
297
818
678
811
854
774
438
46
110
878
867
380
610
79
525
549
739
6
46
170
582
358
707
826
365
580
9
112
925
923
534
636
185
786
564
417
548
349
128
897
896
494
866
421
969
498
505
130
469
73
625
964
709
494
540
642
559
203
263
441
347
401
323
668
637
196
488
883
399
646
95
172
326
421
170
107
422
722
666
8
529
908
771
136
810
917
692
967
399
68
199
537
116
502
837
637
123
297
424
344
664
784
632
982
884
596
724
737
89
397
595
589
793
944
110
645
720
124
851
493
147
256
740
247
793
308
207
909
155
256
12
22
968
97
730
254
616
473
10
941
479
371
124
358
392
245
521
478
90
495
81
524
328
144
793
652
542
407
263
890
348
144
126
578
964
76
371
511
199
960
533
660
776
844
903
218
129
311
372
380
593
964
709
461
112
523
531
238
938
102
154
974
245
634
21
361
10
979
982
595
684
289
589
582
103
217
875
98
900
461
807
532
731
514
988
438
457
736
888
246
131
505
79
467
867
503
495
390
105
384
990
186
124
775
374
225
738
279
837
605
199
421
294
895
914
958
149
588
260
722
855
883
402
751
564
143
701
236
413
444
845
238
954
831
722
598
620
397
255
636
954
931
477
200
213
905
394
857
707
778
697
436
633
13
26
348
524
345
749
672
953
768
275
73
503
945
165
319
702
617
8
341
858
606
280
749
628
989
236
543
191
588
589
294
562
140
321
11
139
152
620
507
54
271
590
172
148
691
950
46
296
216
149
1000
64
421
861
640
904
214
442
593
245
61
88
52
4
52
98
413
909
507
189
44
414
259
591
945
415
21
522
985
28
657
475
739
841
229
166
662
676
933
287
990
200
749
113
444
420
940
904
119
117
419
745
689
293
990
997
969
594
43
934
398
380
821
215
324
53
575
635
881
512
159
306
327
819
655
918
113
496
353
711
686
605
136
676
945
262
387
581
269
577
235
736
710
425
947
126
80
181
974
783
913
621
746
466
563
216
833
935
33
781
524
991
520
801
741
597
255
731
824
137
774
202
808
441
864
299
65
527
904
878
69
122
637
779
743
446
93
287
101
88
450
814
859
536
625
21
190
942
729
596
263
426
229
391
358
978
293
552
800
783
565
937
798
428
704
55
232
595
395
60
259
963
699
399
182
881
882
285
896
486
878
893
857
843
965
497
262
41
508
122
572
888
416
886
144
670
931
950
8
427
3
619
319
178
934
365
415
694
20
787
511
220
489
668
323
568
143
1
294
954
561
504
23
287
215
326
135
767
632
482
36
476
7
580
567
141
482
190
795
380
144
487
418
498
883
441
682
603
206
20
308
186
11
814
675
761
445
392
527
828
33
506
734
866
25
618
974
279
668
724
441
611
422
92
306
400
92
116
35
889
82
897
34
154
16
688
589
587
651
11
999
715
65
574
366
47
135
722
894
661
94
474
742
190
76
382
339
242
466
412
134
747
94
165
121
374
507
858
352
474
956
928
429
397
487
9
798
938
380
128
189
213
401
660
937
205
495
813
395
440
362
190
452
195
500
179
516
106
906
358
670
274
49
514
923
253
180
136
163
765
301
405
758
630
29
625
83
852
36
422
862
431
965
641
833
986
769
896
209
184
720
42
935
833
46
962
340
560
195
577
982
351
979
926
991
325
880
789
776
687
978
487
875
625
609
995
769
373
47
669
679
921
764
354
760
230
783
819
303
781
707
796
83
322
897
962
849
719
51
250
299
902
618
149
868
216
872
979
806
969
922
448
716
792
214
207
807
405
607
633
660
195
225
708
569
319
787
659
382
424
714
878
56
304
994
90
323
878
997
939
224
448
460
600
386
468
155
48
153
797
473
324
69
392
613
82
639
854
675
14
945
883
86
245
64
249
801
25
902
693
370
806
234
863
507
539
683
923
274
764
693
135
746
877
514
993
171
592
228
398
24
265
462
116
9
115
928
30
761
53
