661
339
743
835
249
543
673
143
289
728
83
359
872
841
183
755
85
956
469
785
573
733
171
164
687
106
682
700
876
815
638
500
697
27
461
136
261
881
267
968
839
938
925
687
545
993
848
705
383
61
673
230
647
463
224
529
218
142
477
377
628
605
185
794
117
984
554
247
656
87
425
711
712
673
296
181
682
213
572
957
453
361
999
975
526
903
469
154
650
745
38
853
232
195
586
909
25
483
497
855
62
431
851
100
722
36
408
667
726
85
399
659
320
818
608
874
392
987
967
334
261
981
525
427
134
529
431
738
171
518
500
559
351
94
878
535
239
932
605
630
723
649
38
109
383
543
21
859
678
132
210
606
894
300
110
263
806
852
322
27
316
247
522
891
665
575
647
818
253
478
711
407
882
78
379
728
422
669
544
222
115
652
281
599
967
535
876
837
260
481
49
852
615
431
135
489
488
324
91
431
330
361
785
306
139
192
426
212
354
37
744
741
759
673
996
505
983
305
799
522
699
303
957
798
828
641
50
741
167
952
