290
209
50
18
93
734
604
23
749
204
789
441
803
802
812
880
179
732
472
418
172
85
133
982
805
293
696
530
445
681
602
845
411
463
716
44
789
814
466
5
783
226
697
563
437
29
579
60
576
907
757
147
419
546
499
916
252
492
696
290
682
693
584
918
987
107
234
565
720
711
43
982
695
241
57
7
490
757
307
61
801
367
997
200
553
415
845
754
308
40
482
368
283
348
99
625
361
589
116
775
931
95
250
451
593
78
711
393
258
103
618
206
466
545
986
663
339
794
205
183
823
990
103
176
491
690
144
163
884
314
545
294
366
256
591
210
567
780
702
323
552
866
672
442
697
579
995
496
701
907
583
387
759
284
980
920
823
494
488
286
264
393
594
476
300
927
571
289
902
906
310
463
155
241
347
440
650
670
812
143
134
633
345
692
55
175
824
185
493
806
684
59
645
291
628
191
205
264
641
156
256
428
836
174
313
321
321
371
172
609
933
870
313
924
948
138
581
723
937
84
402
92
868
297
341
178
491
963
55
5
368
930
303
865
708
736
221
102
552
52
4
878
204
710
78
738
23
879
304
764
351
648
431
616
349
378
697
253
761
401
881
371
701
846
850
1000
345
980
157
907
504
719
842
341
1
363
867
432
499
461
317
951
853
586
415
849
722
228
444
320
331
144
178
91
466
457
126
832
943
516
395
573
871
376
187
904
78
994
651
662
205
844
297
812
498
255
289
833
561
517
5
699
671
344
849
272
114
857
496
682
207
340
697
341
621
184
719
664
383
786
63
204
599
78
978
364
773
985
915
82
346
57
692
518
131
539
351
762
88
273
487
91
348
487
334
78
568
64
511
623
189
839
225
430
206
649
472
490
571
369
501
609
595
805
238
291
410
793
822
309
230
565
289
842
942
17
191
129
571
435
525
459
612
415
343
341
484
879
593
287
629
432
804
157
488
309
290
138
259
711
