411
947
839
219
450
194
567
261
833
465
840
314
422
120
366
594
884
326
655
629
544
786
510
247
513
817
836
583
456
552
373
316
686
85
240
987
803
819
335
366
943
516
252
643
890
284
251
846
623
778
553
167
197
803
256
714
778
614
847
564
156
143
545
158
558
605
419
47
230
123
527
63
223
388
343
26
60
311
68
510
245
295
128
258
674
20
834
750
465
625
770
887
717
255
524
452
259
71
434
331
447
725
694
530
624
166
219
866
320
857
284
463
61
225
567
329
204
214
947
379
551
137
156
21
535
851
630
578
459
856
739
616
570
261
567
67
268
956
724
882
767
274
432
489
886
942
597
402
304
296
259
417
173
366
591
386
619
34
730
901
551
989
54
374
52
763
893
407
403
438
114
773
746
13
900
211
380
412
117
580
609
56
305
453
285
879
9
362
469
118
25
166
866
664
937
855
23
68
927
968
316
274
341
724
83
767
162
983
895
948
508
752
368
370
630
364
540
925
543
38
614
854
535
50
108
704
100
37
646
623
720
406
233
358
165
546
221
953
510
590
891
272
416
285
40
384
832
718
782
217
153
473
77
292
695
653
168
351
315
408
852
455
558
747
538
860
102
399
889
454
203
194
765
529
867
805
154
791
966
803
51
467
49
354
913
804
950
499
163
868
794
159
415
869
280
588
202
327
815
757
731
721
161
493
547
6
201
35
590
191
429
517
639
940
248
548
760
59
983
416
938
23
349
322
223
989
917
470
99
221
181
622
176
935
257
69
129
188
57
623
735
690
295
866
954
845
747
249
3
455
22
409
716
909
633
159
870
595
468
373
267
15
824
278
23
989
546
226
522
877
847
524
579
438
484
512
637
217
331
761
537
311
614
64
467
947
281
655
245
208
42
576
835
30
577
836
191
779
650
924
178
846
764
166
982
658
16
707
106
536
282
817
480
437
870
507
186
902
353
561
590
45
468
627
295
805
379
409
976
833
939
440
764
518
217
986
815
659
915
160
62
666
108
43
711
653
310
574
930
103
44
61
250
736
352
351
174
907
836
970
618
321
800
606
49
338
424
163
245
587
367
961
330
98
282
224
903
193
582
827
35
496
657
250
54
842
579
720
555
335
540
757
282
513
112
995
633
961
81
676
666
617
610
829
590
114
139
246
652
436
394
817
447
995
170
35
595
352
760
500
463
260
818
182
514
616
530
602
846
876
532
792
57
899
481
431
756
609
634
775
886
542
479
662
698
674
553
680
9
898
792
258
637
464
576
3
708
467
520
140
278
381
381
593
452
896
69
89
979
189
382
143
308
715
455
80
601
870
690
712
486
116
533
850
871
775
325
658
706
310
716
772
9
397
71
796
679
982
527
13
568
922
120
169
521
899
743
68
517
339
350
107
384
359
901
854
309
677
725
984
626
226
392
734
131
324
580
971
779
984
657
570
822
945
694
121
575
961
289
455
501
678
350
740
536
326
807
132
278
189
621
227
430
949
276
780
43
429
147
529
686
645
403
123
388
916
942
127
891
935
583
826
939
768
935
242
654
151
241
945
117
657
419
592
342
259
37
969
400
999
316
808
682
260
12
751
373
510
815
28
609
690
482
486
717
49
133
772
617
416
943
550
5
791
881
474
764
283
950
464
342
204
790
877
227
672
846
290
454
400
69
829
788
315
801
691
155
116
244
157
661
668
308
74
284
145
808
881
717
615
435
769
774
694
319
616
744
159
736
83
620
85
910
813
54
844
858
880
245
902
855
753
649
267
561
707
290
166
386
632
664
29
189
854
802
928
259
426
50
980
872
594
465
316
583
357
450
955
836
808
16
297
358
634
19
232
628
329
111
951
71
82
35
171
966
815
306
359
41
373
945
647
379
400
197
768
393
7
778
651
778
575
432
657
763
264
151
568
264
779
550
231
472
502
545
591
340
249
736
991
