209
746
310
856
312
756
283
211
381
979
467
235
545
428
371
554
480
464
34
635
790
990
970
881
480
296
631
115
882
331
43
281
959
500
941
439
566
860
862
943
598
820
883
943
177
986
214
85
257
989
548
88
243
151
415
589
691
514
308
166
266
228
514
197
765
802
118
908
568
973
644
529
336
159
591
83
408
735
123
33
419
989
175
508
422
288
807
516
111
790
106
852
901
95
677
554
963
664
131
457
769
444
542
362
673
516
35
822
143
271
556
725
56
675
333
125
677
485
15
965
29
565
894
833
376
979
843
309
723
941
136
756
699
130
925
544
513
122
530
192
340
18
149
832
132
432
476
246
936
534
376
714
846
142
407
435
585
142
663
812
983
947
443
234
838
409
548
934
668
829
700
823
873
482
156
32
254
36
89
632
313
72
641
307
416
339
631
490
71
41
211
491
180
320
762
425
887
631
38
766
158
113
160
348
974
504
562
397
170
475
32
150
294
796
444
136
497
765
895
414
86
632
423
689
986
319
588
656
864
922
609
364
605
399
13
775
528
176
242
949
576
63
881
666
171
916
360
797
173
889
71
507
885
585
80
801
200
306
757
35
426
729
734
515
100
958
536
469
638
839
853
769
116
792
791
85
855
285
242
494
219
952
781
47
830
606
238
775
22
804
108
431
702
860
625
594
588
860
574
710
58
432
681
280
477
221
153
301
138
223
522
336
244
107
466
125
220
527
801
225
951
436
480
297
792
95
657
714
554
375
28
54
274
506
275
180
37
133
660
995
860
713
192
167
173
498
896
237
982
385
303
415
127
597
470
651
453
725
996
240
852
680
573
588
843
754
621
906
563
646
583
258
544
267
482
393
303
266
479
484
639
297
395
885
172
565
186
674
188
941
911
652
689
425
45
964
175
684
494
878
324
535
859
162
889
578
843
103
451
980
585
944
602
261
166
64
107
857
28
309
808
394
186
796
506
486
983
497
928
833
872
9
127
721
386
451
176
797
221
148
720
523
450
171
881
914
45
312
320
986
236
580
192
500
718
71
940
542
573
106
595
395
920
965
702
649
331
863
321
815
48
247
522
328
159
888
614
143
358
182
594
250
290
214
433
313
676
705
872
981
451
22
788
471
818
406
418
746
130
155
179
803
469
776
737
196
223
32
127
154
195
505
905
401
78
438
822
736
988
199
371
551
612
621
778
68
501
794
767
142
262
364
585
871
610
843
643
440
857
509
640
822
863
734
91
4
380
342
311
718
949
780
173
986
235
441
952
755
740
772
556
649
211
792
45
836
28
556
909
851
282
679
179
456
96
263
519
865
846
626
980
153
350
269
683
165
49
750
519
221
453
771
764
567
502
546
805
423
22
688
982
671
401
836
372
318
869
545
309
818
101
585
520
686
20
978
737
801
556
27
840
503
364
226
128
418
808
718
750
247
468
962
872
55
452
356
766
188
579
914
