124
639
977
931
57
937
554
16
303
876
716
89
873
74
150
289
489
567
382
323
222
861
861
83
955
655
916
853
382
565
661
546
280
876
449
968
647
697
853
329
834
827
210
660
628
897
783
636
647
104
98
695
699
422
684
295
494
839
364
46
519
270
629
181
412
204
897
659
786
896
902
604
361
559
103
924
673
623
295
270
382
569
26
979
501
62
275
409
406
35
696
384
570
583
920
33
587
170
449
70
198
142
143
810
811
288
95
346
829
359
382
319
265
694
761
864
564
496
364
567
678
528
929
725
137
708
158
552
157
240
953
106
277
262
432
462
63
328
3
872
758
932
30
887
595
651
359
652
469
370
702
742
441
972
612
296
463
836
902
143
261
516
451
192
587
923
450
216
12
192
305
91
161
692
580
317
632
324
596
983
421
463
339
553
823
793
419
54
910
281
648
322
168
783
700
125
530
190
147
811
337
275
978
528
90
453
265
928
329
992
9
825
778
303
861
159
764
667
729
429
805
458
674
56
900
57
269
337
477
570
731
400
95
276
918
495
913
186
130
941
6
871
300
686
231
620
976
839
500
259
677
933
158
712
151
109
51
197
57
892
349
902
770
944
181
935
764
665
277
636
836
243
638
10
303
242
239
833
230
997
20
609
407
659
887
878
355
445
930
964
944
754
208
523
795
611
765
950
363
628
395
686
728
984
502
291
160
991
635
77
129
132
547
805
343
546
242
134
429
660
332
394
812
605
935
939
434
175
600
512
776
949
706
840
790
505
474
533
121
5
21
35
6
334
683
210
806
473
964
492
680
28
358
205
939
639
15
599
868
858
26
557
667
411
472
638
9
195
374
1
951
851
665
629
5
958
488
786
221
665
326
104
348
437
185
515
165
901
412
981
