926
155
360
984
706
471
296
358
502
838
886
257
954
441
85
295
141
697
25
591
999
483
847
357
159
752
272
781
130
139
246
887
878
590
861
899
759
328
80
863
493
581
408
777
182
521
638
235
76
858
131
890
305
685
62
361
695
706
375
620
583
834
599
775
967
1
785
973
221
847
71
288
301
12
1
183
3
542
221
26
729
983
767
72
493
98
822
939
780
119
555
549
367
939
381
658
588
148
511
273
985
221
685
877
58
859
797
509
225
930
724
436
179
128
666
466
109
346
336
776
331
692
949
795
346
777
174
594
721
527
161
58
191
153
611
745
346
909
936
944
407
78
225
526
212
371
696
150
905
543
801
595
119
11
292
947
566
5
795
621
599
704
525
362
244
274
543
747
316
541
400
439
324
505
608
800
852
494
998
117
600
934
999
215
377
831
946
201
641
428
949
758
156
774
319
990
437
942
674
510
545
338
963
89
210
652
321
535
539
953
529
632
853
944
242
959
414
379
876
493
798
896
306
79
573
73
106
730
547
735
133
665
613
572
403
293
585
469
678
915
420
234
614
313
495
185
516
449
869
676
622
74
559
591
327
164
555
25
285
310
362
897
825
356
781
682
263
88
362
399
345
229
339
975
309
233
331
297
280
731
183
936
339
659
500
613
107
778
109
75
837
26
535
562
616
457
468
645
419
547
594
291
211
483
446
929
632
564
182
779
839
534
729
291
913
96
150
429
690
195
91
357
298
403
149
612
8
724
109
950
776
638
800
807
392
352
180
541
247
886
364
445
86
542
256
544
122
985
356
624
352
898
119
458
392
450
805
610
291
866
26
106
571
328
385
895
418
341
410
100
332
879
111
513
441
291
300
567
483
659
19
58
49
528
292
338
516
406
386
900
630
798
699
12
836
362
485
321
377
509
830
140
55
516
478
441
964
803
559
599
558
230
569
919
100
747
870
707
803
726
419
536
56
253
680
914
755
453
237
401
339
144
345
714
181
224
236
824
206
131
741
967
641
208
559
701
585
634
118
677
776
152
164
163
782
253
156
401
143
129
806
78
257
43
238
12
922
634
641
527
975
228
986
20
563
296
123
852
341
319
924
315
134
993
772
65
24
833
567
691
56
178
345
950
377
990
826
810
4
680
708
443
394
795
156
521
743
49
789
941
947
238
952
355
83
897
572
774
140
797
749
205
609
600
450
423
445
325
727
156
661
889
68
264
29
413
992
971
259
493
707
552
741
188
142
838
454
187
794
179
143
714
810
672
109
735
528
162
405
298
313
304
160
629
581
253
993
389
410
93
568
336
631
782
466
201
591
340
652
710
773
241
99
784
263
544
205
67
184
404
731
24
418
109
708
620
500
652
727
406
743
317
410
310
838
385
457
305
681
168
661
968
856
995
919
127
411
658
862
100
36
396
706
126
673
806
74
190
226
800
862
548
900
782
680
842
973
504
954
663
169
411
909
269
32
331
893
876
133
930
279
295
663
261
899
404
172
752
704
200
607
483
264
659
790
252
672
213
307
521
760
947
113
687
603
860
809
990
651
183
453
414
895
813
985
96
889
464
531
783
113
319
135
341
399
439
709
65
869
259
