432
51
97
936
152
508
76
599
731
475
812
997
611
139
523
740
597
802
430
255
122
440
69
854
122
702
599
140
143
781
232
88
692
64
227
237
799
412
797
729
304
983
906
440
857
414
416
224
186
88
230
379
472
892
406
67
915
140
397
715
604
147
127
495
31
464
501
97
809
501
615
59
859
127
932
30
36
555
461
310
593
401
251
452
694
260
682
555
823
750
717
552
775
47
110
424
476
207
442
76
874
913
369
66
472
562
921
851
905
765
652
681
787
30
881
770
539
464
839
894
14
203
98
681
529
674
103
374
32
353
911
626
440
856
695
872
484
710
696
873
582
559
310
635
60
834
843
446
915
886
47
293
199
933
866
251
700
685
69
357
759
920
51
475
612
477
693
366
631
142
865
880
126
969
767
888
993
655
965
334
417
20
995
870
629
544
569
657
477
469
595
773
846
49
386
911
322
703
957
41
376
776
591
973
47
865
506
422
750
268
470
172
858
621
335
384
413
227
680
970
311
820
541
673
917
649
459
639
410
343
105
566
547
861
31
36
58
534
722
844
308
131
535
112
696
265
292
797
934
787
615
407
992
313
43
560
324
414
363
540
406
166
315
981
529
856
346
399
909
296
717
337
666
170
707
430
94
657
862
548
870
537
12
491
943
959
772
69
186
757
585
731
274
910
308
580
15
557
919
264
834
342
611
293
585
891
208
322
590
649
37
824
515
479
690
320
506
112
746
823
841
340
400
31
154
636
246
28
669
631
8
201
797
237
818
868
540
533
993
453
355
544
727
651
710
947
225
75
625
146
868
76
738
359
556
717
560
802
641
196
994
594
899
715
472
816
110
141
404
172
438
837
459
320
356
638
56
148
422
548
836
118
11
734
110
513
870
47
484
512
921
859
505
775
966
855
646
978
783
307
21
983
38
586
350
8
704
879
336
10
355
173
51
88
745
297
492
549
256
300
56
970
822
982
751
628
643
75
868
15
518
88
686
725
992
824
201
782
144
577
815
428
954
580
423
286
925
100
684
612
532
694
642
784
352
984
797
617
931
146
635
837
215
811
428
908
572
763
716
497
206
766
470
1
417
375
201
396
689
133
894
494
660
713
477
407
727
440
542
556
205
426
175
700
371
730
910
253
382
320
887
683
841
730
385
631
506
480
508
984
746
767
550
510
822
533
573
40
857
262
346
28
237
60
178
658
252
884
959
21
73
16
447
9
698
252
784
375
397
45
565
529
785
639
934
220
806
885
499
850
356
314
888
661
487
182
52
142
893
18
265
414
626
455
293
248
926
533
592
629
971
539
654
849
202
193
19
157
629
465
847
784
612
860
738
247
190
77
310
431
34
228
635
817
496
759
428
718
3
361
865
410
944
104
232
162
504
707
580
240
468
661
451
18
282
925
24
602
610
19
144
731
495
591
400
621
162
932
878
352
960
208
856
449
995
987
506
892
815
391
354
669
447
623
815
47
712
353
50
648
702
703
78
499
658
351
150
371
340
39
244
501
499
288
921
669
803
407
440
914
932
242
193
915
566
403
4
504
362
534
81
354
82
278
972
296
124
891
993
741
61
598
373
790
48
571
337
750
668
337
824
248
612
133
18
884
160
631
653
863
814
142
386
216
341
45
690
780
152
721
509
281
569
900
410
871
109
933
550
644
409
116
319
675
448
952
107
925
632
78
389
597
431
483
46
175
133
300
829
343
673
91
51
291
953
59
1000
275
603
777
251
376
678
548
846
329
20
723
871
700
647
527
154
319
534
608
844
107
667
336
655
964
865
12
573
794
893
234
621
186
708
11
615
746
801
540
712
898
15
133
360
621
776
915
223
822
863
754
294
384
633
927
597
972
790
959
386
411
851
986
977
938
950
809
533
668
34
706
414
368
864
419
553
963
919
563
439
202
939
434
861
694
543
763
915
165
680
330
921
311
547
100
152
763
933
64
573
387
348
337
372
261
991
280
842
616
821
522
217
646
879
676
997
939
936
252
49
769
626
487
586
695
718
779
98
580
340
142
539
998
160
587
209
903
305
847
512
135
505
503
206
821
632
532
775
590
839
143
264
788
553
840
700
910
660
885
335
567
191
336
483
606
301
714
708
875
277
970
755
385
399
742
236
907
499
824
646
774
971
205
757
334
5
670
950
718
137
154
438
967
795
75
654
761
921
375
704
212
423
812
910
153
498
691
171
661
148
917
463
791
