624
688
158
41
232
90
236
102
220
337
858
53
481
591
647
957
217
60
811
334
913
541
519
727
271
772
100
71
602
14
282
829
266
708
621
662
462
254
398
833
863
203
54
731
461
591
35
942
554
861
848
7
736
863
408
296
784
769
927
442
233
498
880
20
186
854
852
97
973
584
778
505
319
450
222
396
55
223
884
969
671
451
484
675
981
133
340
632
721
488
433
451
417
584
864
435
427
356
226
885
587
342
876
505
340
180
516
889
282
832
25
926
829
959
141
97
7
524
631
929
773
89
221
434
824
970
101
182
933
127
536
397
100
980
205
182
428
733
878
20
143
725
493
400
857
24
612
512
616
490
785
518
728
197
636
615
906
817
343
430
312
379
206
531
492
18
119
542
821
273
356
640
679
279
26
701
852
364
371
664
319
931
741
762
724
285
281
921
717
207
441
311
572
165
685
830
658
86
140
679
1
164
618
491
799
520
618
72
430
115
751
961
610
145
893
431
61
659
843
138
607
200
204
580
72
400
752
822
871
121
443
1
702
525
140
723
104
724
816
33
833
599
904
400
665
194
245
921
211
186
735
954
135
966
602
406
796
733
614
654
107
324
34
71
835
561
648
178
303
528
258
460
46
594
710
85
622
400
311
971
446
151
520
313
308
627
76
722
626
962
400
644
141
979
508
446
623
107
29
953
793
762
36
160
809
375
43
509
606
770
843
833
703
821
168
680
916
133
618
751
955
875
970
664
652
608
106
470
815
596
540
347
920
19
886
377
717
464
661
246
788
599
793
280
60
919
434
658
954
600
980
2
919
643
192
222
710
764
434
943
442
595
236
929
202
528
773
411
244
914
992
857
274
446
64
295
357
285
520
838
831
206
946
71
777
825
765
77
998
123
764
424
954
316
4
896
837
8
387
596
301
892
77
144
132
116
335
85
82
683
231
538
663
842
155
59
791
792
198
985
546
411
189
383
457
335
89
492
120
108
260
78
407
342
40
783
984
954
831
43
791
547
327
14
854
269
87
903
319
722
991
969
718
426
141
531
793
798
446
76
243
673
89
929
232
270
128
728
82
840
189
734
604
594
921
122
12
370
659
304
988
418
984
430
834
819
976
846
484
659
331
13
292
11
533
573
764
974
510
239
193
225
865
431
508
285
979
1
324
646
125
882
300
65
299
853
549
470
537
843
148
336
892
278
910
658
772
573
578
314
379
478
485
518
337
263
758
394
234
672
525
513
372
890
53
518
684
197
738
757
243
364
553
796
611
284
256
925
582
769
708
248
312
618
846
337
359
856
46
626
713
66
31
874
702
862
783
676
434
33
90
517
23
304
799
707
151
239
150
434
306
105
467
421
934
264
29
752
543
675
705
343
805
944
158
257
996
639
503
507
239
178
515
277
699
526
391
323
347
279
433
289
916
697
413
53
22
106
258
48
719
554
983
948
33
59
532
255
244
861
904
501
740
696
740
705
866
23
697
495
341
97
864
599
423
646
772
3
447
327
29
465
713
733
650
979
145
403
137
571
162
726
593
720
960
228
28
172
110
337
325
9
948
297
132
976
371
406
288
688
861
58
248
196
34
238
253
455
645
169
339
163
282
688
346
701
468
351
528
236
543
585
122
412
536
555
61
895
937
139
525
506
152
58
569
863
839
759
867
77
657
126
343
714
185
738
489
668
745
626
117
592
424
183
346
566
26
551
603
597
586
740
201
675
843
125
724
957
929
927
168
747
902
121
796
954
648
258
662
149
135
416
455
627
274
745
688
279
3
721
