844
534
698
134
953
334
489
390
660
291
61
269
361
627
204
201
606
295
281
307
396
655
947
662
202
471
721
308
594
24
269
521
13
814
250
351
222
191
447
70
690
945
36
102
657
904
210
272
591
257
760
767
125
389
110
607
842
165
74
65
754
488
364
162
25
440
4
940
270
440
920
170
360
579
996
68
832
343
285
376
346
709
476
316
106
77
80
72
599
688
940
986
455
895
622
360
41
980
720
795
178
895
590
733
606
155
10
647
277
72
239
422
83
982
491
876
296
25
403
701
363
46
136
317
776
114
457
195
786
395
290
35
917
865
902
605
100
225
74
204
835
416
844
167
622
266
31
850
554
301
856
567
731
740
337
247
386
123
218
449
209
493
179
43
61
882
882
512
545
399
142
840
686
529
50
917
853
501
444
614
910
147
2
566
192
390
584
248
427
788
272
388
589
888
11
422
497
215
869
883
314
961
500
219
623
86
281
811
317
571
851
97
645
425
120
859
221
672
109
502
