158
183
185
90
502
5
308
876
657
886
699
959
943
303
758
887
245
927
906
462
972
880
630
229
40
340
712
118
457
886
621
103
624
591
185
300
275
272
865
165
654
625
754
352
200
78
723
508
209
1
705
735
657
931
816
372
148
703
1
119
735
637
84
277
701
799
415
739
998
427
427
808
449
474
784
377
249
729
283
480
134
295
119
296
501
80
411
443
615
929
777
896
583
429
112
400
678
577
905
834
261
434
431
222
218
202
874
474
503
258
592
151
115
126
989
450
939
733
308
459
884
659
966
897
390
371
662
960
495
626
923
258
786
909
844
589
714
562
990
488
948
834
300
190
661
896
834
253
234
360
456
894
574
40
702
679
822
367
325
583
140
599
356
464
631
227
900
907
597
770
196
77
878
243
646
433
207
568
316
86
650
944
851
402
590
333
612
614
357
869
724
612
815
137
186
154
940
791
402
658
944
589
752
184
752
625
923
344
514
707
738
75
922
101
654
8
612
203
506
113
370
71
164
922
621
280
301
752
638
678
410
381
103
200
776
988
94
19
944
976
830
993
709
90
859
622
817
690
397
80
35
711
341
547
887
771
678
853
491
263
