37
691
372
53
437
558
969
276
562
741
82
345
312
753
850
253
814
562
547
560
758
209
848
506
706
890
811
828
28
925
105
36
948
133
85
554
838
82
453
561
534
881
271
167
769
478
395
706
656
775
814
981
564
442
780
189
17
570
436
937
325
794
1
951
117
943
712
938
446
571
173
943
912
526
202
691
478
160
937
193
41
952
607
82
988
434
380
66
83
908
96
621
946
243
677
966
186
307
172
520
676
392
281
610
901
583
694
88
367
99
751
950
396
501
992
102
534
273
673
136
337
136
323
729
266
860
295
954
382
147
642
729
598
878
409
876
430
222
730
847
962
388
856
266
186
150
948
578
415
985
641
78
171
840
404
203
818
551
550
971
122
57
704
985
695
501
957
617
35
870
160
798
197
515
594
841
943
540
74
158
600
332
717
875
671
850
172
53
971
128
