190
472
263
954
318
711
387
635
263
427
518
914
486
530
614
134
625
614
903
724
140
656
260
802
487
516
457
126
954
749
605
705
163
155
366
214
405
108
205
520
654
10
113
149
152
223
378
465
595
345
116
528
581
575
866
994
558
637
910
659
580
34
915
377
815
59
610
153
595
888
428
24
165
537
364
224
915
738
926
892
720
431
300
626
117
887
953
822
83
688
812
943
291
769
866
227
234
962
99
598
959
901
840
593
824
288
990
607
68
140
325
750
203
641
64
458
79
765
736
245
974
63
802
998
413
944
750
655
810
212
936
260
370
958
295
168
146
195
336
221
472
95
33
512
988
708
687
527
264
948
121
459
532
924
303
37
93
480
223
468
543
892
762
370
704
35
469
931
800
285
895
631
220
630
281
970
726
387
154
316
856
304
615
81
51
632
555
343
576
30
832
93
849
75
538
13
551
445
194
176
269
216
197
431
775
372
176
130
953
308
593
580
636
977
734
498
196
971
254
107
794
285
679
112
258
162
955
935
747
866
