437
146
436
833
862
721
663
241
726
128
749
191
350
583
27
164
144
751
738
96
909
817
386
355
431
530
11
330
282
290
221
842
792
584
274
179
857
439
270
294
73
489
388
9
733
288
979
964
129
794
720
62
605
812
319
574
732
816
96
820
373
813
343
884
714
148
526
323
307
299
144
858
952
224
583
673
256
612
641
929
116
370
370
303
54
492
402
849
536
654
192
477
699
148
588
467
180
649
805
116
909
521
28
174
2
198
726
875
668
299
415
628
920
924
864
708
641
796
229
37
679
755
853
837
464
627
76
454
652
85
594
699
206
739
963
884
77
625
203
188
298
360
775
702
416
624
730
311
785
635
440
460
612
330
913
328
614
336
703
483
777
411
99
532
573
601
793
177
763
316
12
630
219
555
526
531
752
694
333
680
821
316
797
51
905
551
536
453
680
96
75
688
647
742
724
902
580
728
317
490
712
80
883
372
546
624
230
966
499
169
525
96
995
866
284
577
864
486
688
276
491
804
959
628
903
989
728
170
714
191
524
433
260
735
939
111
277
866
241
206
865
374
962
644
487
949
736
906
739
995
784
763
998
299
345
638
228
435
770
866
126
545
266
251
51
183
122
655
405
237
180
382
998
444
230
565
558
665
398
413
822
621
7
481
63
577
570
196
426
181
777
865
242
458
905
335
322
328
771
175
28
722
398
187
762
483
145
816
246
408
168
313
965
293
334
253
76
658
624
677
627
728
239
133
749
78
631
60
871
907
517
598
442
294
449
765
151
51
982
832
705
843
57
820
92
917
43
425
59
764
717
522
719
166
167
129
887
775
644
267
355
872
699
205
908
252
886
91
473
406
503
741
238
934
291
749
769
736
428
268
133
437
584
808
990
552
787
978
649
564
758
42
460
144
209
476
260
740
917
607
445
939
609
62
899
971
579
696
918
30
238
421
86
780
432
234
678
620
685
431
41
113
511
28
286
367
502
991
783
469
330
501
324
108
179
634
401
257
675
558
642
139
769
378
111
161
487
214
105
183
743
199
781
27
193
879
28
362
558
469
926
869
253
771
105
464
624
242
371
195
416
513
323
992
266
943
852
610
155
284
733
815
535
167
225
483
215
298
618
237
105
273
685
266
859
123
653
560
34
936
686
650
651
514
98
114
931
942
681
112
767
653
845
786
903
324
609
776
592
192
673
86
430
611
171
605
42
192
928
884
65
404
929
274
937
229
720
411
744
362
140
581
143
973
822
738
249
604
303
325
262
457
739
747
799
909
768
52
805
759
84
125
955
506
570
526
860
241
457
994
351
596
45
15
376
498
491
848
478
318
597
917
421
843
673
410
147
224
970
911
848
852
538
877
883
976
696
789
588
50
861
342
623
343
358
203
796
295
488
621
335
196
619
167
785
899
600
330
847
173
332
835
715
581
995
321
35
5
894
571
927
895
203
274
14
985
757
968
249
913
953
494
674
171
763
490
64
820
847
15
44
594
880
907
520
381
843
629
82
418
144
684
580
129
520
861
91
999
825
360
716
463
605
34
259
504
178
515
806
26
490
293
506
775
594
161
506
25
119
405
500
795
866
243
749
554
24
732
654
174
668
972
786
823
870
602
124
893
9
709
568
876
994
36
652
382
986
848
459
282
385
699
982
191
100
344
703
696
354
329
142
944
215
93
609
601
506
862
770
844
608
352
250
885
12
433
773
261
343
118
573
805
265
606
924
960
454
610
565
391
442
946
564
619
259
691
865
968
360
108
995
820
327
596
694
785
137
913
732
349
808
227
31
181
788
501
263
515
710
980
764
375
438
908
552
811
286
598
118
195
51
166
689
304
545
423
376
843
208
819
164
356
297
679
289
730
45
950
372
169
814
881
278
214
591
485
47
672
452
332
978
168
889
383
435
552
924
77
767
226
977
52
232
690
813
965
718
245
301
744
896
919
910
308
332
314
736
462
984
14
995
407
870
674
918
147
750
743
903
343
264
915
313
684
806
278
568
237
689
245
39
392
160
263
727
852
212
83
541
48
311
563
860
629
505
670
907
804
72
241
166
334
169
2
214
350
387
254
233
911
361
554
243
984
969
802
74
225
399
582
845
179
493
718
595
654
326
82
908
504
699
319
379
801
285
951
221
374
229
762
149
90
653
800
673
880
64
618
812
138
741
161
203
855
731
851
624
883
39
340
837
858
443
856
761
148
782
309
231
460
