378
699
219
814
221
670
759
383
48
516
731
54
286
494
547
819
279
854
396
409
201
993
80
77
922
499
211
425
209
402
775
731
407
234
873
544
12
140
771
406
744
340
638
668
861
760
774
659
655
621
483
704
427
763
319
875
720
237
657
947
745
581
280
983
617
821
335
802
708
621
814
840
523
218
492
393
522
274
177
207
404
758
569
608
484
108
226
765
307
191
342
407
417
983
142
181
329
826
548
496
64
198
699
715
567
698
204
256
16
155
202
204
897
471
979
275
660
705
241
518
655
366
975
947
446
937
158
1
398
759
386
788
949
827
6
419
344
87
150
839
90
539
113
821
294
579
25
923
130
155
950
932
435
998
450
900
61
888
141
332
250
450
444
599
507
625
506
411
219
405
992
467
129
336
881
537
315
710
227
577
192
382
697
676
145
43
551
964
744
192
25
225
98
539
322
158
862
722
351
887
35
522
975
934
487
798
129
457
967
628
90
860
867
21
289
507
875
950
841
879
247
696
682
950
754
876
88
328
920
943
896
488
604
809
602
305
532
221
275
44
676
785
672
911
648
760
205
960
335
999
974
685
908
863
447
320
250
11
887
489
136
117
831
628
754
985
889
598
554
871
861
583
583
86
591
756
186
151
247
161
783
446
34
15
526
528
813
495
436
376
569
281
416
437
323
379
420
562
589
334
242
899
636
491
521
539
98
97
251
750
598
619
986
966
205
617
730
34
326
797
171
983
344
865
312
503
802
882
819
358
999
891
3
903
756
679
530
890
846
695
514
893
558
893
465
10
495
619
316
420
103
113
311
301
278
364
271
672
759
399
418
518
62
984
354
852
544
911
43
999
870
605
512
508
818
958
504
71
391
45
110
446
213
447
866
699
635
747
692
635
241
723
746
584
925
374
94
830
357
111
672
72
761
145
952
825
364
168
794
846
738
992
969
591
533
491
791
159
604
602
532
506
80
123
186
748
780
546
453
594
722
509
799
620
565
176
706
205
955
97
988
983
157
899
310
681
700
278
856
757
445
490
293
535
221
610
306
779
662
856
807
48
602
347
887
667
591
673
819
479
993
498
765
322
978
714
622
690
931
606
156
214
470
38
771
47
575
153
363
499
52
254
536
21
531
595
558
571
905
708
225
228
984
868
511
112
752
245
878
806
300
889
519
215
103
613
427
702
892
482
113
758
776
608
928
2
126
487
774
957
860
68
861
976
916
187
314
126
737
795
741
280
888
484
741
537
828
980
612
259
961
639
76
876
836
1000
457
519
220
699
487
358
434
428
52
884
828
577
138
227
434
518
289
291
760
899
20
440
830
167
203
813
11
334
656
317
633
837
626
294
843
48
987
947
866
942
407
899
702
299
286
370
208
621
185
253
498
493
19
480
6
984
781
196
495
43
590
270
386
457
907
748
1000
777
524
628
93
393
36
879
682
49
653
906
988
812
479
503
570
686
948
269
159
463
5
309
748
391
676
40
609
975
489
871
998
267
291
718
380
878
527
998
142
481
864
240
895
280
729
586
372
475
429
275
723
265
972
779
648
703
