25
913
368
502
271
764
722
903
801
463
540
697
798
781
841
621
6
732
496
209
359
945
943
317
780
860
453
854
23
646
381
967
890
665
817
479
974
73
286
399
195
956
209
353
130
404
342
662
113
603
259
367
247
844
185
539
936
983
872
136
821
884
218
224
695
607
45
5
285
563
533
800
970
961
143
835
838
986
752
726
535
678
503
375
261
560
36
801
437
715
491
797
858
857
937
529
670
822
886
43
147
240
334
969
197
683
567
686
888
631
24
421
451
54
984
701
202
838
925
468
127
859
429
77
241
963
514
683
753
631
507
240
598
413
670
893
510
943
80
374
6
78
342
224
948
727
748
718
521
393
384
739
269
461
176
279
662
990
496
603
650
620
788
467
164
313
739
142
84
999
695
391
827
822
614
536
776
244
255
92
223
455
446
862
939
656
971
770
775
606
519
563
126
172
113
231
219
337
713
56
63
24
731
441
183
245
653
511
160
848
167
89
321
581
287
565
417
880
804
652
692
347
358
23
705
428
305
952
391
272
795
685
136
143
150
656
316
97
248
404
861
756
683
865
903
778
26
38
31
171
1
366
835
732
323
585
79
196
826
18
448
247
715
167
236
50
465
835
633
253
745
799
547
941
411
424
884
591
722
198
171
671
889
750
8
422
22
72
796
645
239
104
390
595
985
432
573
451
963
516
369
956
437
40
743
14
276
214
894
831
888
592
520
383
1000
441
691
561
362
735
51
342
900
803
450
938
596
208
282
720
705
467
812
502
243
136
521
609
447
115
448
889
466
359
949
298
968
691
976
945
219
465
222
818
170
979
190
480
541
414
58
443
795
1000
72
415
5
203
924
126
402
505
795
293
666
285
393
931
721
34
818
691
755
770
918
474
65
861
186
678
981
471
549
828
160
931
226
152
837
332
877
136
664
127
184
334
411
380
467
431
318
365
436
799
90
723
172
659
100
708
572
853
717
746
709
793
416
684
541
663
368
269
415
469
245
515
147
368
290
657
235
924
979
951
430
905
54
587
600
276
297
585
396
4
964
774
914
43
161
205
70
642
247
714
97
427
888
666
292
582
499
752
568
40
3
314
951
863
701
3
238
954
176
595
861
943
260
633
224
269
592
456
583
652
815
299
375
122
731
395
246
981
599
111
158
696
210
931
180
650
399
863
457
879
110
728
513
271
992
444
26
965
487
355
121
74
44
231
688
393
146
392
754
415
522
477
226
560
238
477
485
418
636
372
478
544
483
297
121
354
675
13
258
488
435
464
117
853
725
910
895
328
912
341
927
872
440
807
764
637
264
709
107
198
500
873
691
448
578
523
743
99
384
550
984
558
150
384
218
9
795
183
535
14
609
804
66
496
634
831
659
897
170
708
908
531
186
649
349
758
93
68
733
430
895
961
530
76
356
241
392
350
233
186
180
399
309
528
116
896
235
403
246
346
473
325
407
516
759
729
59
695
721
681
182
964
329
387
928
936
509
576
335
267
745
554
815
566
481
676
637
544
771
400
219
789
171
833
901
53
43
397
248
984
474
696
836
177
704
414
653
599
593
689
984
704
611
45
789
67
488
735
607
489
180
930
92
735
739
176
417
65
652
766
91
901
324
266
62
78
354
676
659
992
327
534
709
863
667
971
217
42
304
300
695
193
888
624
654
575
100
286
1
44
304
65
977
730
363
91
682
883
780
664
305
80
974
44
807
236
380
947
525
321
711
24
784
751
949
349
78
936
376
360
997
19
714
318
37
529
468
481
885
764
600
281
481
972
816
415
670
443
617
701
682
735
839
928
374
721
229
830
665
722
331
993
241
780
778
382
20
276
632
486
179
49
707
355
293
729
263
366
135
756
968
189
519
994
858
420
202
489
739
262
102
247
185
697
550
613
