958
168
395
782
120
531
370
306
503
642
779
382
260
788
866
203
820
123
326
443
909
459
618
485
939
293
92
4
610
698
142
858
804
654
790
361
542
452
19
508
623
432
329
329
266
99
121
908
140
855
636
320
541
176
503
767
806
674
376
178
600
961
591
952
919
349
151
825
675
100
574
376
669
58
728
924
773
151
552
344
993
314
135
242
222
772
9
234
625
102
78
637
468
906
510
841
309
15
17
35
642
777
202
504
176
660
118
361
479
921
423
616
414
580
238
921
579
958
857
979
272
557
185
571
809
79
48
544
416
725
576
106
207
184
91
666
721
262
501
53
354
381
431
510
830
138
724
905
930
95
973
880
59
909
703
112
837
449
314
515
955
829
434
215
222
107
955
13
537
45
829
140
121
75
451
230
343
963
14
926
405
822
250
205
190
963
24
344
90
357
949
707
35
218
386
597
155
546
147
826
68
732
728
105
110
229
352
901
502
234
110
757
24
478
590
18
144
964
247
590
920
908
773
322
885
960
65
44
133
964
314
209
528
461
487
836
961
513
350
831
363
641
923
394
367
494
320
906
42
801
412
830
982
607
768
937
880
910
901
550
552
654
973
820
485
735
49
853
273
565
958
338
863
746
154
388
502
981
132
214
9
189
487
149
212
711
481
300
514
995
665
936
27
129
633
752
16
971
161
959
686
643
902
519
16
637
926
889
620
561
148
611
993
298
264
716
636
426
584
289
826
455
208
147
905
42
355
100
135
1000
928
902
239
76
298
241
835
806
775
935
762
60
808
403
722
571
516
956
203
11
789
486
973
361
123
173
281
731
116
317
838
320
648
58
922
554
304
790
43
525
165
358
92
870
904
217
369
727
4
911
616
972
383
402
361
862
227
871
538
700
627
882
394
165
822
274
792
854
374
165
454
612
308
569
620
742
758
26
471
355
633
415
347
180
661
91
340
882
696
844
478
614
681
393
468
113
735
79
876
310
528
953
766
323
423
472
986
452
779
56
101
747
798
510
829
882
221
373
77
392
120
304
58
498
603
296
144
902
617
989
897
299
416
660
458
133
725
467
940
733
690
279
470
177
183
232
804
785
965
930
328
771
551
125
843
406
571
607
606
271
190
748
103
486
168
567
4
456
567
307
380
299
400
36
80
317
699
618
904
667
820
216
442
142
466
269
332
431
674
346
302
651
929
561
108
731
669
985
763
479
442
726
829
801
649
44
134
266
262
922
4
816
426
821
644
176
997
478
914
93
131
239
796
979
779
340
69
498
246
844
698
417
592
671
775
507
442
966
723
445
549
189
466
943
346
284
618
238
710
979
856
365
112
871
587
21
217
738
581
596
19
201
19
779
35
472
477
183
470
813
496
976
243
890
818
718
98
792
122
11
106
992
580
225
657
433
463
179
567
984
646
73
271
769
422
552
637
54
632
77
953
308
740
234
890
788
113
565
750
382
188
534
660
723
97
831
694
907
281
510
818
332
885
989
790
560
512
596
83
940
296
339
888
434
228
984
315
412
608
229
385
602
346
311
488
151
113
275
207
946
330
495
64
294
983
81
177
384
15
391
147
324
780
203
882
852
480
801
912
656
427
697
791
590
698
407
804
295
119
271
129
244
776
675
639
127
17
914
451
302
987
694
603
479
436
520
304
113
243
638
281
233
613
310
890
847
706
208
550
815
