889
382
54
630
19
134
15
48
146
680
881
724
380
632
592
506
274
53
251
350
279
555
351
14
379
486
346
902
370
145
39
955
313
859
403
746
945
182
719
233
794
281
690
82
349
523
331
821
629
781
770
849
980
545
408
314
460
583
105
917
373
544
387
754
428
861
75
634
344
982
375
908
114
655
199
275
57
90
725
88
39
886
572
457
504
15
403
272
483
169
935
881
230
806
428
3
609
990
267
604
199
715
870
340
827
296
658
182
367
77
404
937
331
592
60
3
2
784
67
695
539
626
677
701
417
359
986
383
375
269
137
71
225
999
892
808
645
688
828
206
173
400
507
378
791
904
398
446
204
282
120
67
55
336
560
945
216
360
228
27
782
445
597
420
105
684
782
466
19
68
445
322
577
867
6
597
62
9
384
909
120
865
758
56
698
237
378
746
578
517
207
867
317
244
48
172
720
477
441
173
128
377
81
476
249
196
897
961
469
943
471
364
272
129
113
325
212
893
72
317
112
397
897
518
568
350
678
130
57
250
105
470
427
34
974
147
620
186
642
434
474
115
170
262
639
822
888
40
427
933
458
617
278
852
999
41
511
735
249
883
630
445
543
20
687
455
648
584
412
112
261
381
246
787
896
743
889
798
733
806
512
581
321
111
160
403
332
85
320
665
613
113
633
920
614
284
943
804
574
448
463
604
851
534
189
537
601
766
549
365
376
513
983
72
131
266
613
977
744
687
883
687
879
712
654
717
805
346
592
46
803
871
102
643
925
316
666
996
147
34
497
359
343
893
246
374
366
429
139
630
