525
772
361
503
545
689
249
403
290
281
940
900
606
59
479
994
274
298
231
639
762
997
662
560
158
308
726
139
649
430
727
33
392
29
926
201
663
16
499
703
274
719
606
507
696
900
817
148
649
300
601
578
950
708
158
568
372
751
495
172
164
51
398
299
252
948
570
794
450
318
179
789
955
120
52
561
96
374
589
814
87
381
786
357
492
231
804
8
824
689
718
452
121
668
524
290
605
497
979
147
592
838
821
611
986
592
747
575
41
806
427
751
5
383
47
5
555
88
272
527
103
868
36
712
211
993
820
64
158
14
828
5
486
32
62
993
375
765
534
908
846
218
688
526
887
789
907
977
812
23
653
646
407
985
778
683
846
298
813
130
29
792
432
514
381
437
769
292
170
186
328
994
462
845
823
456
108
10
767
193
584
704
269
548
175
205
363
387
264
478
47
788
652
940
53
732
135
514
990
306
25
791
194
321
517
144
694
228
363
631
797
557
667
606
532
314
374
342
576
503
90
719
317
374
866
857
890
650
840
728
752
52
1
521
507
719
30
369
420
91
704
854
792
5
561
126
418
70
541
281
949
638
916
418
256
458
403
895
419
141
717
522
706
557
783
873
13
616
464
55
835
187
131
737
478
435
984
786
254
568
62
215
943
607
156
123
591
413
171
91
