760
581
111
761
224
130
255
445
778
719
209
867
908
173
21
697
358
400
247
993
110
664
202
335
784
78
354
887
565
161
613
588
491
349
125
535
174
489
105
698
32
490
966
886
451
377
377
106
409
627
75
17
658
602
725
799
552
197
616
408
522
357
859
761
875
765
353
168
811
323
446
163
314
890
503
658
72
800
793
422
73
492
881
847
969
900
851
325
272
210
216
727
187
193
194
815
468
312
227
663
890
626
268
25
708
968
611
351
201
336
448
329
750
748
297
380
197
349
467
445
129
12
371
546
587
181
909
268
612
448
811
999
61
161
435
477
698
801
541
613
609
835
880
502
697
409
677
623
954
86
541
930
572
247
116
564
338
210
533
105
575
146
213
335
155
538
832
597
230
385
18
363
947
601
705
515
928
24
879
900
627
978
788
672
553
49
165
88
757
141
737
230
705
718
174
439
255
759
844
651
360
254
632
185
134
146
8
977
260
3
343
406
518
492
895
454
560
869
843
820
500
105
383
958
593
303
216
168
383
960
315
623
772
40
568
44
466
587
951
739
353
738
704
762
186
791
13
262
602
169
331
636
19
187
331
734
794
495
735
138
28
213
765
111
280
518
717
943
6
136
415
530
862
795
84
596
48
670
779
162
477
988
38
376
157
251
762
902
652
11
537
760
825
827
453
558
960
877
107
195
836
484
973
703
814
663
938
228
250
158
495
39
381
386
239
139
706
408
824
289
853
604
556
937
294
635
510
774
379
394
899
673
281
427
201
682
183
927
997
735
200
543
475
908
915
3
787
141
896
510
394
390
805
316
769
937
394
100
640
390
765
273
143
224
515
469
429
758
261
706
463
785
331
806
722
752
838
703
600
515
960
863
769
48
31
195
904
665
108
492
507
39
789
791
333
657
167
876
833
878
110
761
615
943
316
157
659
920
486
851
786
329
351
975
438
961
805
636
42
361
649
225
455
726
368
728
586
365
753
561
350
79
844
101
282
898
268
858
460
696
10
242
926
690
767
891
435
695
801
876
732
376
765
658
306
832
332
216
884
437
195
659
930
63
391
523
124
920
666
616
646
979
24
699
902
658
130
49
962
957
574
360
936
898
941
494
33
797
684
427
745
300
261
693
660
99
939
129
780
672
807
804
559
843
56
860
903
29
237
75
352
840
871
516
413
337
472
773
416
30
310
679
461
37
944
63
370
607
561
529
613
579
137
142
853
756
205
327
608
601
329
536
811
649
63
576
578
867
806
525
359
112
760
715
296
793
494
133
771
955
704
620
381
983
332
423
521
558
558
729
176
65
136
423
176
978
696
90
290
677
898
128
941
205
76
787
572
38
522
896
855
726
53
711
957
539
862
392
975
267
468
704
343
347
562
534
595
103
3
997
456
486
753
541
52
155
690
363
930
960
468
725
998
953
37
358
608
546
482
312
