9
641
154
743
370
913
271
443
717
1000
351
99
239
504
498
748
741
763
573
801
433
593
405
932
988
249
558
212
952
2
245
559
851
90
184
452
737
300
771
182
479
140
728
510
119
106
192
574
652
726
820
693
310
325
78
402
850
834
153
765
586
607
502
366
810
242
816
974
522
14
475
100
513
95
228
667
549
13
66
638
447
889
980
625
578
467
851
372
890
537
109
926
886
323
801
340
322
48
34
575
533
300
688
237
325
421
93
57
492
357
392
656
593
481
249
649
584
205
331
782
632
990
738
124
857
238
817
517
202
367
634
69
518
153
444
287
665
377
985
668
434
112
656
6
705
596
57
912
360
806
394
783
48
24
28
718
320
367
769
59
790
361
569
186
643
724
822
652
632
755
742
541
449
667
811
146
825
422
330
900
221
247
379
841
866
41
487
481
505
386
944
539
265
268
981
618
856
684
803
949
120
42
729
314
811
51
443
839
93
921
803
940
896
516
346
374
596
603
362
693
888
873
990
758
765
294
783
542
802
718
135
803
877
774
911
634
328
827
749
312
392
383
604
426
738
484
689
187
317
747
544
225
66
407
258
544
165
784
836
818
3
203
573
956
243
836
785
325
979
630
791
325
249
908
141
58
396
837
326
891
120
876
980
719
504
908
796
118
986
313
986
478
628
628
81
359
460
77
209
727
590
820
122
410
791
274
315
695
412
559
833
128
475
692
335
390
768
109
177
988
326
517
373
119
979
700
324
780
213
67
332
742
140
8
482
341
521
266
124
776
421
791
644
578
562
498
766
881
703
938
110
922
437
101
436
464
86
37
565
8
860
438
901
785
553
945
751
636
924
252
98
132
179
118
41
434
438
99
982
905
418
747
104
66
783
74
392
957
553
893
836
833
483
98
421
262
179
129
278
549
292
741
985
323
931
594
983
815
99
286
292
582
477
253
62
983
113
182
435
576
27
718
559
127
338
832
950
383
389
98
959
568
435
129
771
323
412
234
211
90
940
342
1000
657
588
38
411
259
317
8
657
187
439
831
674
738
443
171
677
874
70
701
640
524
502
5
215
708
125
424
106
817
492
153
255
501
275
446
720
791
133
567
318
957
384
898
453
205
452
580
247
66
290
725
254
445
173
917
877
884
690
804
934
27
390
229
228
165
272
834
577
475
887
947
665
762
487
45
123
175
915
937
446
567
477
555
631
77
11
622
893
569
496
383
883
125
9
799
182
798
746
331
429
142
895
636
795
178
889
531
654
521
638
517
159
906
733
701
238
750
69
914
746
848
286
467
444
326
722
942
966
649
962
781
135
526
246
19
492
64
297
34
152
858
750
717
185
761
233
442
897
907
117
424
511
227
452
917
562
522
771
848
335
574
741
377
217
609
494
473
601
61
993
260
537
47
421
63
413
240
944
784
682
463
443
649
816
523
516
62
156
681
37
239
375
750
277
5
535
252
661
29
424
430
549
567
251
541
688
289
256
80
902
748
88
990
211
43
494
966
444
487
705
794
484
416
215
248
481
553
874
956
879
399
906
952
912
939
375
691
18
653
125
213
269
946
36
975
620
191
667
313
703
932
555
638
859
92
978
397
735
52
861
545
728
542
328
464
495
828
177
743
596
301
229
353
400
859
412
326
933
306
862
261
151
895
916
7
479
834
473
302
432
900
722
89
927
249
638
446
694
938
745
693
833
370
517
465
804
817
624
369
814
516
650
648
461
906
336
82
106
319
187
347
246
508
192
659
736
27
427
707
517
452
373
837
408
540
754
683
134
307
386
608
466
64
666
10
849
434
335
682
652
968
578
832
787
453
331
262
480
887
422
655
129
895
602
359
731
982
653
102
498
53
924
610
994
190
89
541
80
822
18
108
57
110
605
296
490
143
6
47
181
936
218
653
395
246
123
588
988
453
642
764
114
836
977
483
959
977
298
797
165
808
656
8
679
564
150
587
976
144
565
609
162
390
825
497
347
815
311
989
855
491
325
195
849
581
777
911
870
763
991
826
447
584
355
920
148
71
175
788
87
141
140
951
323
216
985
687
960
561
453
376
689
958
201
235
709
684
