886
91
846
720
441
288
792
361
637
376
549
750
914
873
802
817
815
90
273
313
303
829
264
578
28
116
577
548
558
39
945
653
570
740
12
38
550
117
156
778
335
48
420
9
329
201
614
153
481
998
742
796
14
280
232
139
451
134
143
878
714
213
299
223
899
870
123
533
25
525
512
366
896
216
90
78
506
427
479
373
956
685
7
778
184
253
459
688
482
837
14
368
276
576
754
735
710
330
113
227
30
275
633
542
179
318
899
852
859
513
83
951
205
140
754
970
759
376
4
426
749
851
480
469
903
210
376
128
534
222
465
660
849
462
515
979
739
205
254
231
936
722
355
718
733
843
838
748
140
990
948
19
379
959
903
205
755
393
455
158
568
752
41
418
325
608
27
740
503
457
334
207
953
786
770
82
289
793
205
223
426
675
932
397
246
400
919
66
363
298
287
954
801
601
560
110
187
959
943
460
959
174
428
575
775
590
870
862
998
733
337
721
772
239
439
789
250
221
937
439
408
92
187
933
194
904
732
454
113
224
202
806
85
616
851
396
232
503
939
747
821
750
286
311
916
936
209
304
379
325
297
432
273
869
327
58
689
529
474
782
154
986
872
504
287
806
529
352
753
7
54
265
356
508
105
723
246
477
999
566
732
127
264
486
591
320
78
144
840
534
778
802
273
837
525
701
408
355
337
404
967
817
344
270
459
273
265
682
487
6
122
777
382
54
858
326
75
232
974
237
469
743
379
3
537
1000
492
209
445
358
556
598
267
561
117
506
573
206
129
318
953
415
548
561
257
304
629
211
332
164
610
596
432
800
263
97
9
960
645
582
536
528
839
507
724
149
676
619
358
545
270
89
998
248
1
751
943
117
610
412
297
422
1000
542
995
111
618
613
781
109
503
268
391
740
391
348
926
421
538
235
78
782
517
360
918
284
418
777
425
107
281
32
35
231
279
989
87
215
400
331
884
394
725
111
793
614
75
783
596
465
463
622
269
586
547
963
691
346
212
960
279
261
570
874
920
457
666
699
875
196
100
51
268
847
563
945
535
966
418
572
962
806
280
715
446
290
953
151
27
279
811
288
822
810
798
956
785
853
954
922
635
657
587
440
398
143
188
222
335
617
241
88
883
256
802
494
740
749
872
917
967
724
92
57
606
842
980
732
984
460
300
340
519
303
208
451
316
844
801
31
643
563
478
610
731
927
678
89
412
137
781
433
833
958
440
56
713
956
445
625
839
539
894
773
40
342
20
244
332
913
382
500
556
155
236
341
670
564
487
340
991
573
419
637
950
630
97
519
183
676
704
279
830
712
682
732
261
717
751
464
508
126
250
850
870
467
466
654
839
897
1
933
968
705
693
890
161
432
747
998
682
665
152
18
35
979
490
48
916
667
263
528
253
812
254
73
589
839
108
676
576
172
211
247
337
90
877
881
495
597
145
371
428
426
948
771
758
1000
185
804
729
28
283
831
141
566
138
53
647
400
513
439
266
468
743
985
913
365
174
67
632
333
264
187
80
497
339
16
384
78
222
853
534
661
787
447
868
157
767
829
392
773
708
42
729
354
736
95
564
672
340
313
116
64
736
876
759
300
380
414
791
200
442
55
444
618
310
607
513
314
948
407
873
217
647
428
83
85
525
505
294
167
859
101
993
161
327
638
241
933
982
17
893
757
342
155
871
723
563
796
944
94
514
207
61
413
840
452
884
201
196
177
274
173
372
307
967
531
357
190
953
515
687
600
799
201
627
687
268
763
861
864
943
133
391
288
360
957
767
604
880
526
289
569
141
720
74
229
587
882
913
953
492
904
618
946
547
142
958
633
189
744
563
407
625
466
617
886
853
356
619
349
208
705
848
668
16
863
195
65
122
709
279
180
145
49
923
730
853
583
295
623
816
479
543
67
213
766
932
337
582
484
238
734
6
622
909
441
529
664
385
33
327
545
502
527
761
111
415
630
865
35
210
327
352
298
215
509
509
697
881
502
677
21
582
188
142
921
760
910
236
194
408
334
832
243
88
467
583
680
580
610
907
106
179
785
961
288
678
286
783
892
543
280
885
321
501
688
848
74
51
672
548
757
728
316
17
498
404
214
9
763
331
720
404
67
747
467
497
942
843
590
15
349
927
216
983
752
603
741
