759
250
839
290
489
97
908
822
10
981
908
253
296
125
399
267
833
378
832
634
538
993
490
129
347
407
494
203
867
594
653
554
553
608
779
860
297
181
758
166
333
710
874
287
969
80
554
71
556
322
529
554
476
50
585
696
328
633
132
725
330
379
712
687
715
801
249
90
41
711
345
298
264
317
326
161
692
542
620
303
836
212
698
529
864
917
531
1000
933
718
88
650
110
72
393
760
868
682
679
601
199
320
247
528
500
693
130
493
797
367
917
728
200
875
621
298
151
640
616
723
168
450
373
494
994
65
785
9
801
765
981
580
176
310
488
911
353
76
918
462
451
908
348
410
308
104
673
803
677
935
807
295
751
473
487
767
375
574
762
977
827
108
769
939
263
814
107
543
449
296
646
632
386
659
100
822
737
955
116
308
25
599
734
682
571
451
79
983
260
909
370
496
343
453
150
103
354
392
820
865
595
481
193
529
391
423
178
614
442
439
511
227
501
567
638
654
672
87
69
303
514
149
817
428
251
342
213
586
1000
119
624
915
929
513
883
785
430
224
412
472
30
552
240
258
522
551
860
569
560
725
527
6
961
855
687
713
798
869
408
931
258
682
572
252
657
737
401
946
347
345
471
148
202
370
579
618
795
728
660
617
747
153
660
64
305
207
891
547
107
634
323
161
182
800
62
986
317
24
810
242
908
516
553
467
224
815
980
37
985
495
327
310
371
176
429
777
585
666
22
299
717
479
912
483
360
83
761
535
598
111
85
73
761
299
733
925
507
288
307
280
354
865
466
80
146
891
389
312
20
485
