136
926
125
665
992
835
730
62
201
998
297
136
261
983
665
345
954
851
33
160
658
620
55
386
684
842
789
456
24
90
117
740
771
971
14
390
184
415
542
347
448
624
530
783
80
812
78
857
710
799
825
743
69
716
464
448
292
692
651
779
659
10
549
587
672
474
866
362
774
731
786
951
434
925
583
212
804
514
468
423
774
976
92
826
642
500
429
191
671
655
859
159
912
607
440
718
17
173
412
673
236
879
543
613
560
630
288
26
648
974
756
580
967
764
842
669
431
85
450
900
210
469
204
100
44
634
235
819
161
54
37
105
81
251
264
341
557
121
332
8
998
391
355
36
407
475
520
198
327
707
8
977
683
109
581
861
528
672
781
62
96
309
575
419
745
687
547
750
82
499
545
209
975
770
538
921
597
610
42
108
814
696
63
533
834
459
239
74
15
742
167
369
602
377
598
39
720
380
233
378
204
176
419
836
512
490
325
641
20
328
760
748
558
112
996
312
937
331
736
542
285
614
878
934
959
412
354
86
191
20
190
25
735
320
738
373
160
623
961
984
500
71
11
657
923
963
72
800
467
520
503
311
714
467
612
630
583
729
537
894
344
340
482
825
888
111
511
694
821
626
498
764
754
973
873
327
884
664
373
48
858
989
33
351
666
738
420
82
11
970
133
268
429
674
571
412
405
424
722
502
192
929
509
53
458
977
793
681
844
969
19
583
292
393
292
375
483
296
725
646
138
517
792
729
912
321
354
917
704
568
884
36
144
868
545
930
936
462
448
83
149
445
114
305
696
719
886
599
330
489
122
50
723
706
522
262
380
438
509
906
633
142
490
488
42
321
324
897
377
844
363
641
289
278
850
971
115
685
218
230
611
445
205
37
462
994
204
937
722
245
62
394
398
440
699
466
810
288
884
77
922
24
638
895
527
534
561
509
945
989
87
812
761
586
506
259
545
300
737
128
286
932
757
836
198
166
835
785
538
677
317
14
710
87
83
306
175
233
99
583
371
396
872
751
945
352
428
527
280
890
496
917
785
275
689
734
266
510
762
599
809
386
630
483
992
999
123
584
44
441
678
136
276
69
888
93
697
242
618
939
950
797
631
662
691
326
527
99
556
920
288
283
861
485
725
285
440
685
389
273
220
602
162
79
927
237
86
601
354
241
726
445
162
215
699
8
518
345
425
670
358
254
283
120
467
69
760
584
136
90
822
590
387
18
583
44
645
679
467
956
886
228
87
423
711
703
94
957
158
879
927
744
454
978
379
447
45
165
424
708
520
379
513
108
248
794
274
777
62
475
698
882
842
196
998
716
325
974
59
237
484
492
223
670
531
988
509
76
683
986
924
415
572
702
174
11
213
946
139
123
702
709
552
376
477
139
619
37
158
978
866
766
69
727
14
675
836
850
592
422
287
790
283
939
559
65
389
291
846
889
855
674
736
115
43
374
205
122
405
806
144
609
673
60
54
104
714
536
666
217
280
224
429
689
440
701
483
450
34
268
2
952
953
31
909
618
961
961
27
315
961
771
573
965
700
356
911
416
89
78
82
477
481
95
776
8
891
853
378
21
540
139
827
450
847
149
29
63
376
763
658
515
591
787
23
443
5
673
752
233
770
299
942
156
536
890
702
423
545
243
97
485
546
488
503
760
342
655
993
346
639
651
377
128
409
851
195
156
29
774
161
267
972
127
407
370
520
355
791
460
980
523
59
338
803
540
878
246
831
562
547
329
547
763
819
300
946
887
705
898
932
18
518
695
716
794
708
51
901
144
303
868
711
827
421
311
260
191
28
108
233
306
34
948
449
75
66
258
174
891
837
939
252
731
762
643
806
43
137
921
199
520
688
775
576
61
999
560
867
606
422
452
670
913
309
366
87
985
980
392
972
160
740
448
933
11
975
171
784
681
554
987
236
147
287
498
322
404
362
55
707
479
38
45
51
985
846
743
393
985
189
378
628
303
114
514
46
169
492
433
222
607
821
242
289
884
985
515
728
554
