613
23
948
441
789
39
964
60
80
300
189
232
659
860
844
540
706
152
17
109
884
526
31
803
53
262
7
339
28
886
345
352
289
249
257
349
565
493
465
201
658
577
536
442
275
918
72
659
331
571
295
520
523
550
596
654
707
402
255
166
878
823
778
679
657
768
991
101
968
632
943
717
639
526
768
689
659
77
195
192
217
296
337
410
37
241
202
816
238
806
522
414
814
365
459
482
372
88
394
751
278
892
607
538
239
787
128
343
633
505
780
338
882
708
420
889
829
730
328
44
455
598
695
77
523
554
294
218
50
226
783
185
70
837
50
89
849
936
77
572
797
206
917
999
582
160
556
668
534
275
300
439
512
873
250
894
447
795
513
327
420
68
477
237
27
198
179
791
876
768
769
452
619
504
519
140
936
762
191
128
486
509
203
591
112
735
303
188
61
353
102
251
678
710
577
867
529
448
771
708
608
931
98
696
695
124
400
785
611
636
360
765
382
754
838
272
710
155
931
451
689
457
680
156
532
141
984
371
959
514
802
896
689
188
930
14
464
162
844
767
20
664
386
807
980
352
411
343
178
112
427
269
951
57
759
491
299
24
269
420
118
674
562
918
485
652
30
605
430
493
458
883
162
973
979
367
479
172
483
734
275
500
76
374
411
960
668
348
7
166
869
541
910
184
150
576
320
442
883
440
850
981
809
263
66
757
37
167
871
198
394
880
766
208
934
654
658
521
174
7
718
735
35
894
879
44
472
312
24
56
801
882
165
423
666
858
976
371
813
108
871
61
887
111
429
372
964
221
4
470
663
734
554
824
481
836
739
827
47
957
600
536
165
531
122
641
481
922
59
314
171
257
104
927
562
612
847
595
744
588
546
707
929
642
819
977
827
416
512
653
674
213
379
319
721
150
573
856
235
787
657
780
587
335
201
139
122
204
893
62
479
329
580
342
194
860
789
325
678
276
256
31
251
88
278
650
431
465
916
137
80
868
367
973
167
921
183
686
273
292
54
750
656
340
694
708
293
521
905
954
786
489
872
276
747
97
101
215
193
912
722
623
756
96
408
327
952
925
609
360
466
441
881
778
414
317
592
894
447
220
442
92
6
284
533
184
628
339
600
195
305
373
912
676
75
446
167
962
529
234
665
149
719
64
909
718
889
938
587
806
361
191
184
552
370
569
395
645
674
566
821
797
454
56
454
87
873
450
82
268
704
40
288
194
721
229
326
135
474
874
972
264
28
482
756
482
210
581
37
637
277
888
645
161
442
205
807
265
58
797
923
956
652
29
968
603
259
170
782
145
470
306
23
164
842
664
159
177
538
302
182
282
984
541
903
284
938
40
344
643
525
920
452
580
338
946
213
551
697
606
306
886
291
466
257
587
410
578
825
619
473
884
753
54
255
43
32
684
531
37
526
379
52
407
432
907
823
781
178
306
168
651
667
214
448
648
427
894
94
241
687
86
897
405
146
562
765
689
725
960
937
789
110
466
233
520
458
591
783
949
348
179
654
712
149
527
232
835
940
697
526
795
745
330
473
443
15
838
378
727
813
5
749
44
618
390
112
820
935
54
482
608
942
642
289
732
745
697
320
746
152
647
30
206
282
636
737
251
736
771
247
544
717
54
864
733
934
520
963
525
940
575
423
267
709
356
817
168
699
24
433
108
143
863
830
435
781
356
482
177
582
128
28
806
679
634
892
210
619
236
21
12
212
794
110
268
244
378
377
937
25
631
7
325
798
87
450
995
782
696
328
556
144
300
298
369
67
538
985
381
464
15
209
849
943
167
323
684
847
661
261
646
354
649
60
46
372
609
390
895
755
629
8
950
503
680
740
935
810
492
718
241
39
580
657
612
153
977
923
810
895
609
487
658
142
872
809
697
659
186
181
754
153
45
603
55
616
233
312
698
951
253
604
970
466
461
258
705
162
8
856
988
104
319
966
880
695
531
973
981
911
565
694
288
517
358
631
998
584
139
372
904
904
52
830
935
349
42
552
223
276
940
246
459
803
418
634
507
69
802
356
375
128
914
918
402
545
790
23
995
456
354
678
215
928
330
579
921
174
534
643
301
504
36
516
946
505
238
806
436
