419
169
103
581
714
311
553
337
312
181
757
912
130
483
640
913
405
259
503
2
920
124
809
524
458
806
659
973
265
125
686
732
118
548
515
21
748
255
572
654
724
140
314
250
335
710
534
172
259
358
270
911
316
425
915
80
33
475
130
563
748
870
377
663
413
127
634
732
760
238
294
699
767
67
736
861
676
163
385
359
496
448
876
590
760
371
128
516
369
97
6
664
475
968
617
178
36
836
936
371
686
781
151
409
851
8
391
762
110
590
99
354
361
339
823
66
186
537
218
601
856
251
220
294
406
848
690
421
182
105
691
662
207
467
124
656
674
70
650
318
272
580
19
533
307
579
806
77
840
312
777
972
900
888
168
287
838
762
540
700
478
905
49
997
731
966
168
461
669
686
929
345
619
740
74
891
777
281
843
4
65
685
149
81
12
507
870
171
332
529
376
64
529
202
396
513
531
961
39
718
663
814
552
483
779
985
512
33
566
815
887
545
395
964
405
301
292
643
621
689
867
23
359
460
150
881
583
611
784
613
204
742
525
986
28
799
341
744
387
725
500
916
971
928
320
789
4
517
146
854
268
757
733
430
557
592
655
273
546
516
900
643
26
204
943
332
766
563
668
219
952
826
66
459
483
902
828
922
13
969
162
637
604
570
834
901
808
949
120
915
41
161
553
303
307
256
306
422
154
137
588
114
913
833
70
568
676
739
780
596
429
463
5
842
405
964
346
19
225
646
761
573
833
852
313
798
211
615
947
976
264
130
333
328
57
492
287
863
855
996
284
181
663
993
884
871
88
338
133
651
133
156
421
756
450
129
654
575
982
57
189
741
201
493
729
295
932
295
965
867
302
865
38
406
119
732
88
721
930
625
173
861
646
520
200
947
754
213
736
83
517
623
675
727
321
171
502
978
779
921
714
150
548
502
572
704
468
707
535
929
214
416
986
56
260
1
523
243
3
968
503
122
450
118
371
121
597
287
892
237
592
649
888
493
97
638
133
970
603
295
171
720
753
745
694
559
128
382
988
22
974
150
111
254
861
135
970
158
953
153
617
548
83
560
237
140
958
927
1
845
48
464
747
56
912
758
615
115
631
785
263
827
578
270
354
621
15
385
111
339
61
691
284
683
60
892
479
534
829
739
806
878
606
94
952
297
747
135
782
1
378
543
827
577
71
462
678
970
534
4
937
366
991
231
70
698
576
48
997
732
957
445
32
157
173
214
983
855
231
427
381
542
506
569
960
998
50
294
754
214
450
915
185
727
547
77
85
134
509
347
835
697
39
227
61
108
309
682
186
855
453
415
884
673
641
478
98
599
958
863
716
382
111
840
944
802
358
640
86
784
500
793
226
406
915
845
277
867
82
24
290
529
141
408
621
869
283
392
676
90
282
270
342
438
858
448
648
745
373
267
805
166
460
56
902
16
531
465
333
556
671
40
386
133
770
581
764
454
920
701
870
121
746
188
690
115
140
422
498
847
613
102
501
989
453
455
997
814
621
681
799
135
94
554
123
43
816
860
228
816
794
921
121
660
357
972
851
906
166
837
703
172
76
228
884
458
90
123
980
680
69
562
123
422
580
921
402
120
23
369
817
305
361
118
696
47
356
980
101
722
125
111
429
611
490
495
886
402
999
369
984
723
26
527
478
310
864
216
290
705
489
256
376
355
396
204
200
692
982
732
275
308
675
93
536
38
609
352
999
795
910
683
179
732
196
138
197
782
827
95
13
729
634
751
653
755
991
225
346
539
557
702
84
539
626
817
191
948
202
924
916
766
290
234
146
636
499
372
805
158
311
10
943
109
972
342
367
665
562
658
525
271
227
508
875
693
678
56
743
235
743
247
391
676
985
908
546
256
743
555
