295
890
672
174
212
142
169
177
576
131
115
724
889
582
641
694
597
858
6
520
439
288
952
498
886
410
182
235
765
42
690
289
866
823
379
870
963
602
668
58
686
201
990
309
212
799
821
366
635
178
459
74
850
252
358
736
747
595
229
623
121
345
212
851
827
340
473
615
154
46
489
494
640
692
351
56
740
148
9
910
102
391
338
34
228
39
382
65
548
755
991
795
805
232
289
180
285
281
99
85
24
196
178
560
172
157
163
167
351
298
139
455
596
489
43
126
347
699
500
445
610
516
920
472
51
143
247
280
698
142
375
910
951
329
420
766
348
794
53
267
136
126
212
852
85
210
535
669
124
924
573
681
260
468
537
217
369
195
39
519
961
129
360
544
510
310
397
11
195
963
364
20
616
784
80
568
873
442
41
249
