267
156
948
435
64
874
625
528
561
558
141
423
566
18
300
433
957
364
563
54
197
621
849
596
338
723
183
820
277
522
74
881
296
506
268
773
624
866
191
698
114
686
11
999
963
386
886
829
98
596
908
581
211
753
89
302
736
908
84
610
812
402
118
200
521
639
703
800
151
776
918
83
14
891
797
493
443
143
722
906
893
119
940
133
103
313
440
253
70
336
421
460
227
345
184
193
788
365
405
948
589
519
596
517
907
877
58
644
261
685
953
133
458
778
446
548
430
528
53
409
11
274
458
799
498
111
497
145
29
830
268
461
43
129
557
771
755
938
359
204
816
492
612
783
447
461
183
601
620
590
340
527
856
253
722
44
695
861
532
771
346
232
614
298
434
431
832
195
653
19
959
998
686
148
448
151
310
24
978
913
624
265
504
826
125
61
502
882
655
479
261
94
739
869
348
464
122
946
424
142
898
282
167
644
499
570
301
532
436
115
996
679
410
498
18
134
831
248
738
308
596
23
149
649
279
353
608
282
941
258
616
876
320
626
83
625
936
939
907
607
579
233
202
423
741
870
817
618
249
224
961
726
267
388
45
388
792
809
284
868
333
571
293
551
867
784
507
583
845
724
250
218
10
279
94
826
224
849
243
268
791
498
56
876
546
365
684
633
262
968
377
616
957
815
836
98
952
367
471
295
733
922
57
465
187
15
521
70
21
40
904
645
483
414
995
795
991
472
460
837
821
696
36
727
629
85
873
20
153
957
656
276
861
943
31
844
849
860
661
7
666
889
537
971
785
717
403
658
109
860
2
959
480
711
621
659
963
564
124
723
614
153
506
539
691
38
609
636
432
861
979
571
408
886
93
742
90
78
688
755
26
354
396
833
308
527
490
146
346
595
854
264
859
254
260
973
468
800
134
509
851
517
697
994
750
965
420
576
411
169
597
530
816
766
468
95
682
81
738
416
993
121
600
433
716
363
291
88
690
119
230
10
398
842
503
314
707
557
743
998
404
49
703
420
701
890
741
291
884
122
164
302
685
204
355
889
516
361
503
796
909
271
682
250
951
100
504
974
190
115
263
39
474
180
204
798
498
352
303
626
405
838
824
380
540
913
656
653
821
46
106
205
1
191
1000
758
279
597
196
66
206
521
227
347
61
101
304
461
616
631
502
152
312
225
864
340
858
219
706
189
378
340
574
911
218
173
164
516
889
148
80
104
749
840
541
934
67
870
357
479
612
668
521
441
38
650
690
200
335
401
855
400
913
422
159
181
470
331
67
322
837
282
514
473
852
549
967
945
980
830
838
243
815
528
960
644
504
853
362
503
625
147
180
494
521
942
710
457
324
77
530
773
310
644
427
12
799
330
86
591
304
179
379
781
721
725
302
274
600
269
352
928
9
35
658
52
592
947
764
917
366
758
968
695
422
947
838
907
392
652
705
313
753
749
731
409
284
132
348
184
744
606
973
97
249
692
147
67
991
120
709
341
133
807
470
195
671
776
202
314
255
884
478
22
94
937
344
115
708
73
967
686
344
660
503
174
985
390
66
167
863
243
348
570
390
870
106
264
115
209
1
398
395
154
604
587
555
979
949
660
797
95
181
266
925
348
41
228
317
399
447
338
692
915
38
487
626
476
957
127
702
999
856
880
598
905
403
955
310
563
787
122
552
692
704
53
224
408
542
134
652
625
105
246
872
627
355
618
626
109
181
934
924
464
457
100
545
831
526
337
412
343
955
962
434
156
924
688
565
142
680
39
501
230
971
325
751
907
531
511
543
300
191
393
136
107
316
118
539
662
755
521
696
861
203
192
81
269
272
948
582
573
322
397
800
708
232
743
557
182
71
726
905
972
455
133
103
823
272
6
533
36
748
324
203
348
410
520
644
567
208
176
956
953
595
959
687
309
846
997
875
942
638
251
432
638
606
220
328
979
980
801
347
105
328
93
401
227
401
253
953
890
535
493
987
378
303
144
400
870
530
185
7
460
630
682
250
675
921
313
397
423
420
758
569
431
40
245
722
35
123
102
156
265
623
891
107
283
28
396
767
920
296
768
495
760
665
488
14
261
649
791
673
496
174
73
739
533
218
551
253
236
690
424
806
412
719
861
484
483
601
981
711
773
205
419
547
751
101
955
676
281
949
689
514
62
881
334
238
72
994
967
639
322
934
814
866
994
32
495
758
941
768
708
148
124
451
244
968
745
28
952
473
980
849
711
665
532
318
599
397
2
933
798
524
794
963
344
967
237
572
64
316
11
403
796
593
188
752
287
