944
110
312
211
390
150
222
108
380
206
719
67
423
696
192
824
358
886
791
973
801
28
850
661
164
439
163
422
518
483
787
887
218
301
495
941
531
659
180
835
892
796
151
51
643
253
66
626
902
575
943
972
263
341
599
803
404
926
415
781
229
380
830
616
613
687
37
312
672
812
390
392
264
68
241
831
715
17
106
809
535
435
348
161
657
622
654
351
418
188
729
104
694
299
304
27
605
740
947
836
88
674
9
298
834
552
477
910
950
786
818
32
128
624
145
262
50
782
926
363
114
726
946
764
888
802
212
897
340
520
366
355
558
817
59
552
51
512
904
252
660
790
997
897
29
572
706
807
484
222
156
751
166
88
195
861
371
328
17
457
569
2
608
610
124
839
39
255
838
855
41
754
518
448
385
534
67
424
639
394
816
931
862
363
144
409
537
553
427
643
174
901
568
422
421
721
506
54
715
410
851
826
237
539
439
494
676
138
786
29
551
476
607
637
351
885
29
755
988
299
317
856
350
659
695
131
115
860
493
38
358
716
176
610
744
625
288
922
486
511
189
524
381
926
278
794
631
158
535
934
983
868
643
823
202
976
415
581
886
324
474
508
472
36
20
406
936
423
92
495
602
83
813
305
416
48
376
996
373
580
942
109
245
678
594
745
548
391
177
875
823
854
551
169
636
127
195
915
435
159
297
565
897
696
304
32
856
832
414
347
154
405
863
881
430
676
234
324
194
542
649
944
583
425
798
77
185
184
202
79
522
645
261
2
545
778
128
186
605
231
558
566
861
185
473
627
445
671
888
615
966
551
662
714
997
859
858
304
572
148
509
184
183
869
999
637
747
5
23
327
211
635
913
131
936
337
197
527
669
462
26
485
143
393
579
973
405
931
384
883
183
961
520
132
925
57
754
876
938
666
411
165
308
669
698
424
564
534
394
533
741
453
23
572
789
22
554
208
626
204
898
88
693
828
903
248
454
285
863
160
257
417
629
262
495
222
548
352
180
457
626
555
540
760
489
25
604
857
965
626
252
552
579
219
763
748
304
465
995
563
483
576
38
286
847
823
435
140
980
366
896
227
844
847
52
354
92
645
751
589
388
628
940
827
884
46
736
844
278
372
768
947
689
259
849
182
25
760
831
964
973
565
154
711
718
539
314
876
161
170
982
732
476
374
978
283
744
326
670
192
417
265
175
397
370
751
601
236
22
661
813
715
979
528
956
847
28
727
815
79
283
878
564
157
601
134
764
164
521
137
926
153
83
608
772
367
479
997
609
677
411
982
223
724
516
312
932
795
187
81
753
894
425
573
928
970
80
210
275
330
507
28
220
416
316
924
330
53
815
282
592
789
123
30
241
384
721
239
623
540
429
746
932
774
268
769
325
286
468
791
326
8
893
843
409
490
468
389
333
363
234
993
514
482
56
184
192
878
910
411
689
765
920
356
504
933
891
70
396
564
987
119
55
136
599
218
57
717
584
33
187
476
111
720
653
538
147
114
724
717
377
280
254
3
299
22
917
240
751
117
614
599
33
689
735
904
847
425
941
710
940
579
450
894
920
123
825
508
376
526
19
456
851
386
195
812
727
510
969
27
487
904
97
687
392
582
676
764
119
987
650
3
612
593
767
19
680
878
78
235
872
515
349
751
600
171
725
78
353
945
259
536
129
133
874
199
480
385
660
583
295
570
604
994
318
108
893
247
391
222
244
643
131
487
669
689
462
170
516
256
740
673
210
465
598
932
862
384
774
588
266
34
851
4
521
759
361
642
740
640
470
250
85
844
614
445
821
660
167
525
958
643
310
138
578
375
663
289
786
637
28
72
933
201
990
887
875
62
211
511
843
92
400
155
415
852
28
476
126
250
21
792
504
449
613
21
536
500
302
673
427
501
42
443
515
489
348
984
275
18
839
322
842
28
254
183
543
357
294
837
860
485
957
649
550
546
457
369
604
946
783
993
435
578
686
651
616
551
334
713
562
440
948
805
657
334
396
645
281
694
437
502
569
309
444
782
764
124
611
815
