495
17
228
158
362
900
732
622
822
106
147
168
824
390
692
25
425
186
873
349
861
445
892
134
902
745
8
623
157
17
393
806
610
842
686
53
248
372
419
565
383
974
237
701
399
68
515
214
865
960
994
514
267
67
226
607
779
204
855
875
277
244
589
621
456
703
629
732
651
195
777
497
773
38
643
522
76
327
560
52
406
681
313
807
69
650
48
391
962
503
900
248
701
111
284
78
256
195
292
301
816
976
794
318
963
834
459
351
960
702
771
232
198
640
307
69
120
736
126
351
84
432
109
884
242
125
407
435
941
573
668
707
10
219
789
910
179
658
516
576
253
904
79
328
157
236
897
443
713
98
480
342
203
646
293
785
664
941
18
96
973
965
48
389
34
925
571
534
449
821
445
667
565
585
764
428
820
609
200
223
738
359
174
50
485
440
662
287
69
114
534
413
599
751
677
669
10
694
198
258
484
178
169
699
694
164
657
812
683
509
838
244
875
501
334
420
508
124
155
233
341
662
261
536
12
477
820
638
983
547
5
565
525
170
225
493
24
436
129
533
411
81
10
879
690
401
244
661
781
278
554
91
645
444
947
172
14
884
640
487
