229
89
383
89
69
566
633
671
716
791
14
582
221
189
566
745
830
168
235
100
707
426
985
745
550
128
903
935
685
470
317
816
560
750
429
932
150
957
503
741
562
320
780
289
235
873
713
295
472
386
80
347
509
819
505
933
953
918
303
404
133
353
651
987
905
594
541
193
949
820
422
539
484
287
784
962
167
422
878
720
985
652
252
699
192
515
341
798
254
609
240
415
473
741
135
472
667
518
201
294
843
790
197
399
811
845
291
142
402
363
328
118
832
865
182
130
758
688
538
535
512
796
273
749
326
339
576
334
145
851
752
698
353
477
492
368
283
650
512
441
765
17
118
194
179
883
582
679
888
894
17
226
662
375
108
46
242
988
843
365
880
839
937
234
961
787
302
714
615
708
594
773
675
331
147
211
766
16
942
459
112
200
232
242
658
836
741
677
684
656
374
852
641
137
611
373
814
307
984
328
510
149
781
991
841
563
558
203
281
257
237
14
92
621
267
530
111
725
204
995
344
933
580
953
586
352
851
658
544
895
649
628
468
214
78
549
989
132
623
155
604
246
651
488
993
894
29
766
158
314
647
90
979
95
498
507
729
72
118
122
142
637
910
552
80
629
612
150
190
342
195
847
208
422
951
32
413
320
997
430
430
318
520
863
598
8
365
832
934
803
615
529
577
918
964
881
409
436
416
607
141
763
824
848
129
552
809
464
455
293
209
115
341
856
553
974
949
667
727
116
443
810
481
948
440
48
240
96
288
77
279
268
746
803
681
355
277
924
285
5
396
437
425
111
26
749
842
399
769
993
569
366
420
564
765
841
302
26
702
963
248
643
292
93
615
717
526
477
394
991
48
156
876
985
148
272
131
26
815
263
166
881
556
918
959
838
153
417
520
985
790
18
560
868
137
30
929
722
283
412
207
521
2
927
820
832
690
722
395
844
278
528
910
385
124
3
893
749
207
766
296
598
895
362
594
929
958
611
171
165
575
850
541
584
832
427
146
532
314
264
396
28
781
867
273
394
684
753
200
654
614
549
213
140
495
496
721
194
437
99
32
321
532
283
875
958
376
808
910
470
742
886
204
885
235
18
213
992
828
711
390
512
189
626
176
325
419
587
644
998
241
589
957
189
800
678
483
724
868
900
729
287
887
915
279
25
351
31
145
985
18
327
308
705
215
759
372
368
792
497
130
144
135
566
137
472
904
729
997
160
193
101
597
148
825
355
925
840
730
963
17
140
608
463
340
223
494
149
437
228
868
313
896
935
192
125
339
786
491
963
5
196
484
944
105
780
611
528
869
554
658
656
335
189
825
247
619
400
888
629
533
420
517
921
430
663
678
253
674
919
364
750
236
593
14
588
395
261
813
705
739
243
542
850
204
541
981
27
70
895
558
98
972
39
247
154
320
847
141
228
975
209
624
164
334
296
813
629
138
774
382
186
389
261
585
410
89
58
831
874
219
888
562
924
435
616
309
495
528
271
383
831
30
347
828
651
371
85
260
418
397
368
874
925
919
156
301
483
913
335
177
52
326
412
139
707
687
348
925
491
46
507
123
853
547
838
360
270
87
984
365
402
904
908
989
157
335
592
944
850
464
871
645
527
832
663
277
173
328
314
632
734
834
831
235
465
629
693
881
200
598
95
378
467
212
632
899
325
139
7
587
820
130
834
98
396
891
447
806
983
795
836
771
182
418
680
677
167
883
329
13
156
696
193
685
307
236
465
342
213
280
312
249
817
573
87
245
195
837
753
654
313
910
152
448
499
594
809
373
472
72
195
328
301
928
389
842
231
294
273
531
448
979
283
42
320
513
579
340
455
109
617
924
807
148
94
970
827
153
109
152
848
448
902
459
138
34
779
45
820
