517
882
675
889
266
528
766
441
824
596
942
904
974
991
804
558
777
291
838
871
173
588
278
169
644
376
621
516
399
42
396
913
726
667
171
276
739
762
684
330
126
128
528
288
259
759
244
127
947
560
559
109
874
667
874
77
149
725
774
548
937
617
161
35
847
77
211
925
691
166
812
538
572
801
602
321
223
232
658
862
732
152
500
137
990
912
820
199
617
497
729
158
241
463
686
734
641
536
30
123
567
313
942
409
419
659
355
27
148
707
549
671
483
695
415
649
801
501
981
714
918
637
967
645
927
974
183
494
21
196
920
959
861
681
381
695
330
89
927
711
