379
475
201
950
169
592
577
919
470
733
549
478
324
743
521
272
878
984
108
74
533
379
351
158
532
327
36
960
87
222
794
309
45
310
250
210
154
39
873
163
604
894
337
777
546
500
513
363
291
856
273
653
731
749
208
93
977
487
467
51
555
398
369
760
479
359
475
287
211
619
406
767
895
711
952
278
709
379
42
71
491
210
457
440
182
979
124
675
25
536
280
497
226
847
733
690
536
981
708
748
341
436
354
909
618
375
91
717
700
490
278
883
898
463
280
390
307
655
399
532
547
79
280
13
149
368
599
875
370
42
691
778
908
728
716
21
833
454
267
265
360
324
497
761
678
675
947
733
841
535
979
273
706
215
260
393
242
747
740
337
51
497
755
854
847
560
377
178
50
204
640
129
307
101
365
603
581
939
719
312
149
771
158
427
956
491
651
472
90
146
731
132
697
389
130
688
890
807
978
305
387
604
751
311
510
347
530
97
120
723
692
94
516
57
690
33
541
997
955
208
656
686
570
200
509
124
289
370
598
691
227
291
638
81
231
132
871
108
426
236
626
999
161
959
915
192
884
447
399
590
621
551
472
115
667
70
561
765
798
481
868
752
513
990
449
480
386
684
74
877
19
1000
818
388
601
274
96
421
362
156
139
190
575
370
439
706
474
540
354
574
851
942
748
492
526
165
742
936
311
903
421
246
327
605
911
84
556
784
481
120
426
227
102
878
24
70
620
397
762
674
936
319
249
96
191
188
784
404
881
876
344
634
747
801
697
568
540
971
253
462
903
807
935
303
889
647
385
603
987
754
161
931
107
45
315
768
217
257
401
863
399
304
22
375
450
709
500
686
90
3
892
263
848
107
991
805
307
456
375
1000
568
447
666
148
497
351
413
114
614
478
215
574
673
243
949
924
592
733
934
39
577
741
354
511
403
929
353
448
44
886
281
208
354
659
649
774
31
132
787
283
575
822
753
796
660
789
290
73
23
134
729
50
200
925
567
914
513
288
378
56
400
526
524
247
146
248
725
828
399
228
496
36
778
9
183
837
32
345
738
252
246
979
484
796
315
994
711
907
326
908
925
663
711
178
522
916
972
620
874
385
756
887
391
602
380
357
70
791
514
442
758
104
583
171
445
529
430
556
114
435
805
420
233
135
709
511
899
87
740
504
389
173
222
72
77
927
865
467
521
386
812
562
859
827
339
874
317
370
277
638
940
100
580
357
593
108
484
964
4
354
683
921
23
386
363
650
78
660
95
318
715
532
577
586
630
198
37
32
466
837
759
483
603
63
844
835
619
500
756
948
811
258
740
202
528
671
251
74
838
943
190
129
469
385
894
208
243
563
918
545
18
90
8
525
814
349
900
962
208
309
942
732
769
61
713
235
148
203
602
421
646
998
975
586
337
576
894
462
25
952
702
503
790
530
687
663
827
546
614
852
901
695
328
570
79
370
275
681
119
164
692
351
915
824
936
626
577
782
690
129
416
916
459
142
988
715
936
978
501
402
285
271
728
882
614
518
658
828
462
35
459
770
699
234
274
308
631
720
323
187
839
722
424
542
920
549
127
364
973
897
619
374
480
644
264
392
637
222
459
694
152
580
313
121
80
359
821
634
351
800
515
839
411
521
959
72
851
995
150
442
201
280
528
846
104
117
52
683
551
540
436
452
535
596
244
555
270
445
87
391
16
161
973
513
515
861
620
46
525
290
703
100
944
443
270
259
287
512
604
988
655
442
96
169
558
978
261
178
836
879
718
75
636
440
961
987
345
966
605
397
611
914
815
796
320
611
826
146
306
168
366
346
27
552
875
839
474
144
40
941
835
595
641
594
400
188
546
77
355
206
696
166
557
641
748
884
93
544
950
249
143
424
365
489
292
488
282
292
696
945
577
295
464
949
282
45
126
850
433
781
266
195
990
317
75
257
931
941
106
481
197
260
859
700
739
593
165
124
455
982
220
960
490
622
881
890
293
828
869
222
342
886
751
968
412
678
598
380
663
915
645
451
219
677
784
871
459
544
865
318
