656
750
617
135
111
499
352
555
255
465
556
995
313
169
323
66
800
37
839
185
501
436
462
180
483
612
777
82
413
728
945
814
509
126
411
502
309
973
960
768
528
509
555
970
230
287
964
725
245
768
230
122
943
749
575
358
470
477
875
510
663
251
878
511
857
86
584
205
237
282
34
550
813
110
145
174
671
251
569
326
601
208
656
968
108
582
228
788
242
453
634
464
579
158
374
884
302
714
968
338
959
814
314
456
387
593
76
856
390
589
774
153
455
898
530
754
735
390
224
138
486
424
71
764
777
465
583
764
702
382
723
693
54
332
426
647
854
385
684
785
380
294
297
736
670
483
556
570
460
270
275
951
167
823
710
822
7
764
941
269
10
773
335
846
460
307
766
149
610
502
290
218
394
30
318
149
912
748
263
942
730
340
69
603
765
134
484
999
277
701
483
158
345
489
264
507
330
682
661
430
635
420
745
587
505
910
929
943
327
541
325
500
746
313
928
75
312
814
50
323
395
549
736
217
750
198
941
2
69
981
512
990
56
633
830
82
620
146
95
983
4
933
691
174
379
447
864
332
903
76
696
61
8
607
205
415
914
746
433
431
