982
745
383
133
156
625
473
528
827
62
160
798
69
175
612
317
478
485
951
868
827
718
989
859
940
3
70
619
489
363
550
751
98
695
289
275
963
139
89
556
432
588
828
388
110
746
928
623
142
397
230
786
946
380
43
376
98
265
840
796
330
937
296
464
286
989
257
74
42
368
168
622
44
763
405
917
957
605
274
336
674
669
107
887
822
277
371
897
906
640
219
793
104
975
849
741
747
312
808
904
199
136
291
486
552
306
444
492
12
742
738
792
832
641
878
841
440
154
641
931
302
82
686
282
967
997
323
215
2
883
470
635
394
911
624
909
138
642
839
913
939
268
435
640
428
584
970
769
566
442
607
324
629
862
580
636
797
294
858
383
463
966
329
490
429
584
312
57
494
371
599
200
436
650
82
912
270
60
417
439
218
558
414
164
853
496
860
253
404
723
355
386
491
198
589
53
690
918
375
630
256
819
930
851
15
864
617
610
510
610
694
618
994
735
419
61
313
824
596
542
484
438
95
190
623
728
19
355
75
810
15
950
126
308
642
975
54
952
64
616
123
400
734
517
824
414
257
517
493
442
658
785
863
103
34
207
823
768
366
339
456
743
61
406
249
210
562
303
907
550
10
356
399
264
708
799
382
744
591
948
