685
674
540
585
764
599
810
596
32
177
139
246
716
994
563
187
415
885
181
979
3
974
364
214
305
691
366
98
156
249
875
282
121
483
909
191
463
876
178
400
64
605
66
514
637
823
979
769
694
760
412
846
560
344
445
238
712
923
294
709
848
891
872
276
443
329
186
139
311
330
857
165
499
153
691
979
798
621
383
430
727
407
848
73
144
696
882
211
913
536
788
601
945
53
548
749
395
298
280
184
122
887
811
398
493
399
103
818
24
293
837
968
331
485
929
265
673
430
906
624
97
389
124
700
951
141
854
853
869
740
919
91
765
733
238
644
174
759
126
131
988
235
790
513
649
282
63
514
686
64
453
475
197
497
509
565
456
1
259
258
998
186
30
560
890
613
150
355
168
421
142
515
801
52
654
1000
331
853
600
480
98
684
288
785
732
728
969
540
129
382
576
267
200
775
60
609
201
562
359
67
215
931
455
963
777
737
650
483
695
494
675
660
512
761
850
74
25
19
784
913
142
227
134
100
896
301
280
165
743
792
225
378
665
685
500
316
43
351
986
86
478
815
657
921
78
394
743
679
97
162
920
625
390
288
300
407
684
977
752
756
539
947
234
767
450
218
255
144
808
26
753
271
43
267
283
905
894
288
314
105
475
649
755
240
634
888
351
487
849
35
614
656
304
260
98
37
421
521
529
73
225
761
563
765
734
253
12
539
556
96
525
876
129
675
799
665
244
979
364
854
208
544
646
210
301
306
198
329
663
460
535
297
713
636
58
282
949
125
191
321
871
266
737
829
202
120
858
57
731
79
606
582
102
144
485
791
96
110
694
439
970
296
382
566
79
948
731
420
263
892
750
762
687
440
732
488
913
992
982
394
438
406
706
777
466
283
107
650
961
727
303
689
89
220
901
135
148
733
494
865
849
921
852
127
749
504
226
397
310
722
907
618
686
842
829
325
534
826
747
450
51
45
162
529
588
279
494
559
875
235
552
297
903
278
522
906
837
518
793
602
760
597
539
450
852
180
953
790
120
244
908
240
647
386
34
65
908
488
314
785
384
671
273
200
635
73
112
398
323
168
723
748
58
642
87
943
558
239
653
187
833
402
609
764
336
985
273
882
758
325
617
279
529
163
271
952
676
859
241
429
577
238
627
317
703
150
335
273
998
341
704
794
454
407
466
753
868
276
553
252
640
130
452
524
795
438
643
664
360
41
861
789
824
531
849
350
902
403
671
718
3
692
559
383
648
333
649
647
40
52
649
29
125
166
513
302
558
1
765
875
193
458
551
629
598
299
686
486
762
96
181
421
819
77
612
320
479
670
868
810
249
423
10
647
785
661
178
510
64
433
529
265
191
648
879
177
633
890
108
184
730
219
197
498
765
279
35
784
196
671
65
289
54
408
820
334
812
645
749
792
448
290
846
197
456
409
495
933
911
810
331
684
979
57
549
557
811
781
292
497
905
588
458
212
472
140
415
538
204
706
405
446
259
299
889
153
599
145
485
596
337
463
156
928
366
673
812
634
961
995
638
707
68
500
228
208
988
411
36
62
762
524
961
797
937
636
141
97
431
812
408
762
379
126
560
959
707
835
985
51
287
942
674
561
91
345
715
63
826
886
275
148
451
786
149
248
264
658
861
326
401
711
868
996
910
796
748
126
631
40
582
541
735
7
175
477
527
82
999
51
852
988
641
798
179
233
755
17
367
10
269
392
842
565
1000
648
344
824
204
486
1000
750
908
538
350
198
943
257
927
969
305
370
540
531
576
951
833
823
922
183
217
486
972
500
816
882
131
905
396
554
743
944
838
173
408
16
289
798
570
355
