786
342
572
172
792
219
319
987
865
486
407
545
845
229
8
425
737
223
764
264
26
274
328
972
915
956
912
144
969
306
959
761
696
474
290
20
488
799
408
175
866
487
304
75
466
72
913
762
6
313
159
90
6
964
31
893
142
139
391
721
350
513
545
668
948
269
466
512
916
535
855
434
842
424
615
735
365
5
303
543
379
302
245
772
462
101
768
974
749
380
209
436
722
505
163
639
775
14
936
720
263
50
66
575
123
71
177
244
483
423
102
878
236
732
480
720
925
354
7
703
955
673
416
910
508
958
858
455
346
790
654
916
613
386
927
584
881
38
446
243
463
973
800
856
177
98
60
724
668
162
497
785
252
888
54
342
445
294
703
538
237
146
588
300
834
680
776
538
737
797
184
584
928
700
30
92
811
152
245
892
401
479
126
309
397
98
716
288
512
437
15
851
589
256
273
746
51
590
74
531
33
791
495
565
697
638
300
468
552
337
634
667
627
199
308
356
413
832
457
221
463
564
193
931
278
243
229
674
974
223
674
144
992
637
450
894
141
368
314
158
256
717
311
521
743
976
998
986
807
207
652
243
49
245
49
242
229
87
277
422
272
107
623
623
640
270
1000
997
925
32
831
376
397
988
218
651
876
285
199
742
409
368
549
386
81
418
606
999
514
974
175
42
738
583
741
819
482
753
265
979
71
65
688
67
231
288
291
792
961
67
578
475
233
24
22
585
856
454
669
849
794
536
106
855
200
640
90
275
762
948
356
845
363
241
738
731
588
324
890
642
636
450
707
372
122
144
327
643
858
375
418
972
919
391
209
200
95
265
89
195
778
602
104
419
94
932
869
650
46
876
304
895
319
419
325
782
993
850
831
751
24
650
794
803
844
123
458
75
522
993
784
75
164
133
769
247
745
651
287
81
778
805
218
554
66
799
517
922
264
169
833
59
259
668
76
907
786
980
655
637
172
332
848
421
326
462
933
573
709
24
942
231
118
932
6
984
701
935
938
413
399
601
505
46
600
924
79
606
361
393
499
510
782
446
491
369
807
815
852
857
681
475
53
37
512
305
67
474
116
851
32
987
545
298
209
875
867
300
497
354
257
894
110
523
899
849
451
959
631
923
633
733
244
36
431
362
846
866
843
229
67
336
134
122
9
718
714
928
184
703
394
574
441
562
985
24
385
460
875
843
732
310
110
14
956
774
680
259
240
629
98
205
850
622
882
756
427
67
444
623
583
497
81
532
706
454
396
946
454
98
759
36
213
447
444
902
663
378
828
620
150
822
752
378
124
406
319
316
30
983
814
480
336
656
692
944
644
382
136
65
527
465
28
925
786
997
495
893
655
368
924
892
126
184
982
953
871
542
914
748
476
667
812
527
615
852
912
314
29
29
638
981
264
917
888
116
558
716
467
445
237
823
36
553
749
156
894
200
664
18
870
696
394
337
510
963
101
280
746
61
596
634
330
934
996
5
617
35
951
235
194
251
43
637
334
918
193
275
931
588
411
784
143
283
347
839
531
56
888
501
157
467
884
602
777
160
422
364
458
140
923
690
614
678
697
602
389
547
725
884
384
644
229
485
403
346
219
104
284
149
429
828
202
624
140
755
121
14
63
665
711
856
628
297
414
623
287
560
467
7
109
983
501
356
473
592
421
434
242
429
