658
299
774
775
408
939
249
716
372
638
755
478
648
562
759
31
408
582
989
191
699
505
642
864
147
880
474
276
99
481
418
68
238
929
303
224
648
437
196
147
391
805
421
575
674
302
710
52
550
429
566
385
114
64
716
42
414
255
718
667
676
94
418
43
648
539
317
837
882
821
618
870
944
33
410
113
240
708
672
907
763
735
462
659
634
864
572
702
553
130
939
171
513
239
888
605
980
776
945
546
969
378
314
55
898
801
162
893
193
311
662
355
484
184
238
956
571
607
624
913
396
42
784
198
164
125
392
676
776
333
31
394
144
587
464
649
632
596
560
530
198
724
652
338
403
4
22
700
673
649
453
542
393
99
149
660
74
712
304
293
884
351
191
443
243
752
167
142
112
994
214
310
994
98
541
68
539
570
282
958
452
825
924
658
964
657
685
483
280
405
975
702
694
358
502
937
39
611
612
179
408
401
328
191
548
454
562
214
532
191
74
37
625
759
307
419
974
912
644
284
561
687
25
401
184
618
738
750
957
674
507
152
90
486
554
376
117
905
912
125
362
145
160
811
801
588
126
737
495
171
599
907
166
872
614
416
120
148
132
555
437
334
962
894
885
374
679
386
75
824
855
662
163
704
615
471
220
14
223
527
465
466
691
549
72
781
669
110
423
278
640
210
919
131
588
410
420
161
621
587
331
241
305
499
402
830
124
382
206
261
444
691
526
548
691
393
812
502
940
497
339
896
155
966
339
615
116
428
833
186
91
683
657
838
962
429
367
609
788
101
934
251
924
612
39
552
811
8
826
423
367
152
154
427
502
729
828
818
7
995
467
421
233
708
697
263
334
605
950
212
919
585
801
217
29
832
766
448
614
637
985
435
578
163
286
56
551
298
731
183
989
116
77
556
309
301
313
323
982
260
437
131
243
440
65
717
99
292
506
126
960
200
326
248
550
273
629
149
155
580
629
149
748
664
922
582
725
277
64
928
636
662
926
984
372
474
124
755
506
583
218
660
864
947
865
174
856
183
999
786
394
523
322
556
290
789
500
851
521
778
369
393
379
380
739
831
85
456
823
977
964
693
328
611
103
306
182
875
233
214
422
501
267
44
949
952
669
390
146
922
305
404
539
769
576
388
944
917
715
351
88
919
937
468
4
496
660
131
54
153
8
317
896
681
209
769
85
620
288
440
557
556
966
129
811
686
997
719
223
320
229
726
949
793
808
289
303
791
527
353
572
957
541
190
120
587
50
19
526
884
332
721
124
943
2
6
411
10
534
121
359
908
48
413
988
353
19
161
379
97
124
677
685
458
629
397
810
508
11
769
567
85
458
759
460
242
956
315
93
169
794
353
280
969
270
999
518
510
965
577
310
672
125
738
344
864
712
747
412
245
660
389
634
581
314
103
993
894
132
652
301
95
614
358
58
929
676
737
743
486
650
756
128
164
868
406
914
675
839
202
776
518
498
106
736
543
151
900
492
249
618
956
836
868
978
159
688
870
794
329
33
302
327
822
320
426
716
470
173
976
82
580
696
43
480
729
591
911
746
521
800
745
441
542
514
875
253
538
709
726
639
516
13
237
688
682
702
831
112
236
22
103
786
524
836
665
546
490
886
541
247
42
585
330
545
239
261
461
831
449
555
101
382
886
267
274
775
981
78
43
187
603
740
791
942
288
949
446
730
172
815
489
71
577
102
262
976
976
931
333
262
452
983
152
673
99
439
995
723
627
136
226
569
119
982
149
130
758
258
147
644
339
808
211
971
899
390
912
506
883
202
770
375
82
474
35
400
395
344
226
676
161
545
176
646
727
272
99
708
681
665
973
600
352
584
478
546
438
845
815
21
455
872
733
670
920
282
172
954
7
426
479
668
750
491
408
285
865
714
109
775
751
398
209
353
970
321
904
411
444
