220
860
401
51
663
98
22
713
534
519
265
733
499
127
881
592
543
115
558
626
177
168
426
766
744
584
555
685
751
490
423
17
746
353
613
887
324
862
521
398
389
232
182
739
458
742
873
940
452
863
575
986
233
841
878
395
171
105
806
166
662
17
219
937
425
150
912
954
101
385
109
669
575
913
582
149
654
998
382
864
782
277
98
117
851
573
409
537
816
561
621
382
112
863
711
595
226
182
186
74
460
719
147
666
288
190
783
12
334
118
115
359
440
897
644
118
334
215
162
702
821
34
70
203
198
607
27
748
18
644
630
414
39
914
592
361
872
782
242
184
605
401
517
77
984
106
208
151
569
305
575
53
432
400
965
311
114
897
853
581
720
87
355
340
949
173
629
953
485
31
389
555
827
112
244
408
82
431
843
731
777
121
479
808
67
402
930
857
757
77
827
351
98
424
161
172
1
682
79
455
59
350
94
48
135
467
277
351
424
846
914
496
587
41
930
61
219
714
29
944
96
148
636
515
508
271
332
615
998
524
520
335
460
391
754
948
298
726
630
447
820
274
440
318
136
690
315
386
361
926
594
783
636
627
775
295
815
229
980
758
368
518
647
440
766
813
683
432
297
263
110
890
874
171
395
754
887
862
988
476
179
37
744
104
672
646
906
563
675
405
12
741
472
267
466
208
803
682
223
398
612
741
747
333
740
637
819
939
646
795
970
593
678
703
377
971
832
414
657
643
223
807
345
289
322
3
292
548
108
362
362
833
168
714
952
861
713
814
694
111
721
634
411
319
704
11
339
452
327
217
548
940
862
487
170
483
283
130
832
666
977
93
110
624
238
82
56
916
244
64
768
399
42
57
815
811
635
293
41
500
194
774
911
348
428
178
932
596
231
673
823
642
228
206
945
969
972
848
244
136
223
206
281
58
279
451
624
172
503
586
601
881
653
805
262
296
183
248
923
685
235
838
123
808
912
629
137
168
983
298
693
173
56
838
929
793
845
785
513
493
370
137
322
389
69
873
114
861
302
7
110
271
229
830
530
900
709
635
946
299
641
601
307
425
648
43
450
308
315
470
658
62
479
506
705
335
91
447
984
242
814
864
17
714
641
563
4
247
220
243
471
229
680
530
356
634
67
708
122
190
320
637
692
743
405
657
728
785
140
202
631
24
458
746
878
213
839
228
162
187
504
103
247
315
971
906
68
599
451
408
711
120
632
103
995
504
517
754
349
492
29
189
322
382
202
817
407
916
659
477
914
909
907
493
375
592
195
925
952
169
534
763
776
604
962
745
450
990
693
99
397
812
789
549
352
165
253
91
345
904
534
609
427
608
270
267
189
653
415
450
927
972
97
595
212
252
592
832
219
704
544
461
842
9
37
491
233
444
262
714
141
308
690
851
766
91
718
400
457
161
847
866
544
92
412
297
615
86
960
14
26
375
905
777
197
252
341
174
482
107
365
596
288
579
82
705
387
310
682
381
840
955
854
606
181
860
743
431
177
305
92
611
992
286
552
718
164
290
738
604
461
586
653
228
533
612
278
300
411
580
383
395
142
803
881
71
110
135
338
585
680
668
27
948
274
943
766
586
732
114
98
476
687
680
622
595
705
956
934
16
854
11
914
342
977
183
760
756
935
205
715
850
551
612
3
246
862
737
765
269
226
637
323
97
956
184
685
649
993
390
713
144
464
550
964
978
763
793
218
861
484
119
703
229
435
892
200
365
391
740
203
638
644
659
100
155
538
823
134
282
168
291
494
584
678
410
588
367
783
284
789
83
332
794
501
167
697
902
964
200
987
411
180
724
164
598
398
226
97
96
