632
534
953
686
737
47
56
870
368
571
25
762
791
168
606
88
411
365
13
575
564
992
19
967
717
824
567
474
128
786
961
580
657
966
123
491
700
263
179
421
518
721
4
437
529
130
488
129
285
238
5
834
639
200
582
521
940
260
660
753
661
907
540
195
949
822
718
562
856
819
346
879
511
10
746
998
65
316
111
47
684
40
286
322
34
520
582
519
636
148
737
777
594
686
654
179
312
323
831
29
171
930
223
506
121
829
222
984
436
70
94
273
264
338
504
204
826
231
864
696
709
311
721
818
627
85
340
278
441
7
54
240
283
803
494
736
596
503
736
954
121
312
326
713
404
261
20
460
485
913
136
538
453
601
35
111
428
729
697
452
8
215
936
364
578
634
368
604
409
917
565
830
658
378
820
860
119
167
314
345
133
847
724
168
282
108
488
765
32
701
476
11
924
130
388
860
780
573
834
444
751
92
287
556
581
418
999
283
344
912
6
501
945
256
647
302
56
289
361
350
173
328
451
723
506
185
621
208
936
233
740
570
260
82
708
513
458
11
236
398
776
993
518
819
855
508
913
657
512
990
69
633
85
48
301
91
961
847
509
39
201
225
597
549
409
569
60
240
638
286
861
150
641
530
983
214
157
826
342
783
174
494
623
346
186
46
416
974
676
9
242
399
409
152
937
646
195
865
762
34
471
187
490
160
561
99
912
623
593
977
357
671
414
294
466
986
390
624
304
945
946
991
977
442
261
97
941
674
83
40
488
422
796
615
562
49
108
274
878
496
949
129
859
826
913
724
360
457
601
228
742
647
601
526
822
246
518
433
620
880
702
403
949
411
703
23
959
322
393
103
18
375
746
960
799
226
94
449
772
909
780
412
615
584
875
236
729
946
965
702
482
176
429
399
722
471
495
913
10
731
176
941
139
978
292
444
644
947
274
88
646
469
950
637
521
549
169
471
808
581
195
11
240
766
255
295
191
803
250
54
86
381
436
92
366
692
500
714
110
223
700
24
172
910
902
977
200
681
761
570
994
408
126
856
687
437
582
274
57
623
92
482
449
449
55
458
510
90
777
272
198
768
678
958
179
20
193
368
850
590
127
646
936
388
602
709
304
678
949
570
285
524
421
973
861
309
768
177
57
256
938
239
333
832
720
675
749
173
905
49
97
8
596
891
87
832
978
183
472
812
540
158
524
103
696
423
735
593
404
378
772
492
210
624
487
318
804
424
888
796
507
654
474
894
77
261
312
638
363
619
282
31
942
453
496
512
106
49
213
199
400
377
109
528
874
182
73
927
808
856
637
757
20
130
814
914
63
532
855
442
456
403
469
345
304
634
788
882
577
806
258
258
178
780
33
924
118
708
547
412
530
855
562
143
129
155
41
166
961
614
483
266
482
629
163
825
602
226
871
397
52
356
727
64
680
977
170
884
840
356
426
298
411
314
702
600
715
577
588
862
868
710
849
650
326
382
550
237
354
605
505
699
537
997
626
771
781
186
309
692
78
22
433
576
661
866
547
936
236
245
677
256
534
220
283
878
454
908
792
508
454
763
748
323
770
650
869
460
145
857
