848
703
919
492
629
84
129
809
963
916
999
393
646
916
897
248
519
975
569
925
987
464
316
32
272
657
638
861
178
935
675
155
499
656
985
730
413
547
406
464
839
416
776
404
456
42
279
945
562
702
927
86
830
848
638
983
460
492
177
554
566
789
518
699
388
335
891
920
209
462
672
348
909
173
95
639
494
784
90
248
429
982
262
959
720
83
879
221
985
341
693
582
427
94
182
379
719
266
287
750
711
704
902
450
276
640
215
256
947
364
500
83
69
574
237
447
587
408
859
770
299
370
314
958
514
96
898
597
329
338
580
600
700
866
113
932
680
531
419
351
961
481
610
966
607
389
864
239
252
352
718
702
740
438
241
415
839
823
272
849
268
542
223
180
482
107
280
143
649
730
633
911
912
404
233
953
103
869
245
554
438
157
348
185
147
353
112
418
373
930
864
511
237
13
505
712
612
268
804
455
555
724
111
569
964
115
197
163
719
711
859
545
295
294
246
575
627
743
336
556
31
338
739
781
969
156
478
960
989
86
385
775
541
147
223
402
17
653
885
212
39
350
853
316
904
686
148
162
828
31
482
373
209
944
542
304
15
81
851
590
856
598
535
640
525
24
608
397
376
902
38
291
846
444
787
109
348
222
677
957
487
582
595
998
359
425
51
702
934
325
889
78
846
889
124
755
852
347
57
911
593
194
334
509
736
366
188
402
816
488
930
163
741
609
700
552
727
243
800
840
19
158
801
39
893
530
766
30
376
11
971
463
266
285
797
7
880
930
428
446
419
700
145
406
543
89
158
727
580
209
177
588
769
3
535
295
652
755
586
709
540
107
690
551
871
123
120
952
260
458
984
981
787
20
60
816
763
873
15
754
563
646
398
758
530
412
429
68
802
372
846
446
281
164
350
902
307
805
70
134
268
779
151
958
384
339
862
204
759
575
648
910
512
916
444
140
676
666
474
667
868
28
613
162
64
39
535
649
133
716
610
737
26
927
70
665
152
128
816
583
777
922
728
537
472
735
768
764
290
641
338
227
776
628
416
457
621
379
264
898
754
633
232
92
741
194
200
583
52
134
691
256
111
984
778
320
307
111
907
501
11
192
884
1000
721
635
421
512
418
350
