854
700
232
394
352
583
11
54
286
325
964
86
323
996
356
682
460
159
784
817
734
656
49
613
515
885
522
566
391
585
520
214
75
536
879
613
686
720
929
758
686
971
715
472
940
864
762
906
822
978
540
626
865
527
771
10
717
15
325
914
393
266
962
210
192
637
974
806
932
915
649
950
970
956
656
699
851
959
235
542
194
488
600
678
912
24
287
693
120
811
121
221
508
616
371
712
820
545
849
581
187
536
219
377
26
406
101
567
39
795
217
537
35
328
775
590
481
376
591
493
549
198
344
439
972
959
168
861
253
600
819
75
541
486
16
614
65
308
773
72
212
338
763
611
870
357
458
68
2
791
158
645
729
26
856
127
795
491
10
981
428
223
626
18
321
277
215
830
968
647
883
540
917
388
942
408
350
688
377
362
850
915
968
201
187
841
823
90
755
12
204
349
138
314
732
632
775
990
772
942
75
593
517
341
321
976
552
396
251
159
36
567
861
510
672
441
553
494
344
230
379
441
324
799
30
943
843
573
721
290
823
8
229
510
217
14
208
799
12
493
373
357
385
246
725
87
176
666
261
819
992
419
276
108
907
319
4
21
748
507
810
814
701
207
707
294
440
18
160
987
846
594
581
275
23
762
621
151
395
840
391
901
645
598
904
888
252
435
132
464
885
523
154
495
274
283
443
65
239
313
219
10
910
745
730
776
526
673
692
71
40
179
34
8
732
780
689
978
22
436
260
454
489
608
608
821
112
16
231
963
991
449
476
65
574
128
90
235
632
892
