579
593
889
554
621
631
166
711
732
495
350
972
875
772
855
44
938
204
461
285
964
384
900
74
895
206
982
536
959
469
525
675
631
34
572
810
441
191
929
414
67
457
615
392
371
452
101
340
259
431
624
148
808
288
15
634
693
51
435
430
549
672
705
815
336
970
568
180
483
585
517
787
712
166
400
329
300
278
66
138
358
163
180
407
617
968
405
835
316
77
633
541
58
148
238
15
568
901
288
525
609
671
46
781
323
585
185
614
111
959
793
503
457
17
99
107
277
966
117
31
190
901
686
261
542
880
719
743
753
156
704
662
209
851
157
878
675
668
198
103
903
987
217
838
216
4
463
375
556
407
923
749
444
11
79
194
154
389
27
202
114
110
755
729
849
818
456
914
289
113
6
321
329
320
447
25
205
596
755
407
760
657
181
162
170
429
37
944
382
692
731
341
394
497
470
230
816
913
385
716
668
138
658
337
1
901
844
224
630
168
576
814
902
846
608
36
666
574
103
664
911
858
451
766
790
926
532
605
573
749
331
501
322
933
945
192
401
256
823
523
139
596
524
60
386
759
278
760
460
693
907
465
582
502
247
874
135
128
342
269
416
916
658
683
232
76
339
785
610
509
286
671
59
189
870
461
686
39
945
430
145
778
261
612
238
44
522
233
485
608
654
989
316
344
810
589
399
95
966
711
306
963
770
942
348
497
217
425
301
547
604
757
641
651
159
997
519
896
981
858
149
503
177
63
957
606
810
493
960
424
532
690
994
338
52
502
756
732
217
218
702
595
313
366
465
757
906
674
948
704
434
208
277
246
390
424
280
871
590
596
560
975
956
601
616
699
405
905
82
829
665
69
127
854
384
42
36
125
768
325
390
355
423
299
534
333
350
805
328
905
273
425
973
529
499
925
723
342
764
832
170
340
545
951
532
219
795
427
959
317
712
504
917
807
797
23
607
57
760
957
184
167
920
550
247
356
231
542
745
848
956
20
930
8
788
501
362
328
826
313
964
239
825
720
475
353
59
873
98
180
96
156
493
227
15
453
439
366
138
131
655
800
107
414
947
430
229
839
301
726
571
303
439
289
839
635
785
603
993
931
937
190
110
642
733
134
171
532
894
118
919
820
734
939
716
49
916
309
315
739
918
224
78
436
372
817
982
380
947
844
954
860
45
539
369
74
912
210
167
767
632
725
126
851
258
987
94
877
319
211
347
287
891
26
768
728
525
55
528
695
619
349
65
453
388
335
829
759
537
740
650
937
943
260
269
628
885
660
979
340
364
24
803
381
322
196
906
214
103
826
805
209
163
754
796
629
245
613
873
308
11
751
209
376
905
481
595
120
138
503
884
576
777
815
669
973
739
547
959
848
133
278
553
610
271
664
236
632
635
22
954
574
162
300
153
569
934
456
97
494
5
541
800
288
791
639
919
378
469
207
270
280
472
939
943
207
985
568
816
614
77
255
23
479
663
9
648
868
989
380
815
174
111
573
868
870
997
653
355
121
420
288
79
342
671
429
970
626
778
1
829
578
263
176
692
665
908
21
858
896
808
902
39
245
976
813
806
724
691
967
545
405
824
55
183
355
892
253
680
841
651
527
335
766
352
111
279
922
383
14
994
240
97
865
915
80
86
138
967
749
631
807
495
669
928
419
201
598
305
400
804
248
347
673
153
531
25
126
252
900
196
13
850
885
794
584
661
516
784
322
754
142
374
520
742
910
914
48
240
300
526
974
14
236
759
708
246
98
665
25
979
598
106
121
612
281
302
676
608
573
403
180
572
173
535
628
464
737
133
862
683
484
223
668
704
464
270
838
644
395
830
270
930
360
207
106
743
898
772
700
790
419
923
737
618
196
961
812
69
145
655
749
779
53
980
719
754
103
517
262
365
265
893
194
414
628
969
430
699
910
262
840
880
547
537
613
410
543
358
598
479
150
268
679
844
61
880
377
705
277
243
742
489
538
623
91
894
364
994
266
320
833
951
971
153
981
17
170
738
496
445
237
491
123
508
48
411
253
25
9
510
285
474
831
20
478
77
11
822
240
777
157
26
473
619
461
496
100
748
209
44
746
559
831
94
298
395
29
827
134
919
923
62
743
837
210
884
854
83
393
21
363
829
340
148
982
705
17
948
72
648
195
233
482
586
474
404
810
593
177
