535
1000
21
138
16
956
356
316
917
617
167
618
392
263
184
938
557
370
310
581
460
428
921
44
98
357
522
311
131
91
504
588
749
620
76
591
162
687
941
729
233
823
906
19
889
519
77
499
48
718
810
957
813
197
955
293
268
158
999
576
188
532
428
502
718
286
42
930
335
744
310
99
611
116
672
860
560
122
836
238
895
586
375
821
61
952
436
761
228
728
527
106
273
477
897
27
337
354
671
601
291
320
981
501
706
208
592
907
380
903
979
947
556
383
385
993
636
591
781
343
743
970
178
807
426
184
596
63
29
64
750
356
717
171
373
77
448
40
351
401
210
92
595
429
610
864
516
994
688
169
991
488
959
966
88
434
707
732
305
400
977
434
205
422
993
616
159
775
67
111
591
883
340
373
420
335
107
648
765
899
712
603
678
626
512
848
437
705
578
919
192
833
158
410
12
305
400
179
561
432
660
800
450
230
913
310
539
189
662
74
329
395
16
458
337
570
968
370
301
648
861
51
786
291
180
744
504
224
504
489
71
684
652
248
487
625
816
40
207
994
480
304
653
676
806
912
256
863
835
516
638
80
654
189
1000
389
478
353
109
797
471
239
932
7
835
837
948
626
842
1000
173
961
317
446
137
386
627
391
945
75
518
65
386
124
293
742
690
54
732
628
877
721
25
64
917
343
843
665
603
684
38
803
759
378
810
737
121
395
152
615
724
508
921
690
962
801
345
674
529
264
790
104
691
672
31
64
582
914
353
39
655
851
251
566
535
947
211
418
119
602
707
468
197
320
280
645
412
934
703
50
153
710
29
561
542
365
358
702
93
905
87
120
856
265
688
520
277
77
190
392
354
93
671
172
397
313
456
588
546
488
492
376
651
941
412
284
104
995
950
630
653
425
918
104
778
199
170
483
363
15
45
443
933
842
346
6
381
85
722
484
643
694
941
271
281
955
108
598
408
855
812
307
326
553
143
239
864
98
652
857
447
662
132
959
722
774
583
33
181
63
144
838
390
829
621
327
855
932
877
818
568
36
196
927
295
372
521
528
87
563
227
554
165
595
321
57
800
803
307
865
476
5
990
946
503
278
454
657
120
84
679
371
549
38
891
423
634
514
132
765
42
430
146
413
916
951
473
199
161
90
533
258
561
884
890
327
444
371
605
672
337
222
160
373
753
71
675
369
364
550
586
303
580
736
402
269
31
562
791
815
340
570
261
686
869
468
544
307
602
995
789
825
910
81
59
590
411
375
962
81
271
971
470
216
479
30
407
986
459
472
174
222
20
493
297
930
268
136
630
630
