737
147
107
755
283
804
595
897
657
969
212
535
504
699
419
770
430
134
152
427
889
135
778
472
421
992
257
986
395
222
364
469
343
759
668
372
864
304
182
323
674
37
68
697
344
290
6
965
46
84
616
102
800
83
61
602
513
499
635
501
85
417
157
307
316
3
802
30
489
939
306
358
685
784
760
27
792
614
651
194
962
703
679
597
225
863
450
444
708
840
634
575
882
774
372
461
888
66
22
553
48
204
696
371
921
586
386
191
675
789
521
50
759
607
508
319
83
262
949
564
395
835
960
145
637
946
733
179
815
786
285
564
674
704
233
71
123
171
431
579
2
316
235
614
991
108
774
118
469
52
519
549
278
472
488
98
195
11
276
349
482
896
127
20
59
157
632
859
642
153
996
772
4
888
14
138
299
430
331
580
501
398
702
346
927
414
763
37
566
673
590
604
36
598
648
412
554
381
617
718
435
460
538
476
922
677
993
902
461
416
583
717
443
586
921
50
620
246
847
477
609
761
633
492
548
991
333
531
353
292
675
176
638
556
726
720
149
567
590
99
729
532
847
458
983
945
254
664
600
427
129
270
494
680
632
396
840
568
454
843
630
535
848
178
960
124
214
73
887
648
72
305
825
804
977
303
294
166
224
125
294
714
111
174
924
958
754
516
421
256
323
539
755
108
35
170
506
68
973
788
690
174
638
500
797
72
259
413
673
553
672
32
777
834
714
689
72
781
802
5
