77
838
691
557
244
762
70
929
350
1000
391
70
207
657
787
50
807
682
199
714
429
943
478
820
593
683
117
244
569
62
721
791
509
414
809
145
408
258
923
976
699
877
513
706
989
473
216
459
64
885
207
137
472
447
735
254
91
926
763
202
933
325
898
405
893
742
290
418
442
154
438
408
335
477
301
201
131
840
779
549
14
161
282
646
830
136
899
635
884
62
19
978
279
726
840
422
292
997
4
488
325
208
102
654
467
605
428
117
918
201
304
674
958
684
643
590
679
888
304
554
28
565
803
587
398
414
789
163
928
330
18
901
174
508
727
154
223
228
923
874
309
355
286
785
445
480
21
386
952
444
633
24
172
867
470
704
136
815
501
978
480
859
938
183
208
354
433
147
309
113
848
862
714
886
223
900
96
443
810
130
267
577
285
636
216
619
546
13
383
758
231
159
447
153
855
921
180
943
889
326
128
126
916
646
213
165
222
332
409
855
820
620
207
509
773
534
603
858
696
817
297
449
431
715
545
725
647
60
454
940
726
354
604
295
416
655
398
39
270
478
144
765
465
292
192
794
390
740
543
924
226
129
751
678
985
617
228
914
664
241
877
319
587
819
361
283
411
76
104
846
636
655
792
383
594
658
769
198
544
710
419
265
423
983
897
250
832
444
93
49
300
803
608
760
942
680
434
155
523
869
653
524
121
965
989
180
736
964
788
959
313
672
867
653
283
359
138
367
229
499
201
183
580
685
351
317
231
718
536
704
681
323
303
778
546
955
23
166
133
298
161
386
657
759
763
885
808
629
886
416
467
570
547
532
185
845
132
851
389
717
639
785
107
959
579
923
343
913
883
402
507
310
71
92
902
200
126
978
356
721
768
81
122
144
176
509
814
988
21
26
615
57
372
452
598
114
427
262
483
517
533
30
804
472
53
473
844
8
77
64
566
13
548
863
825
631
787
741
110
545
845
530
556
925
705
345
787
377
707
148
212
130
96
524
964
728
653
990
789
253
552
345
283
925
620
945
879
557
816
655
721
411
459
398
758
342
459
887
393
49
799
473
813
745
672
348
286
386
742
559
388
272
245
375
886
943
999
555
607
942
600
543
990
57
150
799
985
338
357
529
