42
792
236
298
994
132
138
899
378
106
283
448
219
693
915
475
351
738
713
922
264
146
584
243
797
743
804
473
305
135
391
691
849
779
169
487
826
696
603
505
917
523
944
207
185
955
914
386
914
592
684
977
130
773
978
291
73
202
537
7
574
393
918
211
318
473
14
987
398
460
172
17
864
818
572
122
105
578
757
637
164
341
587
798
742
306
792
394
493
45
106
249
656
437
449
659
994
384
715
607
906
794
246
433
943
735
971
394
428
884
408
473
18
250
493
735
398
25
432
149
306
476
737
166
843
873
682
972
301
819
667
442
57
6
656
609
572
79
720
85
519
123
725
946
480
10
821
456
211
744
414
736
679
611
780
82
256
219
713
218
306
700
994
899
658
92
463
637
251
136
351
127
292
196
425
196
486
97
827
704
477
42
670
23
518
412
949
788
950
365
503
564
634
475
356
196
595
821
298
392
693
637
422
137
217
871
295
101
40
229
953
172
605
906
353
920
174
135
307
828
174
443
195
238
88
140
907
197
282
712
712
886
641
763
234
216
59
537
460
771
736
396
692
572
343
4
280
447
184
752
786
593
850
90
665
830
680
399
481
643
208
674
258
567
313
362
637
640
579
947
925
748
897
756
164
4
104
453
987
498
157
90
227
220
177
98
993
181
307
679
187
808
638
989
907
21
655
501
51
969
540
474
48
339
924
931
152
737
629
234
253
148
389
275
477
294
588
614
859
462
231
655
756
577
212
209
45
592
232
365
13
894
161
657
332
277
923
541
484
758
301
231
697
282
888
372
281
207
945
620
920
673
545
861
1000
228
853
771
588
126
298
5
92
41
262
75
106
288
121
752
301
718
151
643
659
859
674
139
924
743
607
124
701
159
799
921
7
928
441
244
187
454
179
560
907
264
840
883
980
210
908
27
871
970
909
305
841
756
483
975
86
251
468
286
850
344
386
314
155
640
629
327
724
889
212
212
685
405
893
557
809
948
917
253
385
102
832
992
583
856
717
782
601
687
220
203
339
480
160
934
448
585
779
85
889
973
610
23
476
694
617
273
81
628
288
783
404
193
539
428
208
471
352
128
365
47
273
791
541
429
569
393
627
29
140
951
86
679
974
584
838
269
794
621
428
570
341
751
246
731
670
48
719
82
947
543
962
887
517
53
905
262
83
100
668
692
949
632
177
449
953
799
556
796
411
831
361
728
848
959
