437
537
309
660
689
461
862
222
513
715
247
722
730
832
689
169
447
631
494
815
474
461
656
567
644
882
464
144
667
376
5
97
632
53
991
485
134
689
3
769
374
207
572
530
16
644
211
706
850
32
927
3
930
833
240
771
827
751
239
180
497
417
664
296
431
708
912
739
740
206
664
835
565
862
459
802
207
299
924
122
95
981
710
891
61
811
585
893
964
147
679
210
13
39
131
28
692
924
470
214
831
367
821
530
777
226
511
37
196
462
981
889
938
376
896
43
646
776
802
44
633
680
9
617
805
314
371
8
263
858
791
55
257
691
408
54
880
801
806
576
314
400
950
780
359
587
262
466
661
253
722
37
146
252
710
198
756
15
422
940
35
403
872
210
104
896
191
962
488
361
487
882
428
634
365
283
184
255
185
443
506
207
134
544
660
737
827
369
197
153
9
463
266
54
986
589
504
745
837
292
753
745
10
104
332
938
178
514
262
262
381
596
405
781
100
703
479
310
931
745
648
78
307
928
124
872
834
423
414
953
459
809
954
494
111
293
349
509
918
538
95
847
882
889
575
108
476
349
274
206
555
103
767
109
97
808
168
549
582
17
615
932
78
91
676
867
882
594
590
16
645
279
5
700
921
263
405
431
10
979
768
222
432
153
846
732
965
759
615
122
424
84
618
802
482
963
491
951
770
789
882
548
462
664
836
319
952
160
405
165
980
500
922
959
43
46
913
483
839
95
370
25
353
384
664
115
108
292
869
304
807
135
266
99
784
695
408
691
340
874
81
636
761
615
230
323
306
695
176
474
802
98
399
879
322
799
310
738
625
347
