307
329
245
135
524
81
806
813
769
97
641
155
416
32
958
249
807
111
85
31
543
883
843
643
570
170
149
503
883
324
164
394
558
443
873
333
449
398
807
124
709
665
557
48
945
275
723
900
130
137
237
992
346
199
819
179
763
54
968
706
254
36
706
342
425
161
996
185
450
843
942
508
949
871
380
302
340
269
672
503
175
931
741
641
816
354
428
251
764
961
988
406
86
19
500
318
615
419
946
845
364
85
457
978
396
911
914
565
853
859
270
923
704
662
555
222
778
296
112
623
368
635
987
13
189
837
833
818
483
697
527
827
940
826
78
257
444
167
65
400
674
266
967
602
419
167
824
569
475
500
780
758
536
76
839
464
564
278
482
887
88
290
395
532
246
211
528
691
312
613
373
323
911
850
846
594
95
724
913
33
517
176
315
258
41
888
883
97
353
708
627
890
998
209
377
596
181
899
858
596
666
812
678
364
353
788
667
814
501
653
961
661
694
41
190
44
360
324
18
585
14
846
956
747
770
607
615
486
318
126
45
426
809
467
532
48
398
517
138
238
833
668
360
703
604
49
643
879
742
341
217
798
670
199
895
119
227
870
964
664
75
301
545
427
87
871
431
776
624
562
698
706
837
900
347
808
165
359
573
113
261
866
611
692
277
750
691
963
791
775
988
785
519
947
328
521
319
561
479
111
874
790
978
220
668
900
674
466
509
763
814
467
461
807
961
324
539
594
41
458
102
731
284
182
254
44
351
851
676
19
408
928
822
805
12
303
198
96
276
497
532
179
622
754
758
781
765
189
191
906
978
387
111
940
940
707
949
981
811
872
839
664
983
497
860
339
457
946
647
531
887
188
698
408
401
220
660
659
876
245
978
336
902
351
311
865
756
606
839
110
906
725
100
371
890
684
989
347
345
109
869
252
13
648
767
164
549
262
718
329
810
553
916
27
34
389
90
493
531
343
538
461
949
495
701
706
521
710
553
883
353
809
928
315
501
283
918
329
164
272
625
131
157
292
887
243
155
750
341
790
417
853
31
619
686
466
19
267
726
430
250
426
547
43
103
874
887
635
390
288
166
717
412
189
928
644
797
594
290
364
999
330
793
771
380
253
353
612
380
378
423
602
191
733
88
517
278
452
684
440
996
48
243
595
901
465
441
495
606
567
817
502
790
79
418
368
265
311
558
407
468
987
459
703
25
245
87
779
443
662
649
15
161
782
505
909
677
367
214
541
299
327
720
40
543
848
672
280
814
280
820
69
568
567
651
35
82
621
907
268
173
747
87
341
476
835
368
858
479
847
499
647
20
914
29
845
267
447
794
576
243
972
312
520
446
623
229
82
919
891
730
889
921
304
564
2
47
348
691
706
740
554
932
544
431
315
803
647
575
869
167
289
175
426
613
178
760
918
582
106
129
452
300
282
896
978
840
444
83
964
572
200
748
51
546
130
415
610
477
518
170
87
365
490
288
864
85
583
292
581
272
428
391
683
302
783
499
884
221
577
651
796
688
424
734
148
149
939
416
652
992
564
138
402
79
438
750
498
653
395
741
30
156
670
838
293
907
151
836
257
375
833
693
119
852
497
135
349
632
951
579
214
209
993
314
668
928
214
5
712
401
774
919
252
498
550
480
405
969
976
435
782
266
305
691
50
927
837
252
741
653
922
417
394
607
890
607
811
358
411
562
278
808
891
184
490
379
246
731
204
13
11
919
693
1000
265
249
958
677
452
118
777
745
666
460
782
832
946
493
222
406
792
348
997
881
772
550
496
58
250
896
326
830
502
505
570
625
472
86
974
852
545
482
781
746
960
545
157
405
689
946
398
266
530
362
982
630
173
754
704
340
217
536
114
497
148
8
998
63
834
476
692
481
485
453
879
193
422
927
358
758
481
880
969
4
930
110
792
170
344
9
44
299
860
14
429
806
755
56
100
800
21
384
168
765
487
983
453
821
28
145
870
572
478
357
511
523
124
355
987
775
37
86
763
164
99
503
334
61
384
107
903
958
380
386
189
737
1000
708
124
289
669
721
583
10
345
59
114
359
597
664
174
46
98
259
915
141
923
361
459
481
708
890
857
146
239
557
173
658
308
438
479
945
909
864
818
218
668
814
889
199
966
776
18
666
447
231
722
286
201
97
662
553
306
163
192
861
901
829
106
615
36
777
194
116
811
914
246
267
221
264
782
352
899
646
996
558
578
496
337
574
19
842
427
217
492
953
164
290
676
957
407
740
33
514
522
816
782
687
979
221
214
653
33
932
668
565
485
968
294
