976
850
142
305
75
9
318
176
892
947
149
301
836
566
417
746
694
548
750
597
819
580
69
998
1000
838
530
854
200
589
264
279
710
277
121
158
501
333
329
381
496
14
814
107
186
383
838
778
17
464
762
590
426
777
537
298
131
131
516
88
749
542
986
565
719
12
508
229
332
898
327
407
572
720
897
643
1
231
924
210
336
167
666
680
477
408
11
421
787
489
230
289
402
340
449
792
84
492
424
729
141
379
265
167
771
406
115
509
324
439
460
697
296
32
339
176
883
242
296
711
907
393
2
717
973
467
149
601
632
825
575
163
863
429
413
53
909
681
597
675
626
472
223
321
961
729
767
757
189
799
765
720
830
257
281
770
759
627
210
992
336
624
533
738
308
440
118
270
661
860
730
939
882
839
938
475
300
982
871
774
706
818
532
124
424
417
544
484
438
641
326
439
586
357
128
722
907
499
472
424
867
280
826
790
406
504
70
953
330
186
579
816
746
264
796
214
103
188
653
182
126
273
646
803
906
921
649
525
414
459
999
880
359
447
492
722
458
308
364
492
399
1000
946
137
830
370
260
279
308
772
763
233
976
24
830
220
446
13
536
493
980
317
635
383
105
957
939
939
380
521
627
187
502
975
1000
904
337
968
343
387
9
317
730
31
606
207
31
781
193
686
903
859
350
461
462
318
535
589
473
81
810
325
699
511
775
139
593
310
800
321
765
60
263
971
209
436
821
145
926
534
198
865
421
937
849
772
771
159
5
929
877
497
60
768
926
451
752
75
717
847
480
443
512
361
338
486
457
672
230
569
633
560
140
930
751
59
998
127
218
143
129
814
68
828
974
904
49
612
931
732
510
585
868
589
403
798
638
182
137
705
886
652
557
579
57
850
462
84
834
345
855
138
749
315
631
215
9
622
453
923
988
458
95
540
73
139
286
934
976
8
486
820
545
595
91
693
19
431
224
964
609
578
890
672
458
163
763
477
815
696
989
768
211
860
356
848
172
124
423
453
996
285
928
394
638
356
437
256
121
436
6
266
722
645
201
105
524
658
81
769
335
923
959
116
379
815
664
83
59
644
935
102
143
726
427
194
709
147
162
256
952
993
121
105
51
320
880
833
168
472
731
107
685
782
701
361
832
760
17
757
133
964
812
716
503
425
149
233
988
762
209
520
375
481
29
681
923
390
782
256
592
673
211
817
901
833
29
766
342
41
72
644
475
49
723
270
363
444
694
640
790
480
110
948
303
301
786
250
137
372
245
653
126
366
521
66
691
54
920
122
771
693
271
252
502
818
575
550
583
206
182
716
435
721
760
709
484
284
381
526
271
390
248
514
785
341
229
649
954
319
448
909
247
879
748
123
784
61
106
10
119
217
287
534
151
28
903
545
823
181
671
833
224
124
589
295
286
44
915
991
160
337
162
325
34
526
283
243
688
63
301
125
813
641
11
712
354
77
400
259
518
702
665
84
870
412
194
222
819
714
909
247
178
425
858
122
953
809
819
721
916
638
796
683
502
800
204
760
484
861
447
501
575
57
292
321
391
429
438
538
910
143
724
219
272
662
900
363
858
530
774
473
150
983
350
745
187
588
605
592
740
160
308
186
631
801
747
893
558
623
637
556
623
305
955
952
686
740
943
832
826
323
698
914
623
487
639
386
213
981
494
235
916
57
632
853
617
820
720
328
924
277
524
351
371
270
715
755
129
668
962
961
482
401
278
967
464
250
817
185
483
230
153
65
613
481
855
703
880
269
892
257
855
213
324
701
355
370
459
953
818
938
457
522
292
237
360
202
404
776
355
300
207
656
206
528
672
413
883
634
183
135
534
578
616
91
275
621
918
381
26
323
351
65
627
95
12
628
985
377
241
872
161
277
934
532
627
144
890
466
160
173
130
357
239
837
16
925
360
508
581
240
735
346
539
433
822
773
636
404
76
44
700
605
488
482
939
977
730
232
201
564
314
676
487
377
948
645
165
214
301
692
612
524
954
162
158
424
15
659
536
489
839
347
940
635
697
989
183
580
291
690
540
47
806
933
911
59
669
975
703
365
881
440
582
625
767
660
840
313
153
425
916
569
36
248
795
674
743
760
820
299
609
447
315
319
821
955
136
918
349
241
387
900
911
707
199
954
654
664
122
34
560
996
8
683
523
73
459
750
415
377
170
229
96
740
675
842
882
698
