197
518
872
341
655
377
21
397
175
808
102
790
791
344
852
937
602
868
133
964
182
224
511
208
207
748
471
754
565
271
528
903
791
491
478
928
386
908
399
912
379
80
551
638
408
312
847
376
793
405
184
430
79
221
604
540
435
840
793
756
144
621
25
706
527
848
703
908
853
320
463
804
829
262
246
937
277
183
857
49
262
687
191
563
907
702
969
832
51
83
544
794
594
505
485
569
505
485
897
685
982
983
395
677
766
768
514
610
20
307
523
845
903
579
631
908
731
640
388
428
793
120
441
566
150
584
146
141
464
141
989
281
39
434
464
459
600
949
13
732
866
220
347
111
232
893
268
56
741
754
891
773
148
689
975
597
207
853
700
1000
583
376
677
172
722
656
912
485
913
114
108
762
326
287
401
907
43
653
527
2
547
553
399
641
260
789
403
471
971
712
536
99
611
844
544
943
830
487
916
802
538
780
487
193
640
934
811
327
421
116
581
648
120
403
526
736
163
456
362
521
59
933
780
94
418
573
99
777
934
218
810
588
507
36
582
397
682
137
667
421
342
178
490
769
329
58
232
371
728
81
772
540
763
181
553
786
826
494
436
140
796
78
740
902
142
481
348
359
572
403
265
834
554
528
385
576
107
452
895
66
153
752
646
217
637
262
615
11
228
157
630
920
149
729
944
720
52
741
240
334
199
795
4
657
272
861
511
718
3
411
185
721
256
120
355
714
692
819
559
67
34
581
238
854
944
647
771
164
7
764
451
594
615
277
10
759
768
340
415
489
201
608
117
444
562
688
26
29
437
459
888
991
373
628
891
911
399
646
215
843
435
476
965
247
72
411
99
616
140
722
823
425
608
446
483
783
338
748
607
380
823
510
107
342
875
842
790
747
736
272
120
134
503
710
543
53
255
164
288
871
203
773
37
535
657
504
800
425
301
890
192
305
570
447
646
918
813
406
64
716
956
452
881
21
279
841
887
455
590
123
496
385
274
309
144
857
159
508
922
877
695
95
456
118
207
283
943
558
362
565
948
459
843
340
265
483
582
966
568
876
343
135
786
640
825
890
775
618
358
806
391
551
843
40
185
446
337
183
57
21
386
53
595
630
516
55
655
857
295
114
936
311
555
312
682
545
576
239
467
583
498
790
373
744
75
275
430
895
991
808
118
529
289
756
868
964
646
753
428
916
882
478
424
500
66
15
753
98
863
226
955
112
130
3
678
674
615
624
391
738
677
65
721
683
590
223
597
884
82
959
774
805
260
265
532
131
687
218
486
630
210
708
137
753
340
11
546
728
521
592
727
498
814
422
964
11
336
637
410
806
75
919
251
384
269
639
404
614
818
562
791
84
584
614
190
418
707
49
767
363
184
285
2
470
176
196
877
140
196
230
63
490
352
125
927
250
566
387
840
511
669
670
695
253
286
3
105
646
745
35
240
597
843
455
817
992
347
646
783
761
933
819
946
335
781
180
455
693
617
132
236
629
323
111
435
654
726
737
529
499
67
647
500
172
172
273
463
994
977
605
908
600
627
393
778
161
183
965
684
919
782
672
819
154
932
816
318
908
849
650
814
325
854
144
638
992
876
852
49
738
