847
635
812
448
581
579
785
374
721
669
540
909
494
682
842
346
57
347
616
129
833
543
958
68
625
795
790
283
259
583
955
28
799
882
879
4
939
316
886
374
14
459
959
972
286
349
885
635
126
788
907
342
523
941
558
359
812
789
647
40
809
415
795
148
230
1000
91
813
385
540
472
296
948
556
267
512
288
722
615
678
239
366
748
756
561
70
959
85
170
696
2
220
274
460
556
486
323
626
520
176
287
258
5
17
946
506
707
193
140
760
369
95
621
233
209
161
502
487
508
524
254
902
91
628
473
691
46
10
728
881
166
25
232
653
48
595
678
565
86
731
212
253
83
579
118
767
210
915
77
854
260
788
122
1
786
11
767
782
150
961
446
18
527
426
763
849
508
33
131
882
55
845
740
159
685
556
459
31
997
109
415
207
560
955
311
37
255
320
990
897
953
885
657
202
687
370
180
327
297
160
115
884
528
782
751
975
476
143
634
114
601
71
2
661
473
77
80
415
901
251
191
193
567
555
962
12
722
11
705
274
788
458
14
310
931
277
171
888
11
349
526
416
855
795
443
775
185
718
40
771
216
435
297
345
162
995
39
766
329
969
9
470
95
787
890
68
912
367
449
513
307
187
628
570
723
24
347
733
901
263
900
440
162
205
688
928
461
504
514
740
446
818
984
500
361
88
880
947
763
616
925
321
787
563
278
665
692
299
304
541
386
13
928
209
636
257
109
869
114
577
202
248
937
588
217
996
596
47
623
251
591
393
137
502
427
879
187
718
211
918
6
695
454
774
715
678
629
185
809
659
977
807
3
280
492
147
297
99
829
278
695
845
567
627
361
801
278
393
923
236
524
762
400
348
964
14
908
530
847
57
43
99
316
941
916
154
949
849
483
882
257
382
554
29
784
328
604
915
109
110
578
944
242
865
488
285
101
144
90
800
184
868
596
703
859
835
945
819
547
461
174
718
93
316
192
446
537
768
368
885
322
789
339
258
498
689
140
715
877
332
826
977
90
997
436
746
295
931
919
782
128
579
375
743
284
411
382
134
5
425
3
238
860
9
897
489
551
902
53
881
823
455
298
368
727
102
300
472
329
777
808
329
682
812
933
691
107
916
171
541
638
552
155
293
666
393
542
544
289
612
33
834
81
294
689
343
403
584
962
423
44
583
944
207
365
427
893
796
649
959
261
815
225
545
646
273
664
975
140
81
178
549
989
68
423
945
332
145
797
933
222
691
396
564
127
473
836
675
960
493
918
616
68
607
219
381
180
971
400
213
622
681
500
263
163
587
189
530
430
507
93
918
963
41
904
592
149
159
421
37
