506
572
458
934
448
412
172
117
152
655
578
274
798
300
604
573
852
808
366
960
379
521
965
655
812
579
875
90
531
568
93
135
385
889
686
908
37
183
39
442
452
645
742
221
563
572
763
116
710
270
107
211
366
371
11
479
155
782
890
912
813
229
32
466
930
100
956
912
694
737
655
896
976
284
167
257
951
781
239
997
686
549
580
64
122
387
654
609
806
93
615
182
45
301
964
285
278
986
997
253
802
488
986
951
167
253
780
941
151
731
965
521
685
412
639
329
751
186
349
626
833
642
720
578
492
562
108
151
824
388
845
364
228
826
302
399
669
798
495
377
104
54
367
823
536
735
687
257
399
484
844
831
918
41
92
929
421
392
734
616
196
700
437
486
859
85
45
246
641
206
300
148
255
112
318
631
466
305
70
63
123
296
593
504
236
10
532
392
588
984
486
459
806
154
632
699
641
581
713
62
931
579
776
38
98
370
262
458
935
891
546
695
836
299
79
800
580
461
691
941
740
45
482
416
351
691
201
102
784
104
136
748
195
588
621
220
316
276
359
694
441
45
626
859
58
131
393
122
409
3
465
754
231
951
661
978
648
674
901
763
355
670
839
306
770
140
534
252
318
668
105
128
69
899
468
883
973
743
796
171
675
106
137
14
145
673
214
365
28
172
595
495
85
82
185
931
355
28
329
769
467
85
518
828
268
525
628
123
46
682
