761
270
364
635
264
206
657
59
668
577
18
507
484
325
991
723
167
539
194
157
294
706
672
644
990
788
406
871
965
431
59
552
148
256
935
586
368
56
198
161
75
628
153
880
747
562
858
959
545
886
182
702
574
236
451
900
144
653
398
731
229
156
602
942
59
43
398
59
596
845
646
790
129
634
615
477
361
387
218
542
580
760
9
763
465
74
318
322
107
375
831
385
317
612
642
921
889
777
602
897
257
648
101
826
966
768
340
803
955
759
738
6
177
264
227
799
371
52
521
166
423
601
262
574
752
822
417
219
828
505
572
503
883
783
902
990
692
921
203
653
514
276
403
842
778
641
45
846
744
121
123
815
312
916
285
134
146
561
679
490
106
108
135
643
208
494
24
144
771
752
295
109
993
813
128
316
640
612
572
874
29
242
242
856
982
363
568
701
559
773
6
316
337
482
271
957
304
745
969
262
220
446
619
196
247
60
795
370
247
943
909
562
352
221
104
412
169
461
120
744
364
251
335
447
225
708
747
807
125
928
862
948
166
293
520
206
483
182
418
206
880
302
815
476
831
285
823
465
758
646
61
543
367
806
260
158
274
708
714
769
192
773
994
662
175
469
979
301
411
82
929
678
196
465
994
155
687
421
325
756
391
999
67
320
781
573
256
883
514
376
32
301
666
131
64
246
179
730
505
323
24
475
487
671
516
825
942
859
974
362
322
395
71
109
14
991
757
623
112
582
201
644
331
824
28
219
393
785
939
267
842
501
572
571
299
993
908
770
668
214
572
723
96
981
977
465
260
337
498
638
790
19
638
944
156
379
441
473
478
701
613
90
567
884
76
679
732
274
984
532
839
513
204
756
176
461
473
656
436
60
969
555
672
464
684
269
465
584
562
200
252
977
301
794
728
400
482
187
770
726
541
142
629
851
653
71
539
159
68
310
764
626
146
311
280
759
790
194
708
637
733
932
120
548
796
886
753
748
250
227
1000
591
747
271
304
582
331
201
46
460
5
181
97
550
175
597
696
134
234
999
548
992
775
414
478
734
482
187
921
335
678
776
936
864
690
708
932
93
566
86
945
207
544
354
268
596
957
617
775
820
679
79
67
184
632
636
798
570
494
60
642
60
244
14
508
126
654
945
826
959
274
860
394
421
738
679
610
725
450
966
385
22
891
461
742
165
983
268
620
692
677
871
751
379
29
902
187
408
685
436
295
98
137
82
618
109
750
159
255
474
154
268
538
483
14
262
513
895
931
237
794
839
578
58
759
493
711
508
904
641
453
845
699
874
195
157
662
296
449
680
946
974
802
317
10
672
507
237
857
791
578
147
925
6
332
7
896
774
488
999
498
37
389
62
662
930
488
538
976
987
86
652
206
503
622
647
210
682
178
42
229
990
204
13
152
26
18
86
481
719
428
623
999
810
272
179
594
581
542
756
584
188
359
213
77
481
552
409
403
803
656
325
368
624
336
452
225
195
487
393
174
792
863
348
121
967
441
902
918
822
586
483
202
494
666
103
126
497
885
741
838
803
452
851
330
154
963
749
933
717
562
155
808
128
867
4
941
309
982
73
515
784
466
77
366
613
462
175
330
907
19
223
114
443
945
639
646
86
845
100
