925
811
9
453
421
699
720
385
218
518
703
308
29
921
368
463
940
814
441
524
351
610
766
551
548
17
662
422
291
692
253
948
61
990
32
86
597
562
366
923
868
900
471
857
88
986
810
75
288
172
134
981
817
125
136
81
625
716
672
471
975
740
170
700
703
248
50
952
432
559
208
392
515
221
910
609
452
508
453
631
22
410
435
278
491
915
277
794
395
816
104
216
294
456
959
230
647
400
471
376
100
788
68
916
980
959
699
135
378
870
485
186
33
341
730
601
363
805
869
755
236
21
4
942
46
147
564
723
460
823
735
218
806
650
167
566
152
799
690
367
155
520
700
362
268
786
516
491
832
284
936
56
838
132
420
772
842
1
216
870
257
433
546
715
64
608
145
865
725
921
980
356
850
914
282
599
96
871
587
719
101
52
526
514
1000
433
24
922
331
47
777
713
939
163
362
81
974
395
948
852
204
186
265
837
780
112
713
681
163
300
155
840
938
254
391
849
628
807
555
332
691
252
621
856
283
825
516
289
432
803
460
548
102
29
862
265
433
457
77
798
411
139
556
431
686
980
259
482
737
179
464
982
212
164
161
860
311
798
696
689
320
624
838
950
783
286
720
427
696
309
704
951
356
350
612
190
128
872
501
703
758
968
29
23
74
190
243
675
634
204
152
110
351
90
57
633
118
988
39
55
996
742
333
349
185
719
360
386
191
449
658
343
999
230
257
900
33
891
274
471
652
102
638
324
2
979
794
126
844
140
195
213
596
531
199
985
480
612
356
826
643
150
181
492
281
905
103
362
953
379
214
612
297
752
149
660
524
954
555
979
581
627
339
57
313
983
882
843
112
447
509
444
933
373
202
247
131
364
488
435
909
7
493
54
347
80
221
420
46
536
726
44
391
751
257
25
842
733
369
389
936
791
187
411
125
660
23
699
563
303
308
413
134
953
99
387
732
776
118
983
423
300
427
946
792
275
315
141
260
55
50
81
291
384
283
971
951
58
445
852
34
48
330
588
351
74
989
558
569
426
336
927
343
120
832
424
663
604
514
272
241
127
172
85
91
701
483
204
949
45
690
362
604
790
678
615
54
837
63
57
442
189
942
320
555
38
877
812
173
991
825
615
610
485
677
765
812
823
891
857
486
770
960
496
796
756
772
271
490
42
69
428
261
888
689
962
113
450
846
574
