231
44
682
458
815
882
555
898
310
375
934
893
833
284
723
844
893
398
927
668
594
986
501
869
667
173
467
734
247
809
824
988
801
373
154
759
805
191
301
592
656
674
737
646
663
856
270
964
217
457
156
477
92
491
394
780
741
648
377
307
345
230
700
404
713
501
212
989
7
236
498
218
590
880
279
503
852
889
104
62
788
28
214
218
694
438
20
649
729
326
28
414
179
10
295
865
526
234
803
249
848
799
181
347
551
273
725
637
676
665
592
726
923
774
626
235
419
204
524
932
656
240
997
868
550
773
456
748
486
97
377
826
891
209
837
555
651
851
310
476
249
968
310
529
348
452
191
881
577
642
756
700
499
720
691
945
288
313
434
937
687
250
158
473
766
383
261
277
340
473
736
566
827
646
797
503
911
850
73
397
816
159
832
760
568
834
537
206
185
421
986
910
838
693
840
541
494
96
545
804
710
740
970
438
24
562
399
48
896
91
336
808
388
145
958
721
628
589
702
382
