421
337
712
270
745
412
559
271
627
424
228
647
561
129
545
745
946
945
74
726
631
472
172
247
840
41
997
689
938
331
341
382
885
332
346
324
497
242
613
157
444
277
922
440
733
314
515
243
305
603
685
230
911
974
726
752
189
476
21
90
930
731
68
118
113
115
484
386
260
402
447
270
172
414
250
474
548
545
156
243
407
385
30
779
993
67
793
122
423
544
554
884
686
385
374
92
509
797
422
928
980
449
115
227
722
91
526
751
303
400
575
758
243
606
317
272
196
941
976
409
829
762
830
399
846
711
33
216
377
570
930
666
843
472
621
405
192
811
988
180
189
723
410
754
214
917
655
637
336
47
132
913
215
776
512
59
541
740
978
45
468
9
823
360
632
245
760
824
913
816
118
952
101
698
613
863
428
157
611
45
269
572
604
458
725
153
38
342
57
592
233
269
848
44
512
793
25
577
314
850
877
323
171
876
673
850
232
778
215
300
845
394
471
604
62
873
605
516
246
581
256
649
703
324
505
363
815
3
30
890
293
890
548
536
480
511
837
969
688
569
961
909
636
249
843
511
580
168
48
389
792
779
407
778
300
897
528
12
139
262
463
570
353
244
629
850
105
926
326
165
351
153
405
482
872
486
219
512
882
601
216
244
42
759
77
58
900
76
284
455
710
264
749
527
101
194
167
450
122
270
78
353
878
473
156
956
323
590
530
595
26
61
464
825
52
359
207
948
108
747
435
604
793
879
477
43
256
103
8
899
429
646
774
690
888
6
270
626
754
31
942
201
946
907
476
517
532
560
900
261
241
313
803
518
218
642
773
358
486
519
956
954
967
281
771
769
596
799
774
439
895
364
958
180
769
849
798
604
206
435
999
752
334
610
276
608
741
660
344
52
794
981
874
936
800
72
491
492
326
187
564
726
681
434
391
140
77
167
550
397
144
828
660
636
179
994
995
740
955
35
269
29
575
978
125
771
20
66
394
649
878
87
974
221
468
942
59
945
382
663
161
868
372
332
189
528
121
658
161
309
168
579
627
837
833
183
234
203
520
996
581
836
426
379
480
28
173
919
479
295
173
418
504
493
938
573
887
719
168
214
171
143
45
261
133
70
530
646
243
772
561
29
314
335
98
555
580
212
939
724
504
42
861
725
968
107
611
840
617
207
837
146
951
400
16
862
763
615
320
523
209
902
808
494
506
747
723
32
946
422
936
366
429
533
700
847
948
141
21
65
375
472
103
657
713
498
568
588
923
427
616
658
746
216
168
229
372
698
883
807
456
277
370
309
734
107
639
967
128
338
905
435
830
922
375
845
334
697
717
699
46
677
627
717
830
725
38
565
240
528
853
412
73
527
749
829
813
676
521
681
455
644
324
307
254
997
992
995
595
75
181
583
273
600
419
274
448
992
19
902
982
308
877
349
888
334
12
345
425
873
615
431
31
920
750
429
160
188
15
885
616
758
512
373
915
44
443
624
184
372
108
117
761
400
497
865
623
129
459
391
713
682
790
445
70
154
487
492
808
544
741
804
244
831
993
601
393
471
906
414
311
283
126
163
862
397
718
889
68
777
182
384
573
780
348
950
181
392
948
119
587
875
185
750
958
755
258
651
172
946
70
941
27
789
666
948
250
260
609
982
497
371
140
36
248
462
121
188
952
258
910
706
597
692
543
852
132
290
277
290
21
449
92
859
396
978
523
312
673
677
379
854
909
263
831
911
470
593
546
236
43
891
888
466
62
720
715
874
328
938
506
312
649
948
217
936
721
158
860
500
445
702
725
296
654
232
946
545
554
474
666
984
132
688
515
83
604
697
857
84
514
689
978
848
136
598
805
806
75
678
651
442
262
785
128
880
921
225
539
744
408
530
338
295
689
792
834
806
955
451
594
880
371
592
875
348
192
53
896
757
