219
566
247
373
162
752
652
425
122
61
469
753
459
867
160
435
237
91
84
125
718
204
904
424
335
120
999
916
879
384
884
958
368
446
764
109
879
557
511
932
723
920
896
124
679
726
981
247
773
807
253
663
860
212
320
903
178
901
280
283
917
454
82
987
746
468
9
469
121
871
365
609
176
951
828
147
817
314
938
504
392
935
438
868
521
406
778
610
173
176
345
928
105
938
209
591
66
704
246
601
15
545
229
293
40
855
980
517
720
675
477
743
901
826
850
122
143
263
328
268
146
687
80
200
320
653
783
701
667
844
331
532
645
456
905
727
565
628
804
786
813
832
300
714
580
362
319
206
603
578
783
129
948
690
215
65
64
919
454
44
107
383
329
628
56
890
744
666
166
227
127
790
768
349
124
987
443
382
674
407
443
667
81
82
833
860
601
993
450
408
22
634
750
291
800
932
428
315
738
188
65
693
599
881
777
170
580
953
20
444
789
415
751
150
502
200
809
648
383
464
