229
686
756
369
103
615
702
300
774
566
792
336
443
570
382
511
170
571
281
591
752
470
136
345
282
394
119
86
739
860
212
824
669
989
268
837
351
555
66
848
134
636
377
357
81
816
905
948
638
56
573
231
589
573
644
963
47
336
872
277
909
520
670
115
83
726
43
777
194
554
681
616
459
821
917
119
406
198
733
94
920
294
982
864
654
143
196
224
570
277
567
122
500
966
146
793
456
810
594
670
515
625
569
724
840
78
713
861
95
916
530
574
373
634
416
966
662
945
472
419
72
441
405
584
148
151
752
786
317
510
756
811
293
420
685
262
18
617
549
35
285
852
571
273
895
107
782
483
3
588
734
937
811
424
790
116
335
38
256
249
781
425
668
825
411
547
487
50
464
646
912
426
357
543
797
445
521
941
879
664
396
632
248
483
693
47
188
304
114
904
540
473
577
882
598
969
882
775
329
217
724
652
230
898
659
186
504
279
742
671
123
734
30
778
16
33
462
292
301
655
448
500
415
685
533
942
967
413
810
672
688
200
669
122
238
495
593
437
829
705
25
257
385
234
726
663
857
272
772
770
265
350
789
860
112
243
681
944
564
418
744
831
978
796
612
492
279
73
737
438
718
100
229
151
317
925
887
385
268
131
328
399
417
199
230
606
881
96
626
43
571
404
863
858
600
708
194
256
107
515
516
888
812
139
154
605
290
501
868
945
4
558
986
548
505
222
190
775
270
272
785
829
100
577
102
616
646
218
489
865
207
167
192
743
204
85
694
390
918
933
245
108
851
326
741
636
631
564
384
983
776
21
465
179
60
871
401
92
472
78
808
238
105
630
780
849
756
522
304
470
479
315
924
170
153
187
298
51
798
517
298
542
740
558
574
225
225
124
970
340
314
411
897
465
923
861
582
726
72
779
789
160
773
12
740
681
630
132
232
374
881
77
160
580
380
47
734
2
708
39
740
742
342
702
193
135
488
125
184
94
804
323
172
406
513
479
548
694
150
43
708
394
998
908
28
465
401
185
922
875
470
586
20
19
434
182
277
107
277
878
470
159
900
335
117
571
561
163
563
628
442
745
609
756
15
470
360
2
281
328
691
456
823
967
932
689
845
203
785
995
259
215
501
655
521
253
296
375
875
602
317
608
637
278
305
431
455
457
702
749
809
134
504
153
797
214
277
843
616
928
446
891
610
574
995
329
856
721
196
358
452
47
413
853
744
895
828
460
912
618
38
111
619
571
691
103
157
751
1000
538
355
798
186
325
351
777
30
626
457
199
459
380
988
73
909
883
450
295
731
763
616
848
825
986
525
405
703
311
13
931
188
167
839
733
340
868
395
768
607
438
953
332
594
536
33
868
105
631
730
703
728
103
456
473
15
186
190
610
150
464
207
742
111
665
210
545
627
11
599
642
155
825
184
309
547
391
485
41
686
390
176
589
279
762
66
220
883
532
492
918
942
210
181
861
273
660
290
458
381
518
484
693
43
653
560
202
93
588
796
886
743
673
851
690
59
875
844
359
201
436
304
282
148
877
734
334
329
969
582
959
688
626
485
772
39
168
855
110
422
337
398
888
956
215
890
289
500
964
686
428
493
69
74
13
390
811
718
286
125
676
636
961
771
606
655
629
394
962
488
940
487
472
639
528
708
4
567
791
12
532
403
202
862
667
720
310
729
450
778
68
33
812
539
285
134
241
379
987
817
404
735
693
329
676
110
414
984
956
547
445
687
245
72
933
144
116
939
125
411
753
362
121
377
878
600
448
134
269
510
199
333
266
84
344
972
575
102
289
207
817
887
881
251
294
873
439
742
75
20
779
672
598
823
124
738
219
540
305
195
14
994
607
285
371
878
787
614
452
9
264
57
828
963
277
874
675
416
427
676
336
348
454
312
310
99
269
327
375
254
491
537
828
789
870
197
433
355
44
157
59
977
838
35
438
210
44
112
56
829
354
958
795
810
602
489
140
415
638
625
949
862
750
657
504
267
332
923
207
888
94
