834
273
285
99
515
577
772
818
940
583
665
440
321
185
34
448
530
292
827
283
612
293
414
815
191
745
110
657
203
600
705
644
885
256
374
736
220
910
198
945
42
11
767
973
116
248
56
428
958
82
934
971
877
446
726
101
893
326
78
614
268
690
427
598
877
774
800
306
141
213
39
109
525
8
535
279
786
138
96
584
881
231
138
733
779
812
227
133
953
67
205
658
772
751
644
424
660
940
448
169
873
242
312
953
558
294
884
441
92
534
121
515
340
835
593
433
51
767
245
34
365
966
53
863
532
942
355
704
514
914
275
512
492
167
330
473
39
450
296
955
63
344
579
693
97
65
129
132
17
284
81
572
379
108
15
306
847
616
229
865
282
716
27
435
744
470
532
401
176
317
746
320
858
962
698
10
79
728
721
157
425
64
560
960
976
333
563
45
368
358
324
594
611
249
400
384
19
662
748
615
975
364
892
397
245
808
72
900
640
388
121
330
202
142
169
597
277
669
441
279
885
34
949
807
994
657
366
669
814
606
569
732
806
561
532
920
729
524
119
921
646
858
355
209
268
707
209
40
911
289
482
494
24
415
199
186
215
460
367
710
837
971
898
664
991
40
319
9
290
941
641
606
653
865
401
695
746
912
99
429
165
728
71
178
529
226
597
231
389
696
647
879
872
622
36
264
791
653
87
537
797
542
456
860
342
670
320
509
774
208
446
546
469
144
698
368
651
354
470
829
913
125
31
964
714
985
781
298
482
541
965
324
731
884
9
576
186
946
953
885
853
309
113
930
676
275
310
967
86
654
118
533
217
439
216
218
578
612
50
905
787
434
761
501
82
985
555
101
453
356
792
178
113
923
44
716
983
119
887
500
