815
353
50
829
391
931
608
214
333
343
285
998
666
366
535
36
784
653
16
67
12
459
682
697
110
967
572
324
832
942
156
706
421
875
863
575
51
820
970
854
428
520
793
359
309
551
261
284
347
862
445
616
311
792
308
395
406
717
139
570
416
952
757
918
576
137
864
353
196
821
921
149
165
834
5
659
713
980
153
831
505
170
411
582
934
240
226
903
817
796
700
665
187
389
999
463
31
730
596
967
197
407
888
497
784
501
589
279
355
431
931
463
504
612
383
433
511
874
778
352
821
989
169
608
929
226
353
831
618
444
302
337
212
901
451
773
210
786
819
596
82
165
488
917
431
447
112
641
825
248
209
475
798
459
949
322
879
525
505
869
451
174
247
379
887
692
439
70
486
197
322
592
542
961
819
239
252
204
603
742
139
743
621
753
842
709
865
153
698
887
282
572
123
412
977
845
506
936
70
571
9
459
736
235
345
909
641
159
439
579
277
183
859
849
106
602
170
562
702
270
28
275
667
427
442
526
789
846
786
30
598
761
569
424
28
534
264
748
488
578
847
647
687
459
602
947
435
803
382
530
884
856
183
834
667
483
6
46
904
913
685
180
753
334
660
413
15
676
552
742
245
311
684
562
11
958
42
856
884
999
699
464
632
147
296
742
577
847
582
639
