589
542
835
612
243
484
508
302
464
63
538
733
14
652
338
971
988
644
189
22
609
712
177
302
535
626
508
431
600
233
595
783
12
653
867
708
70
882
922
480
623
480
277
70
487
308
861
882
373
724
238
388
130
950
430
906
14
313
686
167
446
405
533
144
802
915
114
203
243
466
941
145
23
737
921
103
977
94
508
402
876
47
625
594
236
395
29
917
288
405
672
143
310
738
998
118
423
965
632
394
137
139
11
421
392
142
165
634
646
652
100
572
817
904
294
8
741
28
456
623
550
379
146
902
640
340
837
297
845
313
639
74
223
31
370
723
835
436
515
620
135
323
559
646
593
488
813
706
206
658
427
78
844
642
902
517
215
416
967
59
624
402
4
21
602
967
838
995
875
483
579
620
746
44
697
2
153
782
55
463
865
657
658
135
824
261
838
325
277
24
530
322
665
71
720
13
926
457
411
125
205
421
911
450
86
398
771
756
52
117
255
974
945
946
761
931
518
976
29
146
84
140
612
524
818
84
828
286
392
877
592
850
336
297
377
849
436
342
722
679
976
763
39
17
959
778
209
700
297
464
686
127
524
616
157
677
233
675
494
58
594
866
84
22
46
42
472
116
81
399
794
767
599
63
100
852
360
809
928
111
930
7
213
881
730
154
313
960
811
471
212
82
501
542
385
685
915
204
513
563
810
350
821
556
293
175
722
335
148
416
826
311
846
201
601
510
244
37
87
84
480
432
180
707
975
334
172
906
494
531
606
423
317
661
772
81
664
63
440
852
806
948
127
702
572
284
321
911
470
701
112
795
489
167
298
916
701
199
116
104
686
709
68
336
69
903
879
402
450
206
435
990
685
859
523
961
763
544
877
274
644
889
318
947
268
413
446
866
575
290
91
374
345
364
646
36
337
806
11
16
763
184
785
43
899
100
210
212
829
644
239
937
78
624
113
757
943
95
637
150
229
55
244
639
645
311
763
608
119
540
355
950
664
382
586
774
409
488
535
776
585
542
445
164
33
316
243
68
435
763
821
425
534
846
589
163
770
281
449
352
808
773
453
72
452
690
413
638
725
815
202
663
88
973
14
879
911
600
955
30
382
111
651
428
165
350
27
583
87
431
707
430
620
4
267
793
487
439
646
654
481
251
859
135
313
775
558
926
720
173
913
941
926
782
791
233
293
856
932
43
569
568
670
980
728
183
815
697
541
167
517
629
964
294
453
657
350
813
424
367
784
298
801
633
598
869
458
728
346
169
331
606
972
473
108
272
18
66
129
819
595
173
845
264
93
64
940
2
345
839
6
779
443
549
201
67
348
909
978
303
154
725
828
457
91
527
606
477
924
342
755
571
937
450
707
435
445
971
45
960
22
541
656
521
459
365
260
432
765
832
153
912
931
272
369
54
797
872
876
450
18
178
446
94
805
893
646
201
58
966
244
4
109
571
901
866
471
590
160
112
355
347
974
191
317
807
347
819
720
362
175
499
215
238
194
499
652
931
863
801
400
308
833
593
270
690
597
602
570
328
618
655
464
577
672
394
254
399
816
705
762
601
723
272
623
270
896
388
554
31
523
406
114
226
726
437
626
173
106
557
821
461
466
890
720
94
819
393
355
37
430
697
769
826
354
580
614
230
594
126
130
716
524
375
578
476
708
829
298
964
255
772
737
141
162
934
450
320
112
193
987
801
396
777
222
257
770
333
718
660
710
632
876
98
71
812
874
297
505
577
340
855
273
362
753
719
606
67
712
165
156
380
50
763
648
627
752
132
306
621
813
107
503
905
750
625
88
285
850
243
598
627
54
768
265
34
86
411
655
763
379
980
713
196
788
98
839
117
948
467
134
379
708
340
219
692
228
717
824
221
873
507
799
983
663
112
806
447
444
599
668
110
844
570
571
17
77
640
294
551
582
341
392
421
112
71
992
574
32
329
630
188
135
714
989
862
549
834
505
454
321
941
279
15
194
701
789
19
250
512
195
567
110
569
151
361
598
411
731
778
861
421
121
406
605
493
950
248
246
764
771
502
904
506
429
374
337
341
56
168
