546
822
401
579
505
677
565
458
696
980
562
629
498
496
12
148
814
344
48
745
938
444
693
167
507
572
974
148
432
946
648
343
210
684
782
516
615
994
184
930
553
946
817
331
638
952
938
827
415
921
979
878
306
601
119
383
583
565
731
210
781
84
980
209
798
723
629
321
460
100
321
947
195
743
181
67
392
954
844
527
885
338
281
18
716
343
883
919
937
94
14
10
45
422
878
370
119
988
111
333
31
372
155
804
158
881
341
286
436
859
90
19
778
609
402
834
784
242
805
596
483
278
516
208
311
423
797
9
209
906
169
276
249
563
242
780
240
517
42
540
736
813
669
779
134
967
776
281
501
852
660
614
541
57
89
185
442
305
514
402
878
12
641
661
846
591
53
231
87
896
650
970
289
426
859
10
665
80
374
91
219
883
8
547
743
716
482
169
466
101
909
795
826
776
790
497
907
386
975
751
679
299
180
175
597
563
779
482
318
373
990
4
758
943
321
709
314
867
871
928
811
383
832
557
296
557
463
421
699
855
571
664
641
411
213
659
23
872
61
400
400
659
854
823
646
333
500
896
929
609
314
227
232
321
447
81
501
949
538
163
373
622
118
334
223
845
658
665
903
500
598
828
537
696
725
349
31
579
566
41
311
920
675
930
733
998
315
106
778
96
853
56
658
661
373
715
490
464
154
566
84
965
411
604
232
788
176
589
851
493
527
474
443
802
315
711
913
204
284
716
94
274
530
32
743
518
864
330
778
223
828
771
995
144
159
51
362
268
867
942
844
437
720
250
616
161
861
39
629
120
385
336
174
438
155
672
571
945
674
129
477
469
612
103
421
189
998
191
573
29
