117
283
689
380
395
811
317
683
427
656
202
253
87
297
948
438
746
523
883
42
378
209
245
248
753
604
312
745
397
445
582
713
653
697
74
866
817
427
175
385
714
920
797
723
925
530
346
105
6
106
864
468
654
441
876
774
427
322
43
159
583
945
836
677
833
125
769
756
866
789
132
798
722
484
224
378
905
566
337
226
897
85
174
947
462
298
845
193
562
789
540
92
259
496
738
525
506
196
468
152
893
74
664
53
989
318
239
267
785
102
272
345
632
196
264
847
754
981
290
260
44
153
273
209
229
957
764
491
381
11
716
594
259
688
919
847
257
564
85
461
151
354
655
937
980
825
184
162
954
586
731
507
37
232
755
904
702
180
165
99
764
570
374
743
520
825
638
755
3
684
135
213
588
562
558
37
435
849
977
831
586
429
148
140
524
192
392
144
901
534
5
639
492
740
318
173
688
889
952
396
598
613
704
302
720
441
223
507
441
591
977
362
550
778
802
259
288
3
781
96
413
721
97
312
356
510
411
748
462
362
919
274
762
367
952
863
864
716
952
427
258
510
910
354
875
983
968
162
42
287
219
278
932
634
955
485
929
727
864
265
975
969
794
355
861
845
337
117
908
944
743
693
661
790
291
727
672
701
665
598
82
925
449
345
983
8
868
470
746
570
270
75
406
783
136
1
804
689
203
410
336
658
698
793
252
471
814
28
763
539
844
126
869
952
112
62
882
877
922
32
731
738
965
638
782
885
311
214
236
649
700
245
481
406
391
790
455
615
856
158
615
51
488
254
993
104
773
261
233
787
328
369
144
598
216
470
303
237
877
650
596
148
422
343
774
615
687
202
306
812
754
475
917
187
478
83
928
589
834
847
16
689
758
784
743
835
699
967
790
251
146
542
769
239
259
664
649
611
209
695
585
868
727
305
494
143
656
616
28
129
865
919
682
454
49
618
400
498
871
703
934
341
837
893
19
209
344
990
221
212
122
768
213
480
29
89
731
988
624
289
