875
768
703
321
215
152
656
307
782
742
147
731
603
47
416
885
349
647
32
149
233
31
958
378
902
882
881
453
830
552
712
798
599
434
845
700
779
69
193
716
612
234
374
291
109
372
585
944
258
269
123
125
356
947
526
760
255
952
774
995
285
850
303
959
596
226
358
622
338
393
210
567
876
884
974
964
190
655
125
362
860
635
50
262
621
962
615
106
742
601
872
895
972
6
426
906
883
996
362
523
883
746
459
721
793
745
947
923
814
223
630
65
858
522
619
254
827
615
905
218
633
980
966
99
136
850
86
859
728
180
625
225
110
399
709
422
985
748
606
807
616
891
99
894
658
679
269
814
982
725
688
647
433
145
509
536
146
233
81
634
694
724
558
518
341
428
435
822
634
546
638
33
536
217
207
691
278
255
451
97
989
640
36
120
9
418
280
276
739
811
981
959
485
828
422
925
224
488
190
635
670
124
683
663
912
369
159
86
21
974
312
805
444
687
14
449
219
318
735
132
957
237
849
871
895
478
691
417
974
168
295
973
147
559
924
925
996
108
525
840
576
156
810
402
793
306
420
620
373
501
489
373
713
136
853
950
862
268
403
382
238
812
884
247
979
68
857
808
486
753
726
503
939
739
648
550
368
810
144
920
420
142
59
631
254
129
299
896
121
392
