265
857
552
196
387
402
702
686
196
660
125
532
641
431
158
859
845
217
580
34
867
256
973
703
55
136
177
1000
622
52
849
617
287
253
742
435
228
304
912
295
101
229
402
832
377
73
916
465
289
32
569
806
225
273
705
951
564
604
371
688
913
844
780
140
941
1
955
684
63
610
19
506
743
628
989
899
268
282
351
226
791
673
139
36
582
232
471
81
622
324
406
333
737
729
72
407
683
205
82
311
260
189
924
736
643
194
721
931
171
700
719
139
835
90
297
512
708
952
852
241
682
263
819
915
612
35
216
395
188
321
340
52
651
311
223
114
809
93
547
563
844
136
190
479
428
628
758
471
907
914
831
633
255
366
65
855
494
692
66
700
106
248
401
999
551
255
23
747
920
660
702
145
258
940
726
608
654
286
268
181
113
461
159
33
862
362
785
763
334
214
251
608
239
908
579
937
215
215
705
201
