617
248
156
963
577
717
286
161
801
888
728
368
781
364
126
237
883
250
241
86
386
802
659
919
257
480
596
92
298
453
394
659
123
819
885
819
458
439
809
185
716
428
412
313
476
772
843
972
618
175
450
770
461
389
501
379
908
40
827
478
57
173
139
88
47
715
911
753
840
814
111
421
4
671
623
376
538
275
428
652
903
503
105
925
281
623
814
48
111
176
732
171
250
291
309
532
416
611
370
810
846
398
215
952
794
310
154
513
464
992
807
960
308
884
577
198
733
954
300
476
291
973
982
228
151
386
573
797
805
485
285
852
90
535
693
501
154
539
273
971
207
122
126
370
176
588
370
404
215
678
297
373
260
817
539
724
696
630
187
236
292
170
563
225
676
646
267
476
38
572
452
729
573
326
333
909
363
708
577
395
535
973
482
926
813
74
474
130
916
282
575
823
836
527
9
214
94
664
778
590
829
931
973
310
483
206
28
656
138
483
362
530
274
483
993
774
157
524
148
395
469
722
447
750
514
861
144
815
346
3
714
336
265
873
84
311
505
296
51
564
636
299
491
174
62
151
513
127
574
579
404
474
397
364
350
854
129
981
795
596
452
14
952
409
571
483
891
560
984
366
139
596
152
434
358
571
185
86
313
510
839
641
468
113
989
382
273
250
714
716
370
819
230
643
877
357
364
525
793
333
329
206
163
870
647
655
651
245
796
368
805
802
570
116
755
56
486
603
139
645
149
543
500
951
894
864
999
325
293
254
257
695
737
797
465
734
8
340
46
892
852
150
780
890
345
121
782
983
352
656
870
305
912
988
680
777
902
185
408
936
515
132
160
14
892
6
574
41
664
826
352
684
831
867
726
240
189
517
300
426
208
143
941
950
944
742
167
163
87
537
323
429
519
960
505
36
564
793
933
95
782
734
105
158
644
704
796
657
127
317
868
431
231
584
888
767
872
496
613
230
706
738
312
29
58
900
659
725
631
567
606
663
677
336
664
447
224
499
39
862
513
729
200
488
248
193
143
464
64
859
463
480
893
635
456
451
342
541
17
697
159
602
48
40
409
829
325
309
961
255
377
260
741
719
884
481
689
194
902
525
809
726
881
593
161
539
140
622
297
952
110
424
982
480
842
849
205
492
783
363
