439
835
89
759
563
630
433
683
449
266
519
479
788
852
170
137
169
336
753
286
279
509
240
26
251
762
766
976
475
713
637
371
894
645
531
70
754
976
288
221
292
909
613
639
374
870
430
978
502
101
698
157
204
851
513
97
335
510
454
578
704
221
215
965
751
800
159
426
765
437
513
164
378
917
401
879
40
322
225
801
63
363
290
964
950
706
596
717
435
531
522
438
832
916
113
234
321
522
472
573
650
115
978
782
554
999
572
782
489
150
784
335
348
796
126
340
429
492
898
938
132
542
91
595
933
342
559
303
847
971
415
172
330
129
835
544
50
136
217
250
906
209
911
977
107
350
98
939
649
534
284
313
80
281
466
692
517
916
122
582
462
449
677
257
889
93
104
322
292
779
80
422
410
710
57
707
399
781
128
937
860
885
338
713
976
268
14
398
546
508
448
403
974
112
412
602
923
171
430
191
374
377
125
702
399
862
939
893
490
172
865
372
947
129
826
252
708
110
238
754
963
409
283
675
137
790
491
486
143
321
522
794
979
629
175
826
918
898
38
693
155
84
31
745
180
163
926
225
982
997
341
931
316
246
568
338
156
993
701
43
960
794
660
801
863
982
182
431
77
803
662
301
709
423
560
797
8
129
987
603
67
371
269
507
473
990
745
230
432
633
274
444
1
671
57
539
345
686
590
982
875
909
5
60
712
306
329
176
671
731
913
155
234
217
724
281
935
254
844
680
546
487
118
520
445
364
918
102
706
383
250
703
590
890
375
996
784
882
196
542
413
777
633
779
342
586
970
786
55
941
329
744
664
724
503
60
140
322
979
149
849
275
799
967
380
746
68
693
905
306
402
398
523
341
42
956
192
86
496
481
20
102
306
453
978
499
910
170
350
676
461
40
604
754
428
821
613
952
54
94
357
764
698
849
246
194
950
603
901
303
111
727
502
304
815
511
508
101
101
650
777
624
85
589
116
428
636
692
372
320
184
872
768
316
202
504
713
56
365
305
586
765
577
124
532
69
852
502
175
902
