463
949
871
463
930
479
382
94
543
219
197
137
948
34
483
823
208
324
940
66
569
84
926
644
435
291
698
399
362
572
242
284
17
578
1
932
489
998
86
92
434
180
583
371
956
387
59
480
413
177
179
87
333
127
64
354
705
640
331
251
948
360
216
685
39
756
245
648
991
800
776
762
422
824
654
796
45
189
682
802
277
109
320
862
988
169
496
371
681
790
519
871
168
733
356
310
541
457
769
447
305
180
719
873
145
506
843
540
742
460
302
874
599
747
398
356
77
98
746
862
92
357
68
698
601
369
569
973
872
493
616
125
354
109
96
383
419
509
717
659
700
596
840
721
808
167
176
223
591
19
266
971
785
596
225
38
803
313
688
141
854
849
329
841
403
437
842
819
178
756
476
965
450
315
843
853
513
80
212
340
458
590
762
207
197
258
611
820
533
45
899
104
145
622
720
263
795
355
971
780
417
820
777
883
64
593
370
176
300
179
557
497
460
409
474
210
968
324
842
419
126
509
180
411
821
666
686
160
904
763
97
382
257
839
319
300
727
382
624
252
179
946
931
624
739
346
290
659
857
516
877
465
41
62
145
927
23
953
983
283
255
76
947
194
878
65
642
831
194
19
117
11
697
860
630
883
647
604
106
807
895
97
171
794
591
166
641
586
457
504
440
932
495
923
746
129
98
862
735
361
142
398
939
341
106
788
733
850
536
919
530
264
322
481
270
766
398
198
634
902
347
306
937
20
403
705
497
843
700
638
802
911
181
47
19
719
182
905
747
673
137
398
949
536
127
542
319
922
781
711
221
517
612
785
359
506
222
923
668
340
737
198
311
600
543
683
234
604
373
447
253
855
486
310
496
471
140
665
302
57
886
411
474
224
316
962
641
909
898
266
705
397
991
826
722
881
506
783
55
928
666
12
700
106
586
438
219
599
802
14
898
195
408
318
894
539
359
850
103
234
459
453
95
650
622
38
609
11
324
581
314
512
715
724
704
922
48
742
732
213
944
110
821
552
196
511
257
484
258
232
863
626
931
250
166
597
737
173
588
437
504
617
457
931
39
480
881
16
338
467
446
187
993
873
687
822
977
659
926
878
815
6
237
715
178
853
324
808
746
979
964
793
492
389
715
456
211
988
683
169
857
334
309
990
302
418
573
503
222
142
452
89
576
969
517
841
882
289
506
121
631
48
572
604
32
476
115
99
44
49
158
698
583
720
474
150
80
448
213
457
315
898
213
92
281
489
286
152
561
945
191
812
431
149
307
564
425
598
710
324
710
737
105
778
998
723
979
176
71
234
308
482
396
309
400
57
443
345
74
141
856
832
126
120
658
680
63
622
336
612
782
940
646
371
943
741
461
528
826
741
86
17
982
247
684
291
646
320
869
995
824
325
899
101
716
431
660
185
393
236
915
498
297
848
355
319
39
167
829
226
317
677
36
513
590
328
914
157
175
268
816
774
872
374
363
396
691
565
890
934
348
477
125
565
795
556
610
404
159
832
694
139
21
118
791
169
363
933
937
488
212
971
632
744
796
847
271
723
664
875
876
159
47
802
719
764
604
862
594
537
362
794
999
901
91
395
659
18
354
201
952
343
93
647
718
668
915
571
772
976
815
970
947
827
624
946
160
157
187
400
