575
345
970
15
773
511
337
565
610
433
758
612
702
60
969
826
825
62
143
239
771
384
451
95
656
988
51
355
310
769
169
846
600
309
596
761
976
305
517
576
630
885
216
770
693
493
20
304
81
29
38
664
428
823
585
686
396
182
709
548
172
282
607
495
957
248
560
820
206
223
490
802
743
298
5
910
542
552
287
466
318
957
110
412
971
218
361
331
740
97
571
696
46
836
141
837
632
322
362
398
938
550
448
603
323
95
930
512
226
63
698
547
616
403
927
969
152
65
200
277
88
707
556
129
328
74
143
644
460
928
234
386
415
762
113
148
733
9
874
516
736
627
409
795
850
272
68
562
518
744
793
512
49
797
275
87
585
997
956
375
566
938
565
405
104
732
189
85
795
397
984
30
167
598
514
606
792
296
254
886
496
942
785
431
671
872
489
252
656
848
891
240
131
992
156
178
709
518
86
179
312
159
150
217
695
66
200
823
176
912
575
596
542
366
872
761
958
960
270
730
164
35
892
468
168
321
197
820
323
147
734
593
442
196
653
957
78
529
501
48
127
616
983
5
343
858
627
339
804
926
132
593
903
868
283
858
637
810
252
888
233
870
47
614
356
387
368
18
843
741
386
446
228
806
974
215
132
534
607
124
398
965
19
891
759
918
317
253
156
241
932
128
775
509
925
165
169
411
547
374
889
337
122
158
265
147
779
459
946
868
618
463
697
242
829
208
977
879
351
120
725
307
907
143
460
824
14
220
900
898
354
784
260
479
260
288
969
827
17
261
418
470
339
174
151
90
639
997
583
328
21
372
645
433
219
678
186
540
754
276
990
846
407
983
823
813
813
416
938
223
482
268
517
293
892
34
571
499
669
52
265
553
720
743
39
909
412
172
151
947
36
769
131
311
32
557
126
702
989
545
41
851
643
385
436
294
102
80
820
150
863
708
376
331
824
37
598
273
993
209
964
525
567
624
354
191
440
640
382
879
803
504
986
724
212
938
303
641
568
702
619
472
912
93
961
573
111
293
306
235
250
609
892
292
881
671
237
571
739
124
478
230
996
721
653
412
986
18
776
26
454
376
275
644
637
386
794
820
172
875
954
860
205
586
879
306
267
136
305
493
814
855
278
145
619
610
478
742
650
732
933
49
543
985
477
472
231
390
304
292
838
359
59
470
262
633
2
355
585
945
926
845
474
183
396
719
891
714
763
968
198
227
710
432
770
904
479
542
792
371
