591
799
365
33
932
145
436
56
411
16
700
145
211
396
2
643
966
751
67
285
856
358
677
287
267
331
544
104
334
162
493
130
433
545
347
239
899
990
23
846
369
541
577
801
391
631
359
822
726
27
158
435
424
608
359
783
383
711
172
472
191
187
59
198
187
160
346
118
975
616
695
252
31
960
315
876
421
745
879
708
352
94
811
289
931
48
550
663
104
930
356
192
698
261
758
777
303
891
305
235
826
256
464
471
291
35
387
483
577
108
413
771
564
22
932
174
756
316
138
829
949
733
728
100
271
922
268
903
992
402
693
533
857
885
473
401
447
299
929
398
699
331
397
423
284
880
305
245
132
325
429
695
962
541
582
197
748
825
144
189
813
989
476
386
537
186
756
318
77
969
151
327
704
455
242
298
301
277
704
102
979
68
806
590
722
36
601
937
84
952
210
752
597
578
415
876
656
624
434
444
719
863
900
294
367
191
738
274
490
939
895
154
887
248
918
803
125
641
322
980
737
357
513
201
946
183
970
687
176
128
29
140
101
272
172
475
895
624
177
148
201
114
584
777
526
182
728
236
913
76
