95
238
108
139
378
929
673
99
914
822
251
23
530
715
915
87
924
381
997
506
930
992
131
532
752
520
262
819
644
768
11
682
507
5
105
665
961
458
152
57
617
659
362
510
963
481
460
973
555
228
193
504
447
425
366
931
101
201
552
955
844
737
521
616
453
585
328
847
222
384
963
60
983
305
397
449
45
63
832
456
213
674
216
546
682
492
885
470
621
941
503
80
964
104
321
733
235
432
83
690
560
271
344
622
502
609
206
333
292
971
883
144
922
156
799
450
750
683
396
142
357
415
548
537
601
683
770
668
421
978
90
523
548
862
318
717
533
567
16
485
566
154
211
458
853
485
557
712
661
832
815
668
98
217
499
304
942
533
430
468
124
972
234
307
939
908
743
303
294
696
476
383
459
371
654
572
159
387
197
517
502
37
199
810
221
90
29
163
24
333
866
666
795
836
249
969
668
973
545
819
814
696
534
557
725
415
592
905
565
277
480
290
762
503
536
407
194
707
993
129
568
431
77
817
597
395
215
241
370
909
532
974
560
996
825
4
866
278
118
143
639
670
489
606
343
281
324
635
830
946
642
447
344
565
898
971
74
812
85
296
436
248
260
431
459
151
528
121
344
806
212
917
592
812
804
651
886
412
761
130
408
920
745
594
642
319
114
762
884
25
622
476
979
939
203
340
580
276
545
473
94
381
932
57
578
488
562
260
944
827
685
721
415
509
359
70
888
196
480
342
75
530
776
821
106
777
671
718
471
306
312
894
302
727
364
45
895
253
59
707
851
982
698
849
562
763
336
23
214
748
977
408
223
217
102
727
977
703
873
896
169
696
267
336
126
89
86
176
310
612
735
928
99
511
30
308
470
802
361
610
549
602
779
230
273
59
839
510
147
262
426
872
601
952
129
673
742
809
601
928
556
931
604
530
817
99
152
786
740
996
94
243
4
54
590
845
811
955
146
934
355
856
136
439
426
617
974
195
651
50
778
304
5
322
499
930
757
378
647
753
879
107
673
866
833
516
61
842
41
643
302
39
250
335
982
580
351
899
357
606
306
30
933
75
505
113
472
299
482
779
524
346
496
595
821
365
954
602
773
126
274
992
944
61
102
602
12
229
410
153
542
768
630
618
668
675
200
93
731
763
513
349
856
293
186
438
189
924
200
126
848
82
487
884
860
451
739
180
84
856
868
891
430
716
148
491
185
901
257
255
241
278
130
722
643
111
728
250
359
149
590
325
849
34
652
865
709
224
649
25
216
703
48
243
382
734
457
957
740
719
862
187
424
764
999
944
362
466
376
67
557
338
278
985
827
886
640
917
166
321
215
621
72
950
899
796
998
817
690
191
852
609
197
226
895
663
148
140
975
267
503
615
140
199
66
422
578
654
859
232
579
444
149
567
511
260
173
201
985
254
839
55
700
567
308
837
452
208
212
242
63
60
596
673
545
134
224
700
647
775
651
57
555
138
62
742
656
725
366
483
190
218
646
229
49
456
959
456
810
314
917
681
449
933
251
359
796
111
97
111
381
105
29
663
730
84
505
416
138
752
844
631
729
588
216
199
896
827
803
327
737
955
598
488
186
562
370
964
764
77
823
729
305
686
159
236
157
471
833
493
295
933
581
509
261
981
685
94
389
472
615
882
949
744
301
228
572
772
423
584
874
593
880
590
742
780
451
407
131
89
64
228
162
187
866
629
950
804
892
926
448
976
269
319
850
374
895
899
481
511
508
46
174
169
540
824
272
163
126
451
407
855
872
381
668
863
809
289
473
740
960
389
80
548
89
406
20
442
604
497
236
301
607
749
567
209
69
277
94
169
10
942
745
141
301
669
79
276
486
500
161
384
55
849
843
662
894
275
783
191
870
637
893
467
167
425
350
764
466
162
96
43
36
49
282
675
818
550
923
970
117
154
828
992
10
575
369
737
235
390
431
699
598
187
65
353
851
308
59
601
87
641
90
890
62
456
808
291
3
964
852
393
488
470
232
862
280
649
276
776
472
509
827
941
421
966
331
987
575
334
449
772
870
91
742
332
923
870
82
255
