679
932
793
300
2
375
545
76
189
814
179
348
382
795
474
631
424
119
580
519
322
338
934
701
933
254
209
287
263
448
979
622
843
297
705
262
972
584
663
177
153
870
519
729
714
195
312
536
794
248
617
689
141
445
226
184
63
859
251
505
260
119
242
787
943
967
319
290
431
816
428
720
113
428
79
124
885
21
31
883
613
867
840
593
859
313
154
494
362
114
716
489
711
50
507
182
646
29
163
379
314
43
470
511
355
309
299
163
197
646
175
135
687
34
329
277
118
621
990
472
563
705
946
420
498
305
465
329
103
321
153
166
848
237
533
735
273
411
748
409
359
640
582
456
727
717
909
16
187
313
951
816
637
481
483
639
672
10
956
899
582
395
189
769
838
759
733
140
567
686
768
483
372
857
203
668
265
107
94
716
284
513
506
950
704
547
74
895
191
5
486
742
522
784
908
219
382
726
848
203
779
203
59
8
553
139
95
819
948
591
166
406
727
933
951
605
179
691
945
618
377
592
527
83
474
887
932
752
32
282
32
128
567
474
931
880
596
973
550
78
618
105
52
41
822
542
102
340
884
485
490
411
931
878
788
67
269
8
414
770
961
728
894
475
334
484
88
31
423
244
478
643
416
682
318
533
879
362
727
177
763
550
959
291
719
104
615
362
633
265
755
510
312
344
895
136
465
852
306
292
641
976
55
793
295
907
712
538
105
596
78
656
601
679
353
713
167
866
867
27
869
267
194
387
592
646
965
933
929
207
180
626
254
950
2
378
555
171
774
91
739
53
381
611
908
177
632
193
404
259
230
181
288
539
365
444
560
757
840
410
182
554
571
66
485
210
519
184
503
564
677
410
396
619
403
802
346
688
387
73
522
568
384
379
449
933
309
263
767
439
835
135
720
591
749
481
423
932
390
465
565
622
946
28
63
854
36
777
954
370
142
294
913
326
473
187
966
168
587
249
880
885
636
130
328
836
751
148
152
581
811
839
784
42
716
570
881
529
850
475
674
947
786
870
932
821
143
392
289
822
135
572
593
934
407
270
915
27
747
24
843
212
785
824
534
382
906
856
457
604
750
547
432
666
825
50
525
670
636
857
239
772
711
231
713
67
501
477
714
752
732
591
564
48
44
842
927
258
758
173
848
138
241
580
866
192
661
71
970
4
274
818
46
580
706
839
712
791
161
412
590
427
414
293
390
372
738
306
448
886
599
917
779
372
673
728
654
257
163
941
680
154
61
602
486
801
205
38
541
599
907
557
258
957
540
177
797
720
6
566
493
310
712
829
368
454
67
301
879
271
590
315
783
717
614
200
434
290
926
103
71
532
838
95
967
898
546
293
207
2
928
129
993
102
548
352
748
787
574
953
326
299
445
468
501
289
565
541
957
972
235
438
563
974
305
173
61
267
55
976
783
339
843
113
945
430
593
53
425
160
757
840
256
347
528
844
160
817
811
304
918
343
786
450
920
775
576
189
804
853
456
512
354
539
748
216
741
273
987
372
164
810
313
891
513
997
380
963
260
320
766
546
506
892
588
109
796
78
277
41
124
450
374
427
729
302
268
384
244
84
125
9
49
36
471
799
191
359
303
138
138
964
373
535
851
487
332
557
529
607
436
905
986
244
442
650
399
820
719
499
189
519
148
885
345
619
600
286
784
266
850
20
5
737
376
679
793
203
911
227
323
708
254
221
705
601
298
955
308
471
166
337
279
922
859
69
250
985
4
456
351
934
949
61
82
804
98
427
186
396
551
416
313
577
369
473
420
9
338
64
798
818
232
683
379
593
381
816
709
190
985
667
871
509
315
686
378
356
942
185
385
416
148
84
505
935
860
383
588
683
435
694
889
814
68
140
362
609
205
720
215
544
372
144
738
820
101
640
199
192
910
864
585
434
149
234
733
849
790
197
351
493
970
227
690
944
476
975
892
899
64
376
200
757
13
501
843
73
394
767
458
188
269
463
705
2
432
357
619
641
704
603
181
774
156
879
996
542
679
708
295
511
187
620
157
687
153
580
974
950
436
871
835
142
916
263
218
685
954
402
776
892
433
379
936
984
991
650
657
650
461
751
634
366
823
840
945
1000
623
286
110
826
243
670
760
592
679
124
856
841
426
898
692
129
927
913
903
131
53
541
284
537
724
710
986
746
945
184
868
986
307
426
540
852
596
351
720
276
661
504
32
999
453
602
874
973
758
650
418
439
870
370
677
527
930
629
596
791
699
698
261
514
964
66
302
378
512
409
701
885
