193
913
273
222
103
481
335
936
157
257
428
159
692
749
275
949
441
63
869
261
429
819
763
432
853
378
821
192
187
992
296
211
768
794
108
341
888
856
637
177
850
206
932
502
541
649
20
162
275
209
799
755
624
41
155
382
217
646
449
700
644
991
957
483
427
561
369
515
275
238
47
333
730
226
472
995
130
650
587
485
229
830
378
289
916
727
774
775
802
900
702
37
291
796
709
723
255
508
814
807
998
878
7
762
424
213
433
773
277
79
444
370
851
137
266
707
511
674
2
293
635
238
653
136
354
946
14
873
875
704
619
622
572
568
222
655
134
505
742
982
456
963
832
407
156
786
434
725
993
425
494
46
2
302
985
700
996
206
445
522
719
171
577
973
911
83
955
796
639
792
813
845
371
263
109
759
417
79
532
368
645
469
845
850
570
311
878
953
112
959
669
629
289
431
328
462
290
232
498
549
381
636
983
348
22
6
802
512
583
836
93
739
752
343
517
626
872
683
822
716
461
983
669
368
257
885
937
607
271
511
631
408
932
252
67
66
977
361
780
761
412
513
180
845
867
16
37
906
791
505
839
224
820
664
869
170
373
935
635
129
439
222
553
785
615
886
356
166
816
40
662
27
955
97
237
469
8
804
366
504
288
149
79
68
357
711
365
468
796
188
89
880
665
276
64
262
881
922
529
675
289
820
243
151
573
977
309
460
436
385
953
893
915
924
659
644
932
474
182
972
718
199
752
715
963
510
824
486
321
810
157
296
927
905
747
455
38
206
30
149
601
841
378
470
298
626
858
934
511
317
499
679
119
132
482
437
656
633
594
47
7
383
370
461
453
174
2
563
275
126
220
280
765
621
907
853
670
710
136
372
219
771
283
218
364
794
551
855
164
819
177
770
438
379
776
561
348
430
651
329
922
392
971
891
915
24
987
220
999
716
422
14
621
469
460
380
662
345
185
488
322
157
976
905
528
281
500
509
676
386
109
80
79
941
895
188
821
810
916
889
753
502
690
480
416
17
2
323
467
298
904
267
562
522
860
29
17
239
595
466
511
502
558
732
493
443
401
400
699
108
747
858
760
548
408
102
346
543
556
996
317
706
930
355
610
489
934
400
252
380
996
591
259
663
593
591
149
827
930
63
817
992
592
28
697
952
170
540
840
713
