773
339
394
872
884
683
432
415
93
65
703
94
118
518
370
346
931
979
519
532
765
497
576
621
848
177
564
577
996
149
841
189
139
797
272
941
41
813
440
254
667
14
800
812
890
878
933
172
880
427
595
718
670
175
862
113
515
801
514
974
404
607
750
198
256
362
717
417
131
865
446
701
538
789
295
891
72
232
879
239
145
159
238
240
463
927
573
726
59
348
954
610
921
187
243
886
416
640
848
339
603
207
256
275
887
231
704
872
632
850
412
900
386
98
412
991
267
730
211
178
219
335
993
910
138
642
847
254
318
332
241
459
821
339
60
717
268
315
972
257
976
69
120
353
157
469
934
545
204
34
968
279
776
765
414
61
469
756
484
877
321
638
792
461
60
930
159
73
479
353
604
968
3
365
770
297
306
892
208
390
172
387
497
713
171
952
313
948
249
832
406
907
776
990
680
796
436
398
630
700
359
332
930
114
892
750
369
331
147
269
341
242
958
615
593
503
550
500
433
227
348
56
501
748
677
238
977
610
24
968
590
173
359
252
521
51
92
690
272
925
89
540
976
457
836
131
936
551
702
572
545
709
265
847
149
556
916
155
78
201
559
751
234
332
611
435
910
404
989
679
145
814
174
587
13
311
878
945
417
483
209
14
54
87
542
926
78
760
354
579
305
615
105
459
27
742
771
516
703
595
127
307
842
226
831
330
7
14
403
779
93
586
576
47
918
186
32
329
251
868
326
478
122
482
702
580
864
248
854
498
374
950
188
965
345
383
556
242
654
864
983
628
495
551
894
9
148
863
371
435
683
587
130
219
819
138
380
207
654
567
53
834
950
450
166
788
37
124
297
366
693
559
405
885
422
720
57
670
835
401
933
782
451
266
112
29
831
502
121
842
419
421
905
217
397
443
483
962
185
150
132
177
427
143
188
591
629
424
923
208
566
485
403
717
977
337
615
267
760
509
445
689
969
57
139
264
343
107
516
997
209
118
397
338
79
540
395
974
92
820
258
999
141
913
467
666
690
818
341
324
38
519
991
189
789
85
108
326
820
552
277
987
279
203
111
389
233
251
222
640
596
143
479
97
981
340
970
174
877
306
423
37
905
525
411
286
262
889
459
993
394
765
320
304
765
471
280
922
794
69
308
181
177
936
719
496
528
984
842
32
