661
468
400
631
568
143
769
973
279
923
501
768
447
853
382
513
745
742
984
358
553
321
205
368
199
641
609
548
236
36
846
484
296
130
139
616
368
920
831
347
85
145
536
8
596
380
417
737
203
675
633
427
890
894
693
937
6
236
241
228
755
338
351
681
880
51
760
356
631
966
231
121
827
689
837
509
330
576
353
828
560
698
403
969
135
630
494
532
102
504
196
683
724
758
362
555
664
135
258
380
739
332
519
427
240
292
999
496
708
248
178
318
397
971
93
841
901
920
521
713
641
779
240
477
640
88
570
590
222
919
498
332
190
868
124
686
90
602
248
56
7
765
316
656
666
939
114
706
487
414
622
301
956
539
484
278
428
352
557
891
364
617
681
740
111
581
83
854
209
30
355
469
234
67
495
746
32
317
726
82
833
632
82
158
30
378
248
369
480
88
820
580
939
504
280
62
265
82
454
562
