134
562
29
917
474
562
98
607
885
749
235
124
241
745
833
456
69
276
792
176
596
970
145
43
744
158
807
37
928
340
939
735
224
183
91
441
462
652
6
318
329
318
586
266
194
195
687
444
640
504
910
13
543
936
334
957
214
286
502
78
876
425
766
65
650
30
538
107
833
706
826
299
373
198
5
590
835
630
853
192
781
883
201
183
343
797
114
917
776
981
588
677
324
707
535
443
214
235
951
726
84
178
883
428
916
969
258
543
377
138
814
297
545
577
410
876
41
425
169
667
859
104
799
874
129
476
730
542
889
391
817
906
754
733
942
691
260
765
477
880
653
401
53
406
871
400
800
116
17
233
663
967
52
813
710
307
644
689
870
735
341
609
813
36
397
436
243
479
202
37
114
643
184
448
727
918
423
883
716
966
685
991
517
575
306
428
178
54
295
177
703
896
147
243
166
52
786
435
942
472
207
954
179
31
655
16
419
857
388
925
587
739
357
396
449
960
351
576
376
720
626
217
442
422
624
178
678
668
240
749
185
11
258
41
833
502
291
878
905
611
949
622
832
241
547
708
896
729
812
261
830
991
816
358
741
864
195
528
997
906
167
377
426
193
324
750
152
132
430
302
803
558
88
843
767
123
471
810
601
680
488
282
210
406
442
997
77
167
851
829
204
253
838
487
495
168
553
431
307
273
716
516
882
991
60
675
154
341
47
797
185
76
753
231
369
205
5
780
748
463
676
769
245
571
72
82
381
354
434
380
95
628
943
95
113
960
617
271
411
118
591
491
543
953
252
660
544
507
63
61
412
718
972
156
388
913
209
434
123
544
941
751
954
90
347
153
233
931
334
434
933
755
255
170
732
209
130
814
430
435
341
772
986
137
630
973
85
915
902
616
101
946
760
697
969
744
221
52
912
809
345
771
129
574
690
736
886
392
594
162
793
131
616
10
145
903
824
500
536
567
700
913
701
459
153
139
349
982
734
520
634
273
536
852
288
499
659
424
663
827
330
493
855
128
480
462
557
944
887
413
443
161
906
435
99
311
421
931
926
85
802
684
466
674
716
406
368
409
846
514
557
87
53
11
252
702
657
983
998
465
923
337
838
62
610
410
598
648
422
579
45
446
953
553
728
171
849
568
157
248
856
424
234
458
441
77
6
838
613
613
948
509
88
510
570
573
250
817
182
416
63
161
738
808
713
804
199
221
977
384
610
994
976
587
978
440
517
833
134
759
340
822
385
559
239
141
618
229
847
364
849
997
962
172
487
598
813
986
472
512
860
449
514
984
1
425
455
250
769
787
429
308
696
255
768
836
203
383
437
473
285
627
719
167
418
489
535
451
146
131
287
55
682
607
438
862
384
996
319
286
737
356
725
493
658
191
943
144
141
45
103
953
371
69
438
365
309
173
668
301
914
786
941
59
782
477
640
847
974
512
272
349
27
941
156
381
798
319
114
177
