664
337
720
437
19
801
982
926
952
103
963
463
421
700
941
234
448
473
504
332
936
552
294
922
35
695
53
959
261
848
955
347
13
422
565
844
989
491
290
786
55
866
625
502
125
588
913
891
911
548
32
311
457
327
428
77
111
239
812
698
485
429
650
968
269
112
475
683
317
572
405
915
865
315
422
879
907
734
292
488
548
95
907
385
413
105
573
792
249
52
368
184
561
992
214
109
553
245
287
123
469
676
458
789
865
442
268
765
628
774
355
133
853
376
560
170
446
1
202
291
757
396
916
538
180
583
454
580
823
808
394
673
92
520
397
536
115
336
123
969
702
115
880
552
748
189
440
306
518
674
772
114
846
856
580
367
1000
362
327
213
806
185
970
23
834
377
560
46
154
277
155
440
938
433
639
6
573
89
835
794
991
894
210
152
949
465
398
783
301
150
16
153
997
206
520
166
303
844
357
934
989
170
813
205
286
173
488
99
449
434
668
183
175
160
865
138
428
241
424
462
322
22
554
663
291
82
564
736
448
580
40
228
897
301
313
26
395
69
853
129
775
825
19
913
302
726
622
95
835
768
176
671
913
559
347
495
389
905
90
127
23
415
417
109
38
883
536
680
686
185
