484
596
293
194
995
741
65
987
151
872
272
892
672
903
829
396
884
68
770
338
874
930
730
639
527
469
328
123
813
863
679
456
606
313
716
29
527
649
657
446
828
761
879
289
104
129
583
676
374
18
290
10
998
874
638
803
743
500
658
239
701
624
576
740
355
601
432
356
398
783
710
414
280
24
364
113
371
452
81
563
257
813
969
30
554
47
221
687
949
554
653
420
663
93
596
915
724
517
724
937
354
558
143
219
560
493
526
745
169
145
830
949
71
854
568
288
373
53
82
101
288
331
356
386
567
61
301
908
119
324
217
812
793
614
833
348
407
42
268
477
355
430
669
712
904
141
886
109
283
53
590
392
289
558
383
821
427
697
300
908
257
674
311
564
359
577
187
303
226
838
454
442
58
32
185
140
525
921
66
169
389
360
879
977
244
703
778
488
417
151
55
619
719
612
652
794
851
49
742
378
667
957
224
310
87
302
646
501
154
697
294
569
159
389
983
814
162
1000
888
811
364
17
522
730
426
471
418
260
303
327
700
726
981
338
200
558
375
27
99
444
958
623
546
818
755
602
737
749
501
754
19
628
838
790
413
944
340
431
158
452
363
159
967
18
86
673
112
869
696
556
286
407
49
987
705
393
190
174
456
419
11
997
252
277
66
397
664
283
585
716
205
334
509
886
258
718
942
454
481
844
791
598
869
98
302
821
661
992
15
504
156
974
464
366
92
195
282
939
705
383
818
637
513
538
70
237
662
287
463
924
749
682
115
375
527
245
204
746
20
899
644
496
976
393
765
966
774
305
357
77
618
268
757
124
330
867
878
119
379
60
533
827
783
412
605
84
442
999
859
114
859
768
745
408
282
261
921
974
315
367
878
113
252
213
676
308
825
842
936
590
460
70
604
732
416
720
356
420
421
596
50
127
187
666
541
774
240
487
996
852
367
389
84
899
929
23
731
472
363
514
563
596
809
51
330
84
135
347
933
972
177
43
448
107
647
461
931
651
504
963
751
872
32
518
480
371
413
89
471
173
924
359
926
395
962
121
18
914
546
613
452
424
565
663
760
8
28
107
825
600
343
596
409
94
728
522
200
36
184
973
139
30
354
821
733
483
295
127
474
71
247
18
302
11
197
579
6
392
36
269
172
969
975
567
825
32
516
683
79
443
844
40
94
219
930
968
964
236
727
54
398
591
864
620
599
763
640
588
14
547
343
481
419
598
680
452
875
341
790
959
907
625
237
244
985
662
455
730
124
821
635
182
987
507
979
964
213
438
46
11
585
691
423
211
291
528
560
925
242
728
293
414
329
472
802
26
49
191
380
432
756
136
38
764
203
572
681
638
911
332
934
883
822
875
493
923
824
68
339
623
880
813
7
566
643
830
283
293
864
533
738
467
537
234
296
800
277
129
410
322
258
99
876
816
399
422
154
279
738
680
835
202
735
222
498
144
423
774
593
647
902
599
309
917
410
185
898
992
630
730
40
171
582
817
998
346
42
969
409
52
