716
296
721
861
722
153
184
444
338
524
745
550
895
802
822
683
507
611
680
923
215
925
8
824
866
952
923
668
233
2
558
913
199
995
663
345
791
754
538
630
83
277
95
234
800
203
685
297
198
234
56
821
690
206
644
549
347
889
130
627
557
253
468
879
211
319
504
661
165
998
94
65
202
174
374
259
559
291
395
793
881
154
952
354
48
718
582
893
425
561
629
70
116
967
626
9
294
310
242
807
660
738
662
738
736
533
480
651
990
784
199
278
722
884
621
564
945
662
922
124
37
752
350
84
580
147
745
783
443
22
150
310
454
588
763
216
839
405
892
164
870
52
106
282
611
870
513
649
640
774
119
29
272
144
409
47
342
257
954
897
636
754
345
907
658
519
290
592
895
245
33
735
842
110
539
254
180
276
116
869
