42
89
962
470
85
817
845
983
694
83
848
593
109
67
637
150
527
709
536
336
497
224
85
96
361
903
679
39
959
218
180
323
169
224
453
761
391
220
807
927
371
942
412
243
512
587
382
641
41
817
91
189
528
526
824
810
699
439
947
756
251
520
269
501
203
340
20
161
269
553
88
234
354
538
695
309
928
943
663
157
695
463
331
816
178
183
675
798
809
393
508
68
979
633
772
180
647
241
716
243
476
720
400
485
390
437
662
235
581
522
911
853
976
872
552
614
88
945
835
986
705
175
40
340
749
618
479
447
275
357
875
121
593
943
488
748
850
473
461
916
317
77
504
417
600
544
968
681
154
683
907
769
560
140
259
996
365
495
989
58
664
433
31
713
677
975
416
967
649
142
828
578
634
903
852
948
921
832
824
305
823
817
512
429
683
272
598
563
809
46
774
807
21
39
598
36
884
328
641
387
999
297
167
737
107
386
654
568
990
448
648
936
437
595
991
343
699
238
637
734
471
684
518
589
466
269
234
979
582
553
771
1000
231
597
958
837
116
166
564
479
746
256
768
778
105
184
607
342
44
658
794
662
106
201
678
582
263
549
64
370
74
344
444
135
59
566
447
708
686
312
896
822
143
369
632
595
459
447
535
868
858
816
65
834
44
922
498
696
41
399
554
581
514
250
644
980
693
145
260
2
503
951
510
843
986
73
53
943
670
899
35
798
344
771
201
22
119
52
269
91
707
38
78
229
535
493
631
624
122
126
580
357
78
190
281
983
861
612
725
99
926
301
890
31
165
974
985
185
286
383
991
326
447
26
924
927
65
451
379
988
503
168
229
350
505
542
879
613
275
759
506
682
340
634
224
905
232
441
735
165
37
519
21
740
47
428
412
356
676
795
843
811
743
482
860
429
123
315
61
735
980
931
197
657
693
168
524
730
694
735
829
438
486
603
143
341
175
701
584
502
582
889
524
750
963
617
847
148
656
592
476
156
301
493
693
576
996
128
771
612
324
198
912
627
517
901
26
958
896
376
778
360
843
500
473
254
406
606
679
76
989
208
329
648
179
203
263
154
84
755
968
557
312
722
357
625
834
62
482
455
449
60
663
469
305
260
517
721
695
879
432
306
68
152
818
318
936
894
581
756
664
749
142
296
568
363
709
167
128
675
478
453
776
946
832
292
575
860
294
602
684
31
24
80
311
449
45
488
62
659
733
578
970
919
758
762
368
586
839
947
472
339
417
805
962
972
135
461
792
853
113
177
430
973
179
607
436
68
253
158
757
844
480
908
775
809
13
135
272
484
595
294
341
1
464
42
821
365
594
768
207
746
92
274
871
650
739
250
889
25
309
790
428
978
707
132
320
922
418
878
137
266
728
713
26
789
821
54
753
193
209
787
3
515
382
535
477
940
55
693
214
688
338
258
254
603
42
821
285
562
462
72
763
834
398
974
929
718
72
875
927
163
215
863
465
436
143
131
593
62
245
96
408
663
793
521
217
623
872
21
556
944
261
715
434
353
466
710
922
780
