696
446
119
670
944
674
154
495
198
709
303
197
189
908
657
708
944
339
296
622
429
917
185
91
254
92
738
416
154
2
401
986
684
960
196
428
501
351
510
591
602
701
730
287
789
118
25
317
250
521
61
795
9
518
335
33
189
341
364
825
877
375
126
564
110
134
253
111
210
749
671
872
411
585
877
513
331
485
527
273
449
661
991
423
260
210
797
708
921
465
114
89
375
799
246
870
317
407
681
472
28
871
181
903
362
192
533
985
164
389
446
816
361
416
957
278
141
525
977
583
490
840
72
421
883
984
17
80
126
793
769
524
616
876
747
631
9
961
538
819
133
153
414
682
505
661
269
663
1
385
