629
879
494
829
21
180
166
344
223
882
362
584
322
981
308
375
229
27
760
136
467
104
454
682
36
612
696
338
917
546
223
846
375
85
556
473
576
319
574
491
654
498
228
240
55
778
145
14
703
634
307
271
763
584
601
89
802
920
542
636
256
327
130
927
884
117
565
955
491
684
580
408
51
136
266
117
279
155
921
14
365
554
894
18
446
831
614
925
892
122
659
847
223
40
629
463
504
428
377
172
593
935
988
242
264
635
144
392
982
904
489
715
539
735
669
513
380
644
653
636
92
508
423
87
59
136
32
133
80
78
346
489
48
754
576
203
94
256
54
447
649
930
684
688
633
119
248
495
828
94
608
369
969
153
433
562
308
606
425
330
417
60
285
447
526
437
821
971
551
758
998
206
807
191
442
842
337
947
232
642
692
618
778
666
802
90
777
134
215
177
751
390
844
524
246
288
296
19
410
431
595
109
495
540
282
558
456
427
558
93
812
379
817
250
542
515
221
969
395
700
461
726
193
898
661
416
925
672
402
905
779
387
61
385
220
230
597
722
277
566
634
737
158
29
881
276
873
218
491
33
287
156
568
563
854
49
481
379
654
743
670
538
583
432
84
716
178
189
35
449
532
32
694
754
362
742
245
418
488
933
286
292
6
688
176
464
463
16
194
840
787
235
646
183
487
412
480
483
767
561
192
607
986
49
435
817
58
764
253
915
251
842
85
927
911
892
245
979
105
853
274
386
539
449
309
905
313
751
364
118
277
418
998
383
992
921
408
446
513
149
568
711
910
710
270
899
491
957
167
503
550
366
863
848
547
914
787
817
285
360
947
75
658
101
393
440
110
176
829
15
700
710
57
597
926
155
114
45
311
963
881
127
10
96
999
20
154
174
644
586
468
753
973
787
426
101
856
227
481
203
732
958
570
229
182
688
935
526
797
415
513
997
545
69
489
95
851
830
743
633
598
496
82
821
216
628
174
385
35
648
429
899
256
631
920
181
450
163
698
723
707
987
842
973
965
871
993
25
137
54
901
651
665
448
219
604
327
496
299
588
732
709
510
945
5
549
217
660
485
761
987
61
725
286
701
888
149
752
593
259
980
564
315
480
464
554
269
254
740
312
429
928
693
594
844
368
197
818
323
631
259
566
964
802
697
287
210
693
467
972
205
639
936
940
935
418
551
54
279
442
193
768
864
431
563
663
529
607
535
678
