886
965
8
147
130
681
601
954
351
443
657
577
435
725
460
952
993
634
416
425
262
832
487
191
250
598
440
78
189
499
753
593
202
230
298
498
652
246
953
557
802
594
590
677
903
904
940
311
279
248
828
687
16
312
582
35
659
52
648
65
213
571
380
320
772
784
262
964
191
410
412
838
82
527
196
701
713
309
818
741
349
308
972
49
756
138
81
683
271
14
46
496
952
877
621
251
727
603
12
283
599
917
731
550
351
707
945
312
245
514
624
955
266
424
143
52
892
254
754
85
423
451
708
6
997
43
690
420
63
416
916
278
340
728
9
550
802
18
239
900
255
165
266
896
875
666
773
206
324
94
873
883
978
7
937
38
97
957
712
614
130
758
680
851
295
439
874
28
794
224
533
879
289
296
764
627
111
578
35
868
308
32
313
32
838
127
303
515
704
229
959
410
149
662
260
933
388
544
773
377
348
354
424
14
963
130
323
615
36
728
421
411
12
758
605
759
471
548
411
977
285
874
646
66
609
381
327
499
981
640
386
134
507
769
211
729
610
501
626
969
184
204
748
101
902
937
1000
164
45
888
701
669
134
55
896
758
302
927
511
117
216
908
585
40
996
88
198
840
614
739
626
353
56
959
864
87
857
847
909
852
769
31
847
311
457
918
191
407
2
1
994
965
779
572
902
647
871
353
53
895
111
401
177
159
497
43
615
778
112
46
437
848
665
453
828
288
828
884
2
498
121
494
995
337
191
436
707
558
998
101
918
465
53
705
841
837
572
799
984
397
234
226
779
13
786
512
387
745
844
928
885
698
779
294
206
862
698
82
287
498
224
148
106
438
418
628
114
415
783
458
821
417
213
813
382
940
913
582
179
582
10
908
41
870
674
280
498
940
660
65
683
206
969
190
350
25
610
563
68
234
643
763
882
863
771
711
895
597
607
235
495
410
638
268
75
476
901
918
120
562
522
65
755
410
559
291
389
756
291
204
147
243
780
865
365
157
336
997
234
954
320
260
634
775
374
722
94
703
574
902
552
250
634
55
189
509
105
396
459
934
133
662
295
863
354
836
186
581
952
17
765
891
100
663
431
103
257
61
797
1
643
462
905
31
656
680
135
97
97
477
827
918
143
112
914
151
774
105
868
847
75
898
776
274
166
504
750
924
152
65
634
256
610
907
109
85
875
377
883
444
373
553
742
518
93
765
55
80
632
562
732
802
969
583
81
822
32
263
472
196
521
541
949
249
694
360
359
551
280
694
770
958
827
695
679
11
74
448
51
804
622
516
570
618
613
942
197
175
258
142
967
530
463
357
575
336
770
126
174
390
424
267
623
129
498
583
853
947
7
142
554
928
208
625
760
452
916
704
45
698
373
17
360
907
947
119
33
769
864
644
535
595
589
308
77
693
667
700
86
160
101
907
70
889
614
443
981
398
414
119
1000
826
547
197
332
52
307
458
923
334
774
38
479
94
510
848
986
211
866
360
486
26
844
792
493
264
539
913
142
695
718
667
566
360
709
450
636
284
365
240
940
684
626
935
984
27
174
376
925
705
924
568
450
732
378
380
758
725
405
333
363
459
983
432
421
415
203
188
559
284
385
719
876
8
399
992
560
114
633
267
842
602
548
773
590
118
667
331
284
484
214
194
456
445
710
831
80
585
150
645
788
27
734
765
163
924
290
279
109
925
717
450
234
461
696
259
511
364
3
385
913
540
293
827
108
122
413
870
265
797
483
534
62
887
930
27
52
835
351
358
352
770
156
678
460
958
836
603
719
370
486
372
314
642
39
294
330
448
864
593
789
228
110
923
281
582
196
830
83
742
517
693
21
627
716
862
586
632
436
974
964
487
921
730
248
916
493
617
897
339
158
524
960
261
237
884
473
900
482
370
282
901
945
361
547
178
82
778
259
161
76
170
19
225
467
907
943
234
626
503
43
665
336
76
886
215
1000
476
580
178
241
692
440
510
141
938
193
805
93
528
319
903
684
494
215
76
579
354
68
308
709
425
833
696
295
651
6
753
940
255
666
74
437
483
795
45
342
155
933
687
616
1
265
336
672
370
308
903
611
981
509
54
360
960
783
951
647
995
885
107
131
959
640
456
714
66
190
403
790
683
380
265
670
67
458
106
814
250
713
307
858
930
758
527
706
916
215
139
18
828
326
562
194
487
850
297
345
675
485
257
