801
697
258
595
162
22
83
389
638
538
241
859
802
353
436
363
573
198
45
530
528
439
999
185
149
762
814
298
899
138
820
907
736
558
736
116
255
23
294
160
603
320
923
568
95
673
954
355
946
300
818
580
102
405
837
312
883
989
950
445
572
745
772
482
150
763
644
226
877
60
299
816
235
903
865
62
307
281
170
791
542
702
875
398
783
918
728
873
17
31
75
893
894
829
252
46
366
805
3
405
156
536
96
532
104
96
69
818
971
339
480
577
283
477
319
97
996
136
332
175
462
271
578
163
804
109
196
421
896
444
344
632
841
117
393
948
322
561
333
257
745
561
901
453
787
141
670
366
76
708
398
179
638
340
105
705
985
585
816
513
449
233
70
581
149
664
346
179
986
703
968
70
49
611
306
300
176
270
806
852
892
473
907
529
537
567
860
839
586
977
329
206
923
119
170
483
338
587
748
143
629
861
80
961
618
79
712
880
449
285
157
863
336
946
528
412
959
397
792
324
72
629
596
82
978
867
334
567
997
11
825
654
10
28
510
491
876
536
50
42
605
3
149
744
55
687
244
952
309
50
262
911
132
184
726
592
537
308
485
386
806
793
30
487
684
878
995
162
145
476
402
840
912
618
454
429
335
692
347
283
226
650
196
253
468
337
612
98
399
623
675
490
147
888
700
176
212
882
696
790
402
869
458
53
14
448
126
993
459
78
238
936
33
821
53
638
593
54
925
111
450
660
36
928
390
869
123
555
666
977
470
621
944
332
17
230
840
215
886
954
339
384
710
838
329
115
15
765
197
99
579
123
797
344
40
604
539
847
443
848
149
983
222
970
601
749
612
154
77
492
927
171
214
295
146
120
886
510
590
963
606
822
346
541
829
558
95
32
31
310
488
55
865
934
467
448
401
40
872
476
207
396
372
903
973
885
553
660
902
582
149
52
165
608
95
620
822
720
526
730
162
452
778
691
687
993
715
182
456
105
641
615
34
178
876
276
385
465
213
377
636
238
28
688
642
694
782
859
703
357
430
509
169
407
629
315
954
535
471
833
744
983
156
638
19
428
345
599
101
316
393
601
779
862
941
627
441
613
688
49
159
95
69
62
835
401
72
549
138
719
249
432
76
488
619
520
171
709
552
832
396
675
580
500
788
747
624
873
378
328
86
215
881
406
523
358
631
846
949
873
678
58
402
760
897
238
999
14
822
585
185
632
863
481
495
867
838
687
207
461
719
911
330
856
653
633
224
669
737
90
54
863
188
727
744
978
962
875
225
158
399
654
191
264
578
538
592
507
39
144
56
420
510
35
971
422
826
918
384
842
667
76
262
728
865
458
972
60
986
778
966
157
797
950
983
377
88
799
462
144
923
634
249
614
487
251
855
303
929
506
311
900
542
527
583
318
111
144
777
549
743
87
136
693
623
685
424
641
902
965
111
38
955
623
969
555
677
875
689
553
227
381
189
115
168
868
236
751
313
377
720
109
584
659
880
681
155
304
319
371
883
152
184
249
572
580
820
662
884
133
397
771
189
928
373
598
745
685
685
43
789
148
926
230
815
543
877
12
892
511
256
658
207
224
211
679
533
495
429
718
500
71
531
223
561
782
201
564
122
235
304
845
317
822
24
380
939
242
488
946
462
636
314
657
112
292
182
882
710
65
523
164
286
876
96
901
73
80
778
357
565
476
602
620
987
827
886
766
914
469
775
812
970
718
168
566
536
525
400
660
671
176
419
807
269
396
490
116
277
351
712
786
321
332
521
366
358
777
74
468
747
860
312
420
810
174
708
228
437
320
147
274
239
659
149
513
654
281
141
99
729
128
472
582
951
742
764
24
191
995
131
111
669
512
371
328
366
263
112
828
95
43
156
99
217
185
569
837
682
590
565
785
88
550
782
290
231
108
322
107
10
308
23
188
14
15
928
7
713
519
13
147
511
133
502
337
336
729
702
464
615
119
793
849
657
758
544
888
860
860
390
874
831
436
708
108
231
364
426
306
259
930
182
174
59
789
511
352
413
873
