834
534
635
672
135
891
509
734
652
447
384
715
516
132
371
787
206
611
472
233
699
716
900
248
199
38
684
582
874
740
650
119
288
128
371
952
380
49
811
756
709
495
444
495
772
581
798
287
145
78
932
958
857
229
584
933
246
251
379
198
208
531
896
159
236
661
481
512
70
688
183
475
494
14
941
447
226
206
775
239
681
474
731
624
394
589
325
860
230
792
968
121
918
760
116
658
284
1000
349
896
894
743
396
551
569
560
115
84
507
302
134
742
185
753
842
888
486
393
653
146
541
54
673
170
677
732
839
363
306
499
442
282
450
975
73
124
48
391
699
380
471
154
967
397
793
871
454
40
692
31
