246
533
750
613
332
643
612
597
832
442
873
980
491
52
529
476
330
540
597
977
209
714
90
335
283
744
990
901
485
970
246
28
560
245
229
821
42
497
440
48
39
158
339
763
497
996
716
509
298
550
248
729
3
104
785
563
181
695
95
680
304
904
405
237
162
943
807
123
37
751
204
801
279
43
326
399
24
189
257
25
208
602
107
430
528
795
941
300
226
319
671
404
337
560
679
531
282
59
986
322
762
118
684
75
176
879
112
692
528
554
13
329
26
146
798
553
589
377
196
775
659
188
800
969
698
954
841
709
426
732
24
259
649
24
876
135
802
893
535
385
838
427
556
560
528
322
915
424
796
87
436
211
125
424
248
996
242
798
140
428
429
36
344
635
162
222
310
658
909
337
811
283
132
851
106
852
374
64
100
647
958
658
350
935
687
809
406
595
918
393
391
913
174
485
49
822
885
457
911
939
53
293
232
868
675
833
285
901
85
91
630
60
29
445
856
655
368
409
103
19
345
803
361
872
475
656
522
97
825
87
877
312
799
894
606
271
411
59
106
716
878
409
989
92
490
397
781
981
891
550
779
752
471
607
79
285
974
725
562
139
962
489
743
713
850
945
908
750
492
554
579
726
866
479
746
311
972
617
783
596
461
263
964
547
458
690
484
509
321
741
732
314
925
106
522
527
980
352
146
274
734
741
185
643
881
722
366
937
46
440
350
569
115
158
142
322
609
945
875
610
308
861
928
281
957
865
365
667
131
973
94
731
352
261
159
626
291
852
110
487
670
782
769
417
221
398
517
457
173
390
745
467
111
369
339
925
337
181
26
24
887
875
228
314
815
65
246
511
325
769
932
27
278
624
266
355
223
269
661
184
363
37
405
837
73
250
80
900
168
262
313
77
192
192
38
692
397
201
702
10
494
932
67
709
131
348
971
574
238
467
691
276
684
606
827
517
299
53
987
561
152
885
295
762
359
226
691
604
415
918
104
669
159
782
690
374
974
949
310
52
403
478
583
970
294
789
372
181
963
771
848
892
400
581
822
185
523
29
226
957
335
604
2
804
5
392
846
370
986
575
231
146
264
295
860
37
828
313
964
279
958
248
954
641
204
867
716
491
505
687
889
89
443
293
318
897
635
528
800
386
156
337
740
664
769
422
102
326
561
442
135
300
382
228
953
379
566
262
116
31
775
606
806
66
162
890
974
571
831
125
753
393
712
357
69
646
709
445
235
828
159
221
960
846
282
36
794
71
405
933
766
786
209
432
159
338
623
482
811
846
418
225
116
971
806
599
743
17
259
597
510
983
173
491
983
471
544
768
82
733
245
935
825
701
604
653
931
349
586
347
118
445
367
537
874
549
344
917
576
900
314
929
702
820
992
119
343
74
671
190
70
509
971
908
460
347
315
599
897
763
471
677
982
319
907
860
519
706
365
793
612
47
699
885
384
851
569
845
257
38
716
906
581
586
969
154
554
215
44
213
437
886
163
60
407
130
189
492
808
276
612
211
423
929
525
645
581
514
764
796
216
184
777
563
328
186
871
53
21
267
362
80
946
355
733
706
252
94
86
28
850
832
958
633
484
6
511
785
336
66
151
299
34
712
160
194
72
292
930
470
86
646
728
870
343
749
912
168
23
662
327
886
502
658
229
607
104
166
287
41
854
820
622
568
575
331
667
23
827
747
936
506
907
137
481
61
138
886
307
621
353
307
446
689
660
10
143
560
224
13
160
592
808
946
870
167
1000
280
324
719
