201
91
542
466
827
33
406
415
941
390
128
259
655
863
740
931
998
88
531
729
756
221
238
394
816
127
725
266
379
319
498
530
850
956
643
640
826
834
843
185
340
371
469
946
659
548
91
947
588
338
330
539
690
480
62
404
121
357
111
544
520
550
172
270
676
482
35
519
345
222
608
400
199
998
657
82
424
428
699
990
542
225
693
557
598
474
257
889
684
874
285
146
647
852
122
419
950
942
642
341
191
832
14
725
354
660
465
535
583
72
843
123
508
52
311
473
371
753
421
623
130
8
147
850
888
330
96
543
925
667
545
48
954
789
597
898
479
904
508
432
483
844
813
676
46
581
12
613
713
191
841
685
1
127
378
368
386
926
509
737
135
568
567
724
840
793
607
635
849
295
923
822
444
481
821
718
967
95
326
634
39
496
953
781
392
192
19
1
65
832
274
934
431
276
283
639
494
992
519
507
252
499
264
824
482
113
637
916
588
354
465
133
517
416
664
588
723
822
657
671
387
775
477
325
255
592
730
680
79
456
798
925
338
101
236
877
662
622
859
124
431
863
732
622
205
453
593
746
948
998
963
380
93
286
903
833
7
471
283
521
849
92
722
35
359
150
797
395
74
739
527
196
33
244
109
4
429
908
220
413
615
339
289
519
274
561
408
180
190
613
452
711
112
83
50
918
148
256
748
821
353
285
423
676
885
865
158
699
601
634
490
460
138
643
572
642
290
722
215
887
401
105
689
318
649
718
832
560
262
642
694
294
390
575
268
444
733
251
395
526
493
199
858
178
771
960
313
654
962
714
965
86
14
658
744
191
169
111
248
919
119
915
138
25
548
440
254
135
118
8
812
953
829
514
213
156
486
536
496
989
378
884
414
482
148
272
973
53
482
356
432
784
45
618
171
70
500
571
50
926
505
811
180
734
360
956
387
442
251
78
883
765
313
146
527
644
527
520
607
869
168
278
787
789
53
819
687
526
9
264
822
248
17
320
967
6
552
582
37
923
751
250
117
131
389
587
762
209
295
133
8
746
181
785
75
565
551
766
857
777
129
603
411
372
577
6
59
451
720
575
734
148
935
648
412
751
740
943
579
869
990
146
47
646
570
346
490
183
944
183
671
877
427
258
872
504
321
560
216
577
258
427
979
117
87
462
342
198
946
482
320
406
811
8
320
88
314
246
722
589
787
745
235
710
340
331
787
56
352
61
925
778
697
884
137
218
950
824
995
504
59
255
930
416
723
533
386
103
524
223
318
998
454
705
313
641
446
100
779
465
891
327
807
452
982
535
711
27
27
381
936
135
854
322
294
699
179
545
441
816
359
714
788
440
919
512
136
93
123
13
843
884
516
446
851
76
275
683
571
89
659
254
250
421
982
225
457
761
570
828
106
523
560
471
134
328
789
62
290
159
506
508
811
757
18
416
793
354
794
634
224
514
565
899
621
404
906
715
32
831
438
234
70
17
931
26
353
186
189
616
998
888
537
367
153
851
882
135
969
56
956
985
187
411
314
492
508
697
237
588
956
159
341
163
981
786
226
376
939
192
549
570
707
421
279
543
504
212
172
127
447
30
720
630
42
628
105
18
675
122
191
626
229
758
667
508
620
179
511
111
390
863
745
358
889
55
66
385
67
157
817
74
409
810
235
598
994
989
635
361
338
978
167
893
152
446
357
740
910
220
933
996
585
56
695
191
85
857
716
559
756
259
24
254
186
682
889
83
266
593
71
251
746
428
413
645
707
98
35
407
183
697
484
895
498
730
561
976
580
493
362
658
810
430
421
602
264
482
644
439
283
544
216
590
143
819
111
988
341
779
95
460
711
856
462
867
433
66
14
12
462
502
198
677
11
155
960
583
161
347
470
531
955
799
346
879
681
666
913
492
724
829
648
981
70
25
345
593
720
776
