911
196
597
259
545
973
784
235
371
8
553
356
897
817
873
546
705
523
766
108
474
587
561
110
119
721
926
340
255
962
873
919
521
646
602
639
383
530
515
99
686
397
770
759
992
412
467
746
496
903
965
499
737
676
82
865
630
124
676
796
93
751
137
835
790
717
604
342
51
810
274
7
177
101
806
381
83
863
785
529
899
707
148
369
960
959
636
64
173
960
398
795
681
338
636
144
714
589
94
197
990
2
792
106
627
48
220
914
664
32
341
738
767
602
986
326
746
119
398
258
607
207
886
52
63
7
274
443
936
252
700
442
106
723
424
425
167
843
686
271
836
253
391
503
599
616
508
389
107
225
452
163
160
579
300
347
318
598
798
859
609
371
335
157
673
739
372
563
980
805
39
918
575
948
274
7
923
681
875
893
845
139
222
108
125
409
387
49
257
299
668
448
616
38
651
313
520
63
205
441
226
370
42
351
284
180
453
758
146
782
