236
79
87
266
58
462
813
108
157
239
312
692
139
1000
657
698
35
71
148
77
808
297
739
764
456
26
67
324
311
155
866
46
781
415
491
635
559
772
570
46
411
777
286
867
946
251
709
165
792
630
524
245
747
115
372
469
638
843
673
826
404
394
846
243
621
483
675
326
877
877
76
855
119
391
849
748
857
100
94
313
7
130
579
343
148
79
340
271
91
767
640
933
54
120
129
330
463
202
310
151
945
789
457
24
504
782
451
261
645
102
104
982
190
966
659
195
387
328
238
866
47
599
707
446
210
437
817
274
641
562
593
439
773
895
562
970
436
980
661
983
13
978
287
555
490
709
920
986
90
826
860
404
708
181
780
495
163
599
894
85
952
901
763
444
486
286
659
509
275
849
605
463
824
330
902
211
634
712
94
382
962
589
836
335
874
883
347
380
565
175
805
648
420
957
342
586
747
287
910
438
159
85
991
313
466
828
3
755
14
669
454
499
140
467
149
914
989
940
507
160
336
23
765
354
310
737
748
275
334
623
827
603
654
489
945
351
513
99
505
572
542
934
474
491
81
828
508
42
940
178
254
608
629
15
603
968
847
624
44
202
935
776
926
44
326
621
99
535
801
570
850
805
47
846
686
372
801
2
704
133
