110
945
488
776
762
961
967
107
653
461
190
906
32
256
884
697
884
420
280
257
112
290
118
476
488
196
997
124
720
63
618
485
696
915
356
30
928
936
512
583
555
341
339
296
581
398
250
405
917
190
475
115
672
297
423
586
813
595
973
315
889
41
421
908
696
418
552
490
568
249
782
645
670
266
564
740
69
443
139
739
330
490
705
810
587
102
839
223
584
348
448
169
319
209
631
272
150
36
758
703
445
992
80
209
986
738
996
977
28
563
482
913
76
211
584
788
764
646
609
49
332
367
737
26
910
876
659
949
623
251
708
236
793
79
11
225
414
802
889
240
873
576
75
980
483
906
796
738
118
890
680
520
711
863
770
110
497
642
994
796
546
550
625
796
945
570
389
307
828
692
424
777
967
177
789
471
470
292
642
667
246
122
409
821
592
54
757
830
801
622
724
235
719
872
389
338
984
263
130
573
883
450
912
3
6
378
164
462
593
614
612
760
435
805
83
362
60
591
49
838
382
719
921
378
490
483
743
340
948
637
764
483
464
805
178
377
923
284
542
971
987
728
235
725
481
151
920
801
864
891
791
310
376
397
556
956
797
659
603
832
408
438
209
798
80
960
255
963
647
363
949
184
157
168
129
331
4
464
198
391
309
653
926
139
970
124
921
484
699
801
718
743
839
264
919
534
48
554
919
524
147
290
688
395
800
919
527
588
207
642
272
475
331
357
934
311
852
641
114
221
386
45
230
509
506
402
1000
460
688
312
674
416
988
258
126
388
147
344
796
6
165
599
309
558
22
650
514
369
840
395
183
122
278
687
593
77
465
270
44
553
847
896
163
320
29
858
527
330
749
726
141
973
943
832
714
109
161
870
682
124
282
859
4
785
754
954
283
16
641
248
116
167
177
715
103
251
382
198
134
364
10
293
508
352
742
750
410
836
842
453
393
920
425
714
445
57
998
311
771
363
826
294
623
28
195
643
868
611
760
330
943
736
322
711
448
51
472
145
241
440
915
101
809
321
551
369
172
507
841
559
64
756
626
881
483
307
135
194
41
375
404
319
823
310
565
865
543
403
550
890
422
225
131
829
143
335
538
334
572
339
242
632
580
379
695
565
69
505
374
645
666
976
891
618
112
497
288
661
857
121
586
383
330
497
744
469
263
542
352
72
142
676
917
994
8
510
785
141
805
605
849
567
416
377
387
260
198
454
395
653
361
490
421
582
962
875
912
193
558
781
828
533
406
506
218
362
993
341
210
223
32
684
288
423
610
806
542
270
728
139
765
436
210
880
691
77
325
233
502
209
977
190
430
86
963
94
846
377
84
28
906
42
658
192
315
69
606
673
223
386
888
333
602
413
434
578
192
203
560
787
358
465
305
618
604
573
733
26
3
258
780
515
799
83
912
989
875
562
192
437
950
55
764
355
681
725
365
210
791
339
7
835
168
643
118
555
896
253
898
276
657
752
582
193
608
6
567
961
778
75
288
611
677
907
500
694
593
155
881
80
463
371
127
682
454
782
906
302
768
361
602
962
568
705
117
61
558
225
529
187
383
266
28
664
756
70
99
756
285
438
906
416
620
477
445
128
866
242
935
529
47
916
387
288
985
520
814
406
61
179
290
24
487
613
82
901
907
47
16
694
527
930
291
295
938
34
344
179
402
779
229
722
571
706
697
393
156
789
811
593
857
173
49
950
184
512
336
480
596
328
455
709
943
562
315
138
10
514
792
662
322
660
60
343
775
877
444
817
134
441
954
292
965
46
822
855
136
883
567
284
320
651
44
548
852
60
328
653
214
649
395
377
680
132
424
253
414
298
779
409
146
690
190
576
539
195
207
172
335
524
549
703
646
177
972
492
956
690
525
808
758
806
749
666
984
6
242
718
186
366
485
111
723
455
304
676
967
491
437
145
690
718
877
373
598
182
364
773
623
957
914
503
555
592
224
441
977
662
371
164
870
466
501
889
899
150
531
734
471
811
967
672
504
332
934
935
581
799
694
326
701
93
382
565
395
791
777
42
302
873
544
677
586
988
625
215
696
33
854
477
