954
372
71
178
671
697
648
208
213
424
802
958
195
398
520
994
694
18
981
774
983
578
885
527
866
785
365
412
142
768
317
330
143
337
700
268
585
383
709
339
724
528
364
378
631
680
643
563
494
632
550
207
237
852
598
759
931
826
803
606
679
266
991
760
731
279
720
206
450
79
193
953
947
863
475
26
660
360
86
257
519
460
926
814
685
332
123
468
948
955
96
777
375
91
793
835
975
494
44
249
976
494
705
925
714
738
590
691
93
361
301
159
385
732
115
687
843
687
498
708
534
117
189
470
678
505
220
192
434
849
20
340
832
448
979
852
374
825
855
199
370
788
641
833
146
816
703
672
429
53
57
454
929
122
811
793
427
846
918
48
76
601
732
54
968
997
791
602
711
80
235
596
821
66
127
224
72
538
304
91
863
529
140
190
97
501
957
227
361
361
783
38
613
302
537
633
657
894
826
607
140
281
333
112
791
11
338
88
461
21
886
182
333
161
464
939
633
152
195
452
772
265
750
398
279
367
559
857
722
606
185
198
88
526
173
988
812
618
38
443
96
977
647
142
827
85
829
194
252
333
787
752
663
466
871
529
883
217
578
1000
969
64
677
15
336
185
501
610
787
262
103
61
256
497
867
842
501
762
423
422
935
224
7
659
360
959
378
126
863
515
930
805
806
594
821
671
29
553
653
265
201
824
810
154
229
591
297
120
103
806
962
983
443
973
771
334
434
322
614
762
546
307
407
443
640
387
718
802
993
777
221
438
220
92
670
383
87
426
899
392
35
784
504
904
280
329
812
149
842
44
312
759
936
551
992
680
843
771
175
905
978
669
88
830
755
241
35
657
696
285
780
909
341
567
565
740
182
156
497
951
491
322
438
72
734
641
745
741
243
760
959
570
928
43
356
951
881
127
117
724
690
180
279
32
761
345
909
79
190
441
173
264
64
816
458
195
705
562
302
66
780
993
154
896
612
169
861
88
826
88
884
188
997
191
113
862
635
443
344
99
790
634
995
913
862
141
719
9
908
564
131
86
131
725
36
579
822
607
593
759
737
275
474
27
821
986
272
283
131
771
237
52
582
584
437
734
286
908
85
433
500
379
800
482
193
707
689
598
973
453
522
757
645
731
204
125
202
426
177
350
506
469
678
553
348
823
451
658
164
117
65
91
308
477
297
197
98
24
731
589
546
670
377
773
755
397
922
508
70
578
483
195
193
681
241
491
693
518
996
327
8
805
703
541
327
940
788
268
275
260
942
47
31
752
12
979
902
506
798
913
297
533
435
911
960
550
178
736
765
20
