461
228
27
184
137
744
942
523
779
413
687
806
593
309
250
774
914
141
736
106
636
482
620
163
195
783
587
160
545
340
962
873
504
490
672
708
217
987
706
92
983
624
322
984
376
868
245
719
792
933
54
262
286
742
605
443
15
127
857
870
401
652
334
240
891
562
462
711
325
756
91
975
2
578
565
969
36
365
498
880
799
598
585
709
161
729
750
208
703
349
942
120
496
768
31
740
821
78
99
440
872
230
200
628
841
325
95
206
656
118
577
291
141
3
843
523
114
358
65
757
518
120
612
482
560
21
743
741
205
952
172
742
311
435
856
234
370
69
191
469
873
657
103
434
164
779
529
935
683
680
575
453
247
280
276
803
481
286
868
285
899
817
38
668
860
421
451
191
928
614
685
221
684
467
979
658
895
596
364
326
543
586
421
344
182
49
357
569
353
790
665
305
227
198
328
919
961
858
993
763
344
260
376
296
290
35
583
39
270
429
546
982
484
637
399
363
985
401
251
171
556
218
445
731
610
524
642
627
426
713
558
764
929
526
679
791
527
781
339
736
150
230
483
640
883
881
262
40
645
700
460
2
76
129
490
421
995
813
714
552
512
945
316
833
257
604
35
837
979
329
715
744
692
533
973
4
910
326
529
707
642
594
749
537
756
640
818
638
388
533
114
134
878
324
452
104
441
679
411
132
