850
291
690
679
100
130
152
511
730
355
732
74
508
499
399
884
588
519
489
782
673
707
267
346
475
51
575
33
250
188
105
591
390
471
589
233
83
320
898
733
730
51
328
631
761
978
101
210
75
496
846
196
920
243
492
660
882
468
36
580
827
422
885
878
306
255
286
79
314
421
675
777
530
700
480
756
383
933
443
3
519
43
784
429
99
932
711
476
731
973
140
560
508
864
138
652
806
574
539
512
638
998
569
829
525
752
560
522
804
427
914
558
432
125
191
13
417
219
106
493
629
581
734
826
684
368
661
720
496
860
548
978
223
103
620
316
708
137
28
960
471
580
274
93
746
638
916
791
707
698
952
613
870
71
282
462
423
289
897
681
111
561
877
621
119
726
396
909
767
753
945
651
316
36
702
985
109
276
947
798
201
350
422
900
709
591
685
716
282
450
626
263
245
429
600
981
686
902
31
367
181
552
438
60
4
308
718
806
70
929
704
447
778
972
653
407
85
881
232
858
682
220
958
706
378
301
370
485
259
589
202
896
50
944
218
681
306
6
982
589
506
545
304
738
110
745
762
259
774
158
589
728
603
377
462
345
759
657
871
393
525
238
816
577
699
277
797
832
275
176
583
8
735
338
296
746
701
452
13
793
58
468
7
790
598
251
514
594
248
527
341
709
306
660
678
323
607
212
623
868
261
229
3
593
937
595
697
950
24
386
766
467
247
123
613
842
445
104
370
878
172
426
979
178
165
479
234
768
503
261
177
142
152
567
746
11
56
3
228
392
296
197
95
972
839
665
111
15
625
72
937
459
872
341
606
386
180
61
130
721
849
677
271
652
223
436
533
941
674
344
290
17
331
760
648
620
77
385
986
125
659
467
602
394
997
634
528
110
373
739
728
366
429
859
336
526
243
159
79
496
507
835
878
623
359
686
436
893
873
531
626
634
480
245
379
451
362
336
728
93
208
142
256
606
94
983
785
243
472
920
546
150
354
267
686
475
351
592
358
805
944
831
39
541
768
455
132
992
509
96
882
265
292
78
410
576
632
304
817
878
677
784
719
135
49
851
577
151
484
674
419
7
868
621
673
275
135
390
344
922
987
371
66
940
539
39
711
976
537
205
758
588
671
809
63
785
798
411
533
58
683
474
169
944
871
959
617
719
566
125
82
335
835
868
686
897
877
741
266
381
609
28
543
66
811
451
774
528
709
985
993
699
526
407
513
810
810
650
305
160
614
910
402
527
544
223
441
843
28
943
879
68
319
435
379
434
931
262
998
965
879
117
970
221
916
636
777
655
826
896
577
395
773
634
629
5
489
759
936
473
693
776
890
775
68
504
280
822
995
632
105
601
724
272
277
665
942
157
136
575
246
676
170
777
111
781
798
130
419
968
4
179
557
711
463
157
528
867
695
417
816
151
871
545
67
289
668
794
7
908
475
14
173
303
829
500
711
657
283
650
782
408
919
32
82
355
236
595
152
688
881
828
52
229
547
131
19
677
17
377
301
925
42
870
399
998
80
487
354
538
131
854
221
809
144
787
388
504
993
668
235
915
348
865
339
328
628
159
506
244
817
588
872
352
190
672
795
11
109
948
936
157
999
329
335
221
487
152
516
201
266
811
719
255
791
142
612
421
362
35
802
468
466
68
611
452
434
630
344
630
942
164
821
19
303
810
399
203
237
134
102
280
623
803
738
832
518
61
847
143
