6
498
599
507
188
496
316
817
565
710
16
671
71
768
715
274
873
188
888
239
780
87
279
607
969
856
674
939
149
907
720
898
460
546
58
491
915
867
543
824
348
392
215
399
597
522
322
424
12
154
880
220
649
746
603
147
278
991
790
484
277
983
283
827
885
960
55
845
645
896
214
567
452
64
685
892
356
3
747
533
456
169
504
847
155
849
266
416
100
437
971
729
399
313
231
490
864
575
614
513
87
589
989
735
968
760
342
46
917
73
939
818
818
868
357
955
948
376
16
72
749
554
546
5
587
718
484
116
181
61
999
928
316
42
937
949
213
849
576
49
449
762
920
612
601
874
31
968
735
35
841
264
355
287
82
557
813
2
209
276
30
665
409
943
854
494
722
764
198
863
445
383
86
916
141
970
198
28
202
585
19
914
279
794
524
528
736
371
665
393
827
549
900
982
633
963
765
510
875
735
361
286
9
353
470
259
641
771
30
429
988
431
325
860
212
565
336
395
55
226
655
528
78
661
847
292
652
314
26
127
562
314
850
635
523
248
474
373
465
851
465
113
961
679
579
239
455
614
418
409
760
113
191
693
845
861
157
152
125
986
914
680
185
813
396
379
37
435
21
579
73
353
23
724
117
542
178
677
14
328
638
41
754
685
488
252
913
672
991
64
691
318
328
114
71
414
98
355
392
490
887
689
806
31
545
26
248
641
145
165
517
688
430
29
356
856
662
706
407
851
335
907
739
811
864
167
290
73
889
851
370
843
312
247
739
957
401
49
422
893
932
709
791
864
435
417
275
671
989
151
916
366
403
641
258
33
456
621
400
310
267
840
753
587
422
135
4
625
574
954
176
898
131
512
953
842
330
44
864
373
120
72
804
97
73
572
882
4
205
673
352
643
142
855
125
628
104
427
175
576
987
775
747
316
988
591
441
856
597
346
678
57
158
295
522
4
84
680
407
964
483
506
663
657
835
650
955
924
357
79
992
88
384
185
67
7
801
724
994
282
160
262
967
769
187
856
806
790
335
131
348
896
412
341
196
333
246
122
251
270
552
22
623
771
167
666
503
849
422
254
39
611
631
495
903
78
501
250
786
165
586
233
401
880
720
973
829
301
116
191
224
152
486
968
173
120
473
694
389
850
792
277
317
620
983
228
84
724
967
378
619
182
837
74
232
609
835
375
742
743
486
207
231
804
581
895
980
527
994
733
167
971
337
40
128
339
634
152
860
481
854
363
321
132
737
597
461
169
53
853
130
599
724
440
589
278
934
48
129
872
314
844
651
355
118
420
184
483
648
317
215
783
646
831
980
353
107
722
467
345
630
321
764
452
53
627
868
333
526
965
456
728
862
347
212
829
738
650
789
375
127
349
71
299
205
809
45
468
123
225
788
893
915
595
938
887
60
939
196
965
604
595
572
489
225
832
968
229
969
738
167
642
580
496
833
766
283
117
585
341
278
135
719
98
983
145
693
271
128
676
615
345
700
710
681
779
402
613
845
755
222
398
480
67
117
875
659
177
638
826
728
921
229
595
494
596
224
713
719
858
428
885
381
742
349
759
691
391
127
878
772
85
363
235
785
615
833
651
989
111
103
754
355
138
374
550
367
792
420
17
37
448
842
975
423
78
254
733
398
345
469
219
35
845
521
398
500
14
29
825
175
396
536
815
490
963
283
337
687
7
838
275
299
490
689
443
151
551
892
490
188
389
228
293
374
717
171
916
677
637
632
305
565
873
160
123
781
196
421
802
