719
250
104
178
329
350
122
231
576
143
768
415
959
890
467
913
479
7
68
939
385
121
444
80
182
907
966
635
751
530
608
932
820
200
45
637
179
44
36
959
740
470
450
687
66
955
262
157
952
108
711
757
907
347
323
697
253
144
959
466
532
52
874
659
975
610
90
120
488
250
291
948
931
972
231
775
158
989
337
255
290
458
602
908
443
267
144
686
123
330
889
78
541
356
989
739
180
434
531
467
405
225
549
275
105
25
823
138
640
94
938
637
627
997
640
325
111
419
834
160
572
623
515
278
717
663
848
686
185
792
218
777
770
721
939
501
974
442
370
154
691
441
562
522
142
503
219
223
48
545
670
472
777
842
751
205
490
259
129
174
555
840
472
374
462
642
231
840
734
331
361
455
554
75
96
117
150
961
8
936
9
555
408
802
212
982
632
926
355
213
51
594
759
143
841
853
305
317
316
361
865
329
414
217
510
625
549
84
583
30
750
850
967
665
925
90
348
19
450
283
508
173
868
133
276
584
700
362
653
804
635
624
647
933
476
960
766
920
829
528
447
306
837
614
117
160
14
349
748
572
954
164
229
757
163
426
345
939
363
675
619
58
579
706
409
728
367
658
445
268
379
897
780
326
138
365
992
634
182
89
959
274
676
405
264
75
552
339
465
890
871
651
309
834
685
352
876
261
624
877
897
129
705
235
269
418
532
383
301
437
363
965
320
549
352
224
336
91
318
241
227
222
997
293
655
732
544
606
905
513
423
868
143
829
539
705
187
142
304
523
