510
900
769
50
294
656
576
214
385
275
223
151
596
438
490
759
145
647
965
762
104
323
972
143
905
27
449
7
457
97
396
348
212
501
840
153
745
829
642
970
120
513
708
488
160
924
935
234
663
322
693
77
600
346
75
715
48
273
954
283
229
198
460
201
768
152
457
644
639
566
672
832
111
794
17
805
74
565
394
531
851
922
824
867
202
472
424
230
904
356
824
625
309
625
3
395
450
444
951
735
730
256
240
914
482
350
731
857
512
494
561
710
357
584
36
579
478
879
270
185
462
321
790
22
122
656
753
929
502
536
465
570
408
442
577
121
925
527
169
733
254
213
923
994
383
157
774
900
938
171
427
377
335
766
199
369
668
980
824
813
347
692
149
792
862
687
355
426
953
425
34
706
117
704
125
636
73
661
70
249
830
192
237
703
334
559
346
248
476
694
974
826
214
708
802
948
517
962
551
437
216
715
258
143
706
606
71
419
296
230
504
472
64
234
286
138
918
28
859
666
84
302
155
749
329
794
957
196
856
507
125
162
844
13
841
411
313
688
318
538
154
821
427
161
834
441
93
922
435
229
497
761
564
661
647
297
613
928
896
890
974
957
69
612
528
93
789
513
660
322
718
326
396
208
666
45
296
43
183
344
338
323
368
875
885
989
741
79
978
268
107
324
575
878
66
184
924
75
287
506
17
497
433
699
695
580
939
524
118
326
560
105
890
38
451
379
379
640
24
667
542
967
538
973
105
417
828
2
963
794
940
716
574
814
374
968
215
55
915
706
721
479
268
828
251
570
490
348
804
670
969
510
14
602
72
476
284
676
598
868
232
464
930
457
958
34
372
418
899
622
748
890
945
245
292
312
540
868
221
184
731
221
290
110
289
708
24
591
57
835
