646
409
677
941
95
349
106
975
158
592
871
222
17
351
848
808
139
199
373
518
399
632
77
276
519
137
625
989
22
911
196
946
794
100
605
353
698
39
925
430
459
24
783
898
992
92
582
503
930
660
623
382
45
145
801
363
100
728
172
804
20
646
588
234
195
645
44
420
650
193
630
19
851
822
224
675
706
142
460
738
553
473
312
116
686
137
214
273
658
751
973
991
363
414
266
161
107
730
168
159
648
114
53
1000
934
111
65
497
902
275
218
341
201
343
476
83
510
782
62
977
837
876
462
60
858
33
162
567
415
272
468
528
142
28
227
401
440
248
114
669
461
445
478
98
655
625
805
723
138
556
632
661
421
928
266
468
373
500
950
36
711
164
480
458
665
188
240
609
367
105
10
968
551
48
513
514
620
636
74
806
1000
971
815
756
760
337
79
726
739
44
54
158
866
608
354
746
81
908
349
650
510
1
857
503
615
382
522
734
909
965
634
129
448
127
495
751
962
588
667
765
313
24
593
454
929
521
982
651
841
572
20
770
495
835
548
682
363
242
853
717
3
108
328
549
472
122
326
969
882
445
964
135
659
484
735
893
688
982
203
468
63
564
734
554
478
270
400
513
265
773
884
260
987
51
329
964
393
807
864
750
234
54
676
323
502
582
900
487
760
611
241
852
953
239
958
812
364
601
810
371
884
142
837
591
643
419
811
13
807
551
253
522
319
302
910
592
835
233
300
538
635
142
408
498
926
110
113
933
224
986
154
699
269
959
28
377
891
641
558
1000
887
941
623
969
218
493
215
292
55
247
404
79
820
617
517
444
235
545
33
889
902
489
247
664
414
389
231
296
110
215
577
618
962
870
750
527
417
787
130
605
342
656
688
723
532
7
757
951
310
256
55
302
780
413
912
854
769
644
333
588
826
628
810
356
360
966
529
935
169
268
930
920
819
281
273
710
392
864
260
345
147
275
630
837
183
326
409
564
625
502
637
298
905
749
988
521
811
59
378
672
780
205
864
284
517
92
594
937
408
850
849
28
382
419
601
210
424
289
244
517
40
283
71
631
150
139
406
41
637
207
972
663
121
485
682
924
673
226
861
720
