501
566
231
9
590
838
89
912
890
244
163
714
935
203
970
752
21
561
502
241
65
225
178
247
882
539
231
834
78
619
79
78
255
487
935
519
393
777
358
940
211
288
783
132
2
569
224
220
530
465
919
517
745
567
714
899
80
836
444
173
325
449
702
811
117
50
173
526
35
81
620
162
355
433
250
977
847
426
852
414
318
54
550
397
260
906
296
561
958
70
552
268
677
373
466
370
625
123
631
959
62
618
226
614
988
207
250
501
72
881
537
272
815
577
101
82
264
241
818
667
924
947
549
197
586
980
251
314
313
341
943
148
731
583
356
174
692
385
69
446
778
303
665
261
142
248
304
470
995
39
936
297
778
612
131
857
558
210
978
251
751
758
277
643
698
43
746
223
943
564
433
656
147
253
595
558
267
230
376
955
899
708
670
604
243
630
94
814
563
781
634
864
850
866
258
82
712
435
808
460
401
721
985
725
606
827
270
989
283
627
481
96
346
164
442
629
716
898
238
75
195
954
873
388
582
554
25
148
351
285
120
432
166
80
846
711
878
824
551
209
392
635
800
583
215
325
879
591
938
149
511
63
384
25
575
534
630
962
624
913
386
352
694
436
57
778
963
829
685
273
513
525
417
585
906
730
128
907
703
290
78
69
251
423
963
450
494
328
842
81
117
144
187
540
829
596
17
674
10
150
34
820
4
83
615
735
86
47
61
923
228
700
518
238
923
491
424
75
829
557
49
38
738
940
880
730
2
983
297
815
888
32
967
986
855
729
735
459
865
194
89
679
243
850
803
201
364
181
366
699
758
335
861
612
219
987
972
804
354
351
42
930
390
664
283
326
773
615
612
314
633
5
536
333
756
841
847
790
823
95
169
996
337
207
726
772
624
241
92
72
988
176
330
876
720
178
752
170
730
251
699
108
630
703
82
624
967
603
814
447
37
472
429
921
334
358
665
160
1000
868
544
669
831
337
969
201
448
256
337
657
578
936
868
778
787
893
513
866
428
809
103
413
743
331
840
396
247
234
909
472
970
236
282
965
946
58
527
828
346
607
663
717
739
519
986
476
82
254
126
789
145
9
613
185
566
142
264
767
754
812
386
979
324
25
595
20
764
228
938
822
31
47
747
234
349
403
879
963
434
353
498
17
883
982
569
498
250
897
963
804
364
331
611
312
795
272
520
914
620
350
9
895
371
43
796
152
974
936
289
182
