376
776
994
723
953
269
104
416
623
39
282
315
913
608
184
569
246
490
570
58
975
785
377
879
436
708
937
968
387
466
272
730
884
152
120
882
859
839
541
351
559
488
318
423
808
221
316
234
976
834
727
247
137
442
868
555
242
859
948
33
375
441
333
268
572
370
895
324
934
709
522
730
699
214
831
774
779
612
600
984
213
151
384
855
899
61
631
764
678
842
868
585
771
906
528
819
699
302
55
677
843
732
729
941
466
256
66
404
311
603
708
533
372
611
284
657
997
20
286
780
715
468
87
944
151
889
640
801
857
447
233
143
121
218
221
267
676
286
56
937
335
545
368
78
756
967
797
21
581
611
969
941
545
650
664
374
16
590
958
111
986
419
283
749
274
382
252
51
113
221
972
353
752
927
507
260
925
111
718
227
846
180
900
921
935
169
718
76
97
916
440
601
317
3
40
331
39
987
640
156
536
1000
608
192
274
162
750
713
901
702
704
948
136
399
914
693
533
507
390
786
22
125
604
188
658
424
952
957
898
298
634
214
437
674
551
717
558
747
475
897
277
887
477
370
717
38
854
172
784
474
973
81
157
766
307
572
610
449
709
761
58
533
1000
888
321
246
628
885
578
581
565
702
136
36
511
480
551
365
178
881
924
577
335
140
725
125
162
117
504
514
397
746
514
229
945
17
572
783
669
92
443
535
84
555
660
158
557
878
697
59
743
511
763
461
972
564
525
368
258
703
601
470
211
382
516
805
101
269
400
852
195
757
550
996
941
580
422
534
192
458
241
749
680
363
334
722
635
476
697
972
222
579
525
445
620
104
310
448
834
63
15
330
517
605
891
812
532
616
437
629
827
288
414
391
287
862
922
781
813
216
626
108
198
625
720
864
811
894
709
892
907
509
316
852
703
249
479
741
475
861
829
369
228
44
169
196
500
787
339
715
663
25
412
860
171
249
100
445
521
290
227
905
988
535
288
408
842
553
186
817
676
922
915
968
200
361
147
201
242
93
9
565
397
113
662
698
502
761
687
19
738
441
891
85
272
245
670
479
465
812
499
863
20
33
283
75
364
732
169
867
471
534
787
780
260
124
883
541
182
650
491
32
906
499
41
457
275
104
878
254
70
689
381
405
910
290
804
725
913
799
227
565
240
678
121
208
25
884
96
406
