669
295
696
939
799
354
922
702
735
687
351
338
635
822
292
812
428
882
247
877
482
764
860
202
214
515
46
89
513
24
716
371
149
33
144
833
396
635
459
543
126
128
155
413
238
4
991
767
108
226
664
29
104
920
662
429
330
46
675
934
46
487
119
896
504
234
17
890
951
466
191
909
971
754
125
234
608
593
59
479
717
295
975
136
986
796
623
610
96
422
652
160
293
102
289
270
16
287
925
830
47
291
612
963
205
726
937
373
449
545
291
654
49
134
494
167
59
165
342
342
100
957
42
473
819
202
223
383
1000
269
322
381
571
953
249
85
997
130
985
352
978
51
195
857
497
416
888
84
601
115
692
183
711
715
119
459
582
764
851
862
972
407
492
76
564
160
91
768
891
136
991
403
973
977
232
22
574
49
659
1000
168
309
11
377
229
522
587
236
435
924
354
837
373
284
647
509
107
21
296
566
236
366
910
281
586
204
835
871
279
547
499
570
381
28
802
864
2
876
719
637
233
820
530
858
395
120
883
231
741
161
503
184
748
703
423
534
869
850
58
943
