292
748
819
196
458
320
219
39
839
735
576
437
9
130
141
266
589
790
591
816
137
269
643
645
277
356
137
165
767
177
890
334
708
788
857
385
94
337
46
76
51
958
230
90
217
793
703
629
929
256
54
362
115
652
868
271
892
517
372
314
289
64
820
899
162
872
846
352
90
375
49
185
75
245
97
696
627
809
800
377
953
677
847
771
354
298
873
205
780
161
683
887
821
680
186
456
428
25
790
896
101
88
223
541
150
981
983
5
22
583
986
372
349
20
895
921
275
589
529
484
858
830
872
996
961
964
651
279
150
661
772
397
626
724
778
642
229
232
588
944
