926
357
866
357
691
692
752
553
249
817
317
71
652
846
871
858
250
964
756
680
53
791
917
898
335
881
68
645
522
617
89
507
911
637
841
300
464
211
589
395
4
642
786
891
766
546
721
534
677
318
688
699
202
856
704
241
540
878
587
749
555
86
236
529
224
111
782
7
790
562
865
820
612
356
417
205
8
761
887
832
127
549
612
292
467
582
472
239
301
736
323
992
141
430
689
280
437
83
432
352
733
509
617
401
201
939
41
548
499
43
230
593
63
273
306
113
794
712
378
434
736
280
778
577
8
993
924
471
277
625
112
209
522
627
825
214
400
623
4
743
924
862
410
672
95
767
820
598
602
366
539
929
817
743
31
331
678
872
925
519
93
219
369
232
776
544
190
187
108
171
753
550
506
911
878
349
395
696
597
718
510
997
587
11
521
33
51
343
711
752
628
396
664
90
278
710
751
59
797
742
386
83
751
642
569
764
851
622
150
89
178
301
366
256
692
785
168
634
424
824
882
383
450
512
735
88
285
925
853
984
56
217
594
884
665
950
986
659
560
520
417
333
819
747
259
324
885
746
231
799
952
559
590
452
885
949
378
364
525
456
797
602
887
191
144
558
163
715
983
676
626
642
728
244
353
52
331
689
774
643
818
59
473
654
167
322
505
938
130
153
260
83
678
356
129
401
793
461
54
756
305
320
516
43
74
386
121
138
396
361
475
327
741
469
527
663
968
396
807
536
116
501
388
72
108
493
143
960
649
794
802
632
621
8
392
321
136
181
166
462
461
663
82
574
639
312
890
341
966
437
947
174
938
171
296
439
373
725
326
680
674
503
231
984
554
320
904
571
475
964
176
96
986
558
996
630
834
799
156
751
562
943
623
194
882
148
903
574
500
559
338
485
316
901
688
271
853
987
999
509
54
252
965
418
698
546
387
765
580
295
156
497
523
239
527
953
326
825
392
626
333
16
750
669
345
232
769
333
208
730
514
743
42
254
494
507
968
89
405
953
635
173
273
782
309
841
922
208
106
394
925
633
106
382
101
65
195
205
127
432
833
224
926
868
521
809
499
293
625
48
544
532
506
820
657
955
940
236
845
751
955
973
209
595
413
219
283
704
425
295
474
446
84
306
986
803
3
710
260
276
53
966
868
525
24
265
703
88
736
362
406
359
895
195
789
933
81
435
429
716
493
831
493
881
508
436
51
790
810
274
358
627
111
79
893
118
55
87
665
578
234
100
870
370
70
487
985
182
291
892
997
54
942
615
805
551
851
152
691
150
601
869
894
709
706
903
789
219
662
967
450
90
691
695
611
122
469
266
674
144
556
630
791
803
181
959
984
640
846
242
376
92
362
381
94
899
377
932
458
450
453
439
747
652
141
538
407
492
518
673
784
653
817
39
717
828
508
70
585
780
92
70
596
204
559
325
774
724
852
114
274
992
380
351
558
407
949
138
340
777
951
415
173
659
128
337
165
246
985
970
491
929
596
786
547
693
804
703
901
148
616
958
834
491
981
509
1000
752
446
330
472
969
411
341
64
987
417
294
939
12
305
874
580
121
901
762
319
415
1
902
944
531
940
680
423
387
913
621
392
350
533
306
591
287
187
500
202
755
95
875
85
958
975
429
379
198
657
269
804
641
395
288
761
936
29
265
778
994
314
511
495
673
587
487
526
637
992
991
641
118
419
92
437
793
251
935
225
867
66
917
983
139
511
361
175
103
326
33
413
100
56
147
337
848
101
115
956
326
15
143
913
615
45
95
189
612
169
584
383
238
