160
857
321
197
606
45
513
381
897
88
76
337
107
798
458
482
971
758
85
656
250
606
966
878
331
879
891
248
488
739
532
798
456
336
629
823
373
512
255
65
654
447
351
261
984
394
461
548
345
965
529
394
41
633
511
93
786
279
398
13
50
952
642
533
973
696
965
586
496
147
16
761
784
203
742
341
1
661
942
48
358
470
361
430
680
735
310
71
779
795
94
729
269
463
410
469
391
947
876
118
20
585
396
739
633
84
256
877
796
913
556
832
364
554
836
441
474
368
943
748
938
44
496
814
849
44
614
504
276
198
758
764
968
982
253
966
418
786
971
930
337
547
519
580
297
509
165
907
777
821
224
228
788
142
559
412
621
909
27
361
918
169
989
110
84
380
512
906
282
66
513
889
431
334
952
851
256
219
459
734
115
229
552
670
620
790
675
451
522
930
777
646
802
492
628
884
723
925
916
682
695
803
540
906
363
12
894
182
576
20
509
798
579
137
900
732
186
682
828
851
444
538
907
250
504
238
44
952
543
525
626
458
726
740
507
344
770
861
580
401
871
559
783
254
838
275
381
177
746
998
603
402
597
991
80
878
504
188
542
407
888
387
241
482
106
855
169
314
574
795
266
193
599
780
205
159
773
444
501
138
719
899
200
396
234
905
554
274
496
64
76
999
471
333
90
109
194
725
51
736
721
45
724
978
957
7
663
394
806
911
940
645
981
482
449
244
860
21
772
855
438
12
384
631
807
991
5
935
66
72
765
355
524
390
46
59
217
489
973
981
303
371
91
883
220
600
786
272
324
771
151
299
656
288
48
145
778
249
640
758
691
826
766
63
757
246
661
383
125
837
34
484
280
386
784
664
213
62
296
604
391
276
96
37
4
844
456
942
673
444
753
145
522
53
467
962
510
258
58
718
180
214
18
745
261
660
695
851
872
918
117
970
81
311
33
436
733
95
544
357
769
181
665
418
495
922
543
460
254
62
932
142
720
611
552
261
610
906
727
975
457
327
469
590
492
958
602
596
386
465
310
191
280
387
416
983
437
991
502
3
318
842
775
232
135
34
977
278
278
716
685
934
982
971
988
838
818
41
764
183
