749
221
420
831
973
977
237
676
927
542
726
130
575
842
749
23
82
319
140
150
208
849
637
434
724
264
898
702
954
259
702
48
104
695
311
244
337
488
684
158
117
385
269
136
45
102
617
309
179
155
257
875
947
286
457
163
850
922
992
717
963
669
79
658
965
136
12
830
415
990
558
750
901
155
87
996
721
165
517
874
825
138
322
151
50
392
611
279
740
718
855
758
751
286
676
670
294
740
488
769
940
946
972
809
268
649
929
546
939
661
668
509
714
74
346
262
515
17
836
673
704
82
647
587
24
206
491
747
25
950
878
405
500
66
865
231
389
304
568
328
653
935
527
824
398
869
293
215
572
171
873
427
927
808
563
968
462
676
285
989
92
456
470
914
843
977
496
652
604
602
435
75
870
182
451
804
749
493
155
867
721
46
581
524
476
137
953
188
349
773
757
473
787
264
546
368
227
555
444
673
391
91
916
504
372
890
339
711
637
712
261
722
617
66
480
216
834
620
348
992
844
570
930
119
313
588
483
681
575
575
824
870
599
36
819
67
840
539
828
453
563
274
614
279
690
710
336
467
670
827
604
965
462
685
449
901
756
524
454
81
776
199
240
363
159
606
847
503
159
689
