582
624
651
678
551
676
308
12
263
267
25
364
617
680
676
186
321
319
465
507
152
509
669
636
16
992
160
123
102
836
193
318
535
849
933
699
76
505
936
413
304
674
414
446
77
11
845
165
228
634
120
212
139
516
403
281
815
46
638
878
553
757
786
830
482
883
156
498
798
25
704
264
538
80
224
794
498
759
386
695
180
554
970
495
748
743
769
428
263
722
583
323
918
754
974
861
186
770
995
991
817
94
494
374
582
810
450
475
955
912
551
313
33
458
961
682
842
982
693
528
465
971
693
215
396
347
524
56
271
828
840
867
404
128
344
53
144
611
321
530
732
599
624
886
966
820
927
837
16
178
91
360
157
570
76
838
555
64
588
157
972
323
597
519
80
415
462
611
940
749
384
335
219
299
819
243
925
386
951
902
550
9
193
75
972
122
850
85
285
683
451
51
590
229
596
38
336
479
779
248
64
334
960
65
100
198
782
79
385
698
29
104
80
638
688
22
768
214
896
747
630
104
464
457
26
124
310
543
708
910
416
534
487
764
255
604
905
338
777
767
176
806
992
868
211
312
821
208
283
546
175
25
79
637
791
665
274
914
161
306
599
673
990
189
525
737
339
285
63
883
39
857
727
296
936
543
295
540
643
722
592
688
458
947
457
482
422
292
502
338
466
181
360
911
45
264
436
217
49
853
820
725
341
33
20
255
241
6
189
439
477
527
536
731
872
799
813
54
539
319
901
857
970
206
859
59
715
637
574
969
842
923
511
348
36
703
621
246
615
55
445
957
926
672
297
354
262
326
569
756
698
332
710
713
259
823
89
358
82
225
72
42
390
90
508
451
250
48
958
371
871
199
80
437
407
348
249
111
257
541
979
178
386
803
647
833
338
938
788
293
18
209
580
912
555
990
566
80
700
37
323
145
192
999
31
889
200
386
886
18
870
599
226
976
540
995
453
324
721
861
351
987
787
611
78
789
848
906
450
819
709
83
687
600
458
2
860
181
721
802
912
551
559
501
843
67
393
469
469
380
242
347
34
889
811
446
405
636
302
62
695
222
976
289
66
163
159
668
342
361
182
376
517
104
80
367
832
613
266
232
596
987
485
244
691
627
503
256
299
438
283
494
299
388
209
851
454
817
29
135
608
808
202
759
407
494
902
212
645
317
141
667
791
522
921
448
604
644
807
968
87
579
739
367
623
587
653
223
427
349
470
97
388
589
512
757
526
973
703
173
528
260
238
104
451
153
844
69
976
831
106
728
774
120
449
740
412
915
425
674
169
194
575
416
337
167
257
894
709
96
515
305
738
562
668
675
77
305
48
543
29
431
304
461
93
163
493
506
93
161
738
150
493
731
588
747
682
585
623
628
876
131
920
107
732
217
272
722
993
50
298
506
987
500
263
86
292
18
346
835
540
879
423
286
650
371
542
150
328
29
769
201
285
321
985
343
151
759
264
53
272
227
111
67
681
34
547
49
141
196
64
458
732
618
374
184
435
380
629
911
172
927
916
361
158
666
573
958
618
773
