532
108
492
84
125
577
826
280
808
393
480
927
616
558
10
469
797
159
971
308
303
71
1000
658
750
280
161
991
363
667
836
2
697
983
821
255
566
102
927
489
371
256
899
403
288
367
62
339
798
85
908
54
287
41
265
739
191
834
654
642
494
465
530
967
602
188
578
645
532
181
732
268
328
792
147
742
350
884
411
371
845
183
951
435
92
672
834
300
412
273
676
49
450
71
430
717
531
135
865
435
556
275
350
982
275
913
348
899
202
896
714
517
127
47
226
82
471
853
230
278
53
377
507
243
983
277
293
585
773
765
946
961
393
697
431
656
102
713
3
915
430
780
256
581
89
426
518
270
884
587
749
92
497
191
906
32
828
910
995
475
958
207
234
342
650
743
369
221
507
466
746
572
400
679
28
628
350
233
65
394
458
571
316
15
194
412
735
445
884
469
986
350
549
911
939
291
378
414
539
472
665
213
316
788
776
721
983
513
536
355
661
871
422
937
957
934
561
292
612
487
814
30
232
138
208
109
654
87
368
252
336
792
70
460
101
273
636
468
882
403
958
655
922
47
200
313
204
566
574
618
