712
356
850
167
485
157
161
501
57
995
755
563
178
6
586
168
570
677
412
869
995
598
898
831
825
757
435
117
808
41
713
437
791
422
721
284
936
936
258
8
806
409
828
115
359
594
6
917
888
614
471
568
706
652
948
262
550
41
630
102
584
238
702
439
798
656
492
782
603
776
916
857
940
947
404
304
322
802
325
697
662
851
91
221
719
557
486
368
421
124
557
416
723
136
632
897
281
711
47
561
245
720
861
571
894
991
762
25
763
223
591
662
855
35
37
188
800
460
840
83
882
513
203
949
922
486
126
95
285
156
829
814
626
829
639
65
90
180
973
11
184
260
818
394
991
203
738
508
607
700
511
579
322
764
350
894
536
301
959
894
644
863
797
942
165
761
582
291
58
838
77
587
566
120
131
210
801
744
3
829
715
780
803
321
225
306
424
620
102
351
210
592
555
595
607
203
729
910
900
884
966
701
477
930
485
636
3
438
121
858
145
725
686
213
668
495
320
634
206
178
824
107
727
824
980
384
227
697
621
198
683
646
571
851
589
780
864
575
406
620
378
973
123
781
700
545
640
232
523
933
861
712
993
954
616
3
977
178
967
928
543
112
255
231
294
172
358
668
941
162
716
53
607
685
556
785
88
42
669
840
615
221
418
713
561
365
882
352
557
542
878
741
780
83
939
555
376
221
860
834
471
753
767
748
818
334
921
382
958
770
62
325
73
578
223
598
803
753
202
639
907
671
401
414
629
178
1
609
572
184
66
986
825
726
749
51
886
128
294
622
135
698
894
717
123
20
84
258
493
153
300
910
536
734
937
797
965
481
618
547
46
36
964
793
48
247
134
434
144
197
115
294
516
874
131
125
37
286
87
164
490
718
435
875
460
426
561
425
835
762
709
42
958
212
783
491
343
533
996
811
783
885
42
475
260
305
856
660
378
387
379
496
202
752
212
540
34
365
699
302
418
979
937
646
847
724
74
556
964
626
