116
782
521
520
583
832
128
310
101
5
246
145
460
604
445
964
558
841
104
72
274
588
342
93
800
465
124
75
265
394
904
814
146
57
937
829
260
617
628
137
324
225
474
109
943
130
93
327
950
681
386
597
771
682
253
763
756
311
992
117
175
744
777
462
116
440
890
829
893
293
801
702
553
735
978
615
514
740
995
680
615
430
156
358
97
739
131
63
271
6
427
724
606
881
825
576
180
263
255
817
407
576
154
348
291
324
373
155
720
844
947
822
469
412
637
9
6
83
404
608
195
728
859
291
684
435
238
41
402
236
644
231
195
70
232
410
233
222
357
408
247
646
348
778
38
387
668
410
945
178
380
591
817
44
864
574
595
705
527
675
910
914
703
320
860
711
651
871
848
916
619
941
80
63
778
826
797
495
943
599
121
557
859
680
966
544
228
769
181
162
936
665
781
464
318
852
630
670
492
819
126
424
936
102
803
534
995
677
395
723
879
476
595
47
378
475
899
6
438
898
853
745
717
548
943
309
865
753
144
143
380
162
238
273
50
228
160
451
53
130
511
480
853
439
819
102
622
807
899
109
463
511
346
911
758
390
321
944
659
861
468
121
67
595
878
313
743
648
609
590
458
445
955
729
766
20
116
464
570
611
721
489
637
893
307
789
710
980
873
651
998
244
83
916
691
216
484
380
622
89
730
127
350
894
547
949
439
487
838
555
456
717
497
812
514
533
577
747
793
190
63
397
37
929
497
952
821
476
551
284
389
783
490
969
155
543
368
874
957
727
139
730
745
167
965
612
104
948
212
831
130
272
889
192
777
227
456
735
684
802
