512
287
550
459
761
972
730
413
375
934
409
226
919
280
232
335
897
243
106
319
770
411
658
446
261
924
877
692
755
136
222
465
509
521
255
152
962
28
447
808
66
183
224
717
429
300
170
901
891
359
820
888
798
90
366
87
3
234
343
563
403
518
376
503
250
524
59
491
132
559
300
261
355
742
720
429
695
675
124
766
577
325
851
248
880
458
30
151
176
184
919
768
338
431
68
293
137
59
618
402
216
642
40
337
358
682
170
524
165
769
926
748
289
663
988
781
947
409
46
827
8
855
432
424
517
913
637
532
557
31
353
282
966
764
576
726
246
67
57
658
2
680
817
606
517
530
867
46
160
176
939
204
347
514
164
102
489
911
739
101
606
136
765
882
833
253
571
981
579
796
402
593
38
396
681
962
359
741
50
816
158
411
555
105
935
921
392
450
314
281
170
823
335
948
586
32
804
972
902
620
785
900
831
840
83
874
663
690
897
765
702
587
910
394
298
754
40
428
526
119
267
294
892
334
91
203
640
837
473
268
606
612
653
549
730
824
431
384
182
280
554
901
888
470
765
492
491
17
852
703
647
367
800
856
376
702
869
395
988
900
616
549
319
475
518
959
142
713
905
280
274
137
899
39
253
171
338
993
399
781
353
381
71
816
65
498
146
821
895
858
735
826
858
747
32
648
601
75
293
78
880
508
39
417
639
312
774
629
53
584
515
526
841
328
103
569
226
1
919
892
64
312
236
517
273
498
678
127
617
931
404
618
521
458
802
919
581
202
596
448
583
785
808
238
102
808
316
49
296
686
116
834
630
235
753
905
192
899
5
403
266
361
894
408
581
519
957
25
335
374
30
550
751
466
829
610
579
659
132
927
764
47
760
952
708
494
674
694
262
990
182
911
923
335
881
596
97
762
412
995
18
298
297
910
37
764
613
303
519
953
670
66
799
285
83
157
407
983
908
255
856
909
558
528
510
69
631
687
267
375
97
143
157
539
190
189
896
155
368
799
417
309
782
671
345
547
987
373
968
11
357
357
992
898
446
349
382
731
165
400
684
685
897
630
175
203
415
808
787
832
375
549
554
432
78
304
239
958
89
842
529
669
207
376
137
614
846
892
872
116
149
169
139
101
884
527
379
37
113
93
634
98
147
187
785
799
667
836
710
443
694
826
54
225
487
634
353
536
54
321
133
970
591
777
463
180
687
568
217
615
822
755
179
590
51
500
38
792
388
680
468
976
240
161
509
932
877
992
208
442
998
31
268
373
909
737
455
904
904
569
119
21
40
712
837
63
351
219
30
298
130
338
348
478
70
278
820
442
147
425
196
389
422
291
754
825
832
305
941
324
177
351
429
772
543
814
40
297
572
44
650
517
620
900
20
585
163
698
1
507
163
818
295
28
811
185
785
630
291
313
167
924
636
172
274
490
396
919
270
852
199
664
400
826
216
82
612
578
42
453
839
335
462
52
805
839
840
119
263
874
246
171
492
995
215
123
788
569
85
762
286
698
813
33
964
825
630
373
157
779
337
38
679
131
143
239
473
554
521
323
197
846
159
624
55
7
911
271
119
999
150
487
291
701
320
695
321
779
121
430
360
672
350
71
629
436
484
309
653
906
579
594
853
726
497
312
170
587
167
51
188
893
538
536
417
714
305
251
543
601
