219
859
721
807
477
350
716
709
360
13
311
54
893
401
299
296
203
569
452
344
940
257
397
103
705
56
287
515
174
524
855
566
772
373
134
112
863
268
286
977
370
487
406
64
532
280
91
694
768
475
709
991
455
40
801
457
657
637
918
148
546
917
104
443
479
308
631
22
27
450
142
446
280
585
652
915
6
409
784
158
273
531
791
652
27
245
304
695
835
758
899
697
300
956
583
823
917
327
310
946
362
548
467
319
817
820
659
422
468
208
845
590
491
52
723
666
989
518
181
600
413
489
481
736
668
267
237
729
334
241
542
689
872
192
145
861
594
505
74
442
564
656
84
995
720
845
765
650
407
638
30
563
767
541
238
1
890
946
748
514
570
906
202
921
299
72
812
336
54
647
546
263
95
953
310
821
208
682
440
1
