844
392
483
543
941
151
169
162
695
348
218
713
991
97
25
559
34
665
801
937
502
199
796
415
556
597
364
79
541
598
529
691
374
232
978
79
770
762
963
358
874
494
591
756
986
692
380
732
661
614
106
519
552
434
329
496
46
702
115
664
449
675
825
407
112
741
578
753
796
986
575
561
3
570
294
216
824
973
483
98
781
874
13
396
760
658
20
633
15
300
541
671
390
583
299
946
308
127
769
891
166
484
96
242
355
601
771
195
447
212
581
256
234
799
664
886
859
255
401
787
959
218
882
696
232
285
489
802
980
943
127
22
155
955
766
429
246
1
166
947
375
593
446
26
541
529
386
337
126
150
223
97
587
803
384
68
724
278
692
253
95
177
767
178
441
4
983
682
983
603
988
173
749
35
887
892
289
901
464
495
391
848
290
289
991
969
926
755
653
843
310
300
596
22
537
635
705
756
471
847
915
502
307
850
212
702
656
878
87
500
504
786
400
916
398
814
999
692
104
76
621
971
248
941
885
225
373
345
719
21
584
199
477
351
200
293
271
801
360
511
690
368
364
876
930
379
676
63
368
750
400
642
252
560
64
240
751
82
600
30
212
501
925
706
535
61
45
804
728
52
126
400
12
590
831
524
186
533
719
928
126
458
498
772
493
209
310
807
394
778
119
886
657
514
645
307
15
647
447
27
52
654
951
6
183
94
294
609
51
383
844
240
282
509
621
532
471
956
84
671
272
85
960
602
765
700
717
211
61
572
