751
872
884
518
868
740
706
225
804
567
646
658
965
821
342
216
377
954
639
831
983
364
200
161
245
407
846
476
98
712
545
541
612
990
493
950
205
20
396
827
303
7
786
187
818
809
412
494
225
5
841
265
439
772
476
591
526
425
602
842
768
971
190
835
730
522
906
929
589
977
96
326
634
189
377
269
142
190
262
728
847
719
41
188
770
231
660
192
63
347
62
23
521
965
574
282
273
375
117
766
150
952
859
101
120
302
636
10
904
200
843
562
833
832
633
773
109
923
818
329
857
106
849
954
663
372
260
725
81
171
72
801
711
314
845
93
536
211
389
284
868
36
649
988
182
254
983
395
676
221
663
243
398
614
649
852
41
611
863
575
728
869
96
556
886
155
43
690
57
367
408
917
37
726
262
734
621
308
218
138
436
80
88
243
791
917
200
198
991
190
21
983
755
454
106
974
173
961
62
971
874
201
556
23
236
858
299
447
158
724
671
805
814
540
32
343
84
131
301
435
981
137
870
238
212
745
857
23
742
32
785
847
617
60
632
896
725
642
655
846
161
108
715
657
276
229
29
659
214
514
53
977
669
813
570
333
166
491
304
805
391
287
592
967
955
377
827
243
292
961
582
643
989
736
81
647
370
752
263
973
702
616
899
794
72
543
467
987
119
466
926
95
638
894
69
118
222
807
985
449
19
332
936
355
568
230
416
422
253
698
92
930
191
939
34
112
360
255
590
903
98
244
684
516
291
872
519
839
398
976
436
841
957
336
236
780
455
989
315
971
110
860
505
444
37
160
967
799
63
995
188
390
193
206
442
816
829
902
239
488
878
482
239
660
104
450
659
245
435
850
61
748
767
103
804
521
113
256
389
648
546
33
537
345
330
386
721
796
10
680
435
127
145
416
156
502
186
108
808
205
586
220
867
290
166
846
989
473
303
703
