912
859
433
740
489
42
491
496
335
469
563
169
613
699
643
376
299
404
258
498
183
336
516
466
868
626
58
726
226
701
915
483
337
907
534
41
979
378
811
260
941
205
231
860
94
61
840
712
332
214
962
175
572
188
849
143
578
93
393
202
618
438
367
568
451
54
6
874
107
912
518
758
229
831
23
590
523
663
771
336
703
846
310
116
319
540
231
490
799
293
995
965
611
324
556
857
86
350
66
874
837
407
463
623
689
560
389
249
650
176
17
560
400
939
545
763
199
941
298
53
846
261
319
69
477
53
318
230
94
420
77
824
641
530
100
274
438
627
105
192
944
787
849
630
489
155
202
246
413
44
47
335
369
108
10
10
866
802
670
269
222
832
276
899
688
930
615
364
249
728
820
707
303
897
188
720
23
853
589
759
270
976
627
954
460
700
807
325
980
683
616
660
836
627
433
186
154
964
689
512
409
473
982
468
937
543
522
883
999
922
305
53
456
413
48
157
576
418
967
969
840
57
714
702
215
466
711
703
930
910
560
385
159
352
946
51
555
924
312
100
474
781
990
418
39
511
205
164
603
156
240
645
369
253
867
271
817
789
879
351
699
512
657
243
602
842
188
283
260
620
284
310
340
294
163
232
846
684
992
20
600
428
400
353
666
914
975
111
645
786
543
9
197
303
633
715
239
857
502
955
291
336
980
491
971
247
170
775
297
231
752
139
786
493
70
347
852
345
206
391
680
154
51
467
583
923
552
447
477
359
120
796
585
609
573
848
701
646
436
641
743
156
26
595
148
531
108
534
854
189
293
588
782
77
292
237
734
695
824
4
584
176
323
289
721
242
381
423
98
762
75
557
887
886
679
707
330
524
224
176
627
302
426
424
934
827
280
221
88
677
127
528
808
449
908
327
828
535
731
372
582
269
934
614
63
622
533
745
981
940
827
720
872
860
857
988
395
728
160
965
346
449
670
53
964
94
55
506
146
303
910
771
678
905
539
111
378
331
271
957
770
447
774
665
230
896
380
80
495
945
746
554
862
330
894
494
975
809
177
652
60
721
177
80
818
41
978
778
18
59
485
73
996
170
477
895
384
297
236
999
380
6
238
358
666
483
599
512
280
539
232
389
286
327
858
75
54
690
919
161
247
935
134
628
730
145
861
618
594
591
719
896
895
70
622
709
876
347
782
220
428
176
778
78
403
413
347
754
459
164
898
403
332
86
263
112
667
543
280
510
492
922
365
594
271
874
758
41
855
950
453
383
824
781
177
455
773
346
454
6
410
596
849
226
149
842
793
462
165
360
433
829
627
634
874
728
114
885
862
62
47
82
640
813
273
398
846
630
984
82
168
389
951
963
132
943
991
3
647
352
