144
968
236
387
577
482
488
979
177
706
966
599
444
312
387
307
569
761
3
129
812
597
802
62
730
817
655
531
559
671
579
14
889
758
468
325
550
64
755
394
567
595
134
57
653
455
14
777
560
251
193
247
974
242
925
625
594
233
456
161
810
471
387
71
149
745
212
485
786
412
712
335
444
25
428
198
570
301
989
882
222
210
937
340
562
436
690
7
864
457
872
60
904
243
548
190
681
46
18
232
902
814
523
310
657
727
445
806
363
811
109
299
34
290
300
725
460
732
372
734
893
334
166
764
205
788
266
92
504
556
556
115
206
46
600
70
704
863
670
53
709
266
672
580
765
398
847
817
986
49
119
817
656
954
858
452
189
401
789
563
894
42
793
155
692
175
31
645
415
411
789
248
134
123
632
815
952
492
834
946
213
270
529
338
416
282
742
816
300
987
149
486
111
18
877
173
113
881
161
463
733
276
910
281
355
833
621
350
212
50
262
116
797
995
516
247
705
910
200
287
348
56
423
152
427
920
476
208
660
971
365
159
883
492
321
523
872
458
394
83
255
487
832
228
484
151
237
801
604
224
573
125
59
527
709
707
413
630
816
266
411
808
781
949
250
119
657
716
61
699
762
578
403
227
428
360
235
128
801
888
769
21
341
49
122
856
250
284
992
44
194
814
989
528
731
469
56
491
276
331
2
701
184
432
369
802
461
865
592
338
925
374
332
942
635
560
645
703
620
149
464
646
36
999
54
871
276
31
174
319
648
802
499
863
557
239
376
428
32
446
989
964
27
915
661
324
993
79
307
776
633
865
840
223
713
62
171
983
625
737
279
910
136
942
8
241
881
184
470
187
268
276
97
50
925
931
270
549
959
88
334
672
903
273
515
597
433
78
947
422
500
179
177
684
485
624
44
467
972
107
523
972
623
363
803
745
255
612
554
85
105
92
216
344
402
958
479
229
629
95
386
234
215
318
988
302
314
400
89
155
797
363
322
4
755
206
824
308
398
687
439
608
980
779
552
202
701
817
79
991
629
326
325
511
495
963
373
40
583
696
656
32
526
731
188
878
779
325
392
817
942
656
287
179
441
441
240
13
139
253
131
945
924
166
797
389
219
331
613
218
398
808
367
568
681
475
158
433
455
431
482
48
408
872
441
685
426
815
258
299
744
283
422
166
324
349
540
949
3
122
546
544
41
590
220
401
601
655
40
302
966
526
663
797
195
454
890
634
837
421
586
301
223
733
409
189
472
676
945
586
538
234
743
1000
943
196
288
149
212
54
140
482
672
23
803
551
412
994
835
44
877
116
925
741
284
66
370
410
314
478
286
683
629
928
550
717
665
697
553
991
788
883
457
642
77
572
903
512
530
242
969
568
422
583
248
896
766
656
564
296
642
715
960
937
745
737
317
748
891
301
44
663
979
645
568
697
664
49
934
947
471
490
624
82
747
756
611
893
668
401
479
69
225
327
529
650
175
45
545
757
312
249
506
117
19
219
838
926
524
494
656
476
948
779
958
181
795
677
528
520
217
672
145
496
944
826
52
95
401
649
692
909
381
331
770
632
892
209
270
229
566
411
910
457
303
462
256
782
137
958
