312
49
89
841
165
988
508
401
710
225
795
409
610
860
931
685
296
383
403
354
253
273
398
743
22
819
345
788
933
898
209
770
249
914
317
550
900
683
715
501
771
648
228
392
645
946
938
840
852
667
772
916
322
477
388
929
71
444
795
30
59
594
764
384
648
703
967
404
516
586
208
795
215
874
439
997
556
646
745
931
205
608
958
192
804
715
195
508
367
272
174
663
785
130
586
919
942
137
950
357
720
432
686
259
711
540
347
446
164
900
559
944
404
429
966
766
455
511
626
507
885
985
543
275
988
995
632
950
152
16
584
643
181
156
475
90
649
349
440
928
22
760
682
955
249
95
723
299
751
856
642
908
39
324
471
53
46
275
978
959
383
209
171
598
445
937
794
233
3
51
900
150
49
295
378
351
754
579
51
686
206
396
400
731
16
869
407
568
165
582
133
64
345
461
75
545
198
425
882
670
174
764
813
379
297
789
841
936
270
257
879
549
700
372
952
671
168
659
456
78
464
475
804
709
639
381
575
671
948
835
538
598
831
206
805
627
208
380
192
942
617
372
668
661
720
532
761
687
632
573
317
736
811
847
702
370
339
464
88
425
7
353
338
322
517
19
773
925
43
262
601
726
492
290
794
653
692
416
96
442
494
417
73
327
717
145
97
39
270
717
74
380
677
538
746
356
197
600
143
752
581
533
452
533
36
100
415
58
999
9
649
214
621
300
549
64
91
68
352
540
848
740
336
299
268
993
828
966
361
108
922
982
168
908
543
505
874
620
574
931
693
774
802
502
599
351
343
431
451
506
560
56
848
201
700
67
38
382
16
269
113
893
297
116
808
622
85
85
765
222
142
354
610
407
183
920
275
600
426
268
215
838
798
906
404
319
115
356
831
987
741
575
372
711
16
182
279
367
488
293
859
925
225
484
502
121
411
455
280
415
468
108
616
299
389
532
644
21
64
477
51
72
922
254
579
385
141
602
283
734
751
863
545
778
470
496
306
552
956
530
133
392
8
987
988
891
949
796
366
506
172
277
987
188
192
819
534
803
78
665
202
502
124
765
110
623
796
860
748
865
517
155
48
543
550
778
153
568
232
739
512
671
192
194
619
594
973
584
296
281
12
957
873
53
174
121
572
716
196
111
894
229
515
799
439
397
516
769
526
432
523
914
73
342
832
533
487
107
432
847
357
822
54
837
516
690
616
190
649
646
146
81
897
748
469
872
422
835
123
808
331
39
740
200
192
390
421
143
62
735
56
171
199
375
12
412
497
395
698
472
14
879
279
642
172
67
874
967
951
508
598
837
853
332
330
125
626
50
751
434
926
168
331
581
740
835
671
332
367
703
