178
939
752
60
211
251
232
775
568
329
467
138
620
11
365
933
553
498
41
678
485
737
324
495
123
145
214
303
441
28
365
700
154
23
562
318
907
854
693
86
559
250
139
883
838
81
888
645
201
20
269
897
23
348
846
512
499
706
743
455
288
549
890
143
155
215
41
91
460
390
872
677
664
384
178
752
780
755
281
687
15
25
69
255
377
640
274
951
777
502
557
821
556
47
135
383
561
816
390
295
264
315
583
953
514
541
275
198
289
715
742
929
709
17
817
196
901
989
327
295
522
59
453
88
581
364
17
737
969
962
903
831
19
772
63
484
942
729
825
623
599
292
769
659
694
723
126
30
505
863
423
608
811
314
852
651
260
565
279
109
990
402
878
76
598
31
918
807
13
786
306
472
894
940
436
347
86
278
302
691
739
183
134
64
318
167
386
474
662
948
292
870
336
437
632
816
386
793
244
763
880
240
601
342
667
183
301
965
963
428
155
381
597
558
360
650
963
341
577
934
569
436
218
826
577
142
120
209
728
801
396
127
647
719
322
321
233
853
308
222
550
212
294
27
604
415
201
496
18
101
460
709
67
883
873
511
179
691
288
629
121
602
980
775
361
234
5
847
786
132
827
439
766
45
552
117
940
240
690
456
253
677
312
158
834
309
171
58
219
601
559
309
878
647
378
403
913
513
138
779
651
974
16
450
926
183
109
122
269
175
475
838
928
954
825
42
163
954
491
319
465
209
443
505
876
159
264
696
787
445
686
608
670
594
24
329
258
836
317
779
207
334
475
878
382
449
912
587
204
594
552
974
715
301
912
155
766
37
718
318
147
924
639
585
881
875
813
394
50
166
324
283
157
378
156
377
187
738
478
146
297
183
631
649
746
573
860
320
109
738
51
769
546
461
668
384
478
5
311
841
968
702
890
892
531
231
680
360
832
729
329
966
345
401
369
92
88
42
408
323
413
449
912
226
425
519
575
912
514
210
526
216
394
237
349
562
447
797
715
649
905
431
908
534
173
52
252
882
171
27
17
587
544
482
850
404
96
653
593
773
843
543
284
528
773
557
767
976
513
105
556
858
948
823
307
550
263
785
609
646
713
189
623
641
697
704
519
90
137
9
786
447
769
635
822
779
713
946
132
490
573
374
625
419
14
413
627
329
647
618
900
258
305
914
3
955
587
909
996
223
57
829
337
601
504
633
956
345
941
324
