154
97
359
376
254
193
800
837
705
682
145
521
787
173
217
937
834
454
955
233
903
782
744
311
271
677
36
304
104
448
554
62
238
573
619
533
556
154
187
236
588
30
622
250
814
486
861
102
194
327
565
820
372
400
613
937
151
904
735
387
614
723
200
361
612
261
286
275
757
358
561
135
738
162
808
797
910
835
9
6
968
845
127
323
676
672
79
991
233
995
407
258
785
904
968
666
455
560
555
917
360
418
298
768
41
713
565
192
918
276
321
893
37
328
65
604
354
985
714
443
873
67
654
63
422
982
644
811
513
382
