243
837
357
112
281
509
621
625
804
205
926
570
251
213
499
245
93
931
783
225
302
501
746
609
390
74
630
692
49
667
842
549
511
462
874
710
508
632
119
888
586
334
375
305
725
474
264
874
492
963
118
221
297
657
376
909
597
380
20
84
916
518
130
808
116
532
417
186
220
683
365
102
278
860
941
911
132
886
872
268
19
550
490
305
99
181
333
144
143
847
883
15
793
635
773
508
284
815
650
245
226
880
125
551
838
883
984
342
399
712
895
622
885
637
556
466
449
314
191
577
463
87
639
245
546
832
778
831
605
484
503
90
572
236
131
800
550
358
326
775
798
794
281
466
27
919
2
188
152
466
83
409
380
678
210
285
203
645
306
451
830
712
108
607
632
782
811
657
3
714
234
772
322
778
370
11
921
163
193
125
109
943
949
529
56
351
563
697
35
137
91
787
298
501
209
712
547
598
870
436
300
765
196
404
355
905
277
227
697
291
496
246
963
332
449
468
127
876
436
707
823
673
760
354
483
72
387
631
706
992
