549
815
933
861
871
11
343
30
263
514
966
422
996
212
365
936
390
99
211
544
354
748
760
966
420
290
851
589
240
847
355
954
976
594
919
168
117
335
324
307
649
824
119
669
282
147
298
551
696
196
290
149
93
331
386
792
951
367
49
121
232
947
189
685
213
152
129
563
539
967
433
790
102
595
877
729
185
415
308
626
36
125
26
501
750
912
288
861
562
636
831
434
806
625
519
653
334
303
320
68
204
342
406
863
162
256
580
952
244
153
199
650
79
77
76
319
376
530
925
18
112
765
512
433
543
454
82
11
423
614
105
265
821
516
456
47
601
688
739
507
367
6
596
183
687
367
646
633
755
918
272
963
112
374
415
607
507
48
767
275
