358
84
940
830
443
336
968
98
955
329
939
795
558
452
379
90
646
244
54
533
294
294
21
524
15
259
405
684
832
788
942
579
142
58
814
570
97
571
766
399
570
302
73
4
298
687
558
467
596
125
635
868
530
989
104
875
708
446
15
141
582
332
718
142
135
226
271
245
988
849
598
632
989
57
272
520
114
28
167
809
508
275
274
849
473
442
21
35
725
495
786
796
463
285
919
11
715
928
854
884
347
469
152
140
143
670
65
848
166
564
918
242
405
9
314
236
467
527
626
809
535
316
149
537
793
127
54
811
202
816
345
709
189
227
403
122
537
141
234
890
629
330
733
195
219
73
575
248
191
730
362
812
161
412
612
877
225
456
340
7
111
453
7
957
476
681
280
199
990
818
963
504
550
838
225
753
717
774
75
490
116
704
233
158
936
540
798
433
331
834
446
889
604
2
416
461
648
682
377
159
297
246
569
81
397
87
282
237
538
473
201
4
137
165
442
712
810
120
14
199
45
332
909
48
78
973
618
889
566
500
460
24
366
404
494
758
729
184
685
566
469
325
650
699
165
749
367
660
12
446
696
959
357
621
908
858
203
578
957
892
773
213
339
823
530
954
740
447
119
550
300
438
146
714
891
247
174
329
370
438
851
683
620
680
779
865
759
270
698
623
311
164
331
227
843
586
928
761
333
492
625
961
71
113
334
932
48
738
521
524
212
944
745
102
311
745
901
532
199
281
565
72
924
653
383
851
44
776
161
403
538
340
372
830
111
282
500
384
950
188
599
662
50
341
551
156
949
230
296
774
644
385
31
832
416
190
629
745
658
895
345
941
816
938
594
108
733
592
682
168
11
675
126
502
115
6
378
781
34
158
877
865
149
332
729
825
394
251
900
508
904
211
463
401
495
358
834
389
744
694
875
278
464
718
607
556
42
478
944
941
923
580
201
326
411
93
184
814
822
354
105
972
285
724
930
672
447
211
771
740
942
89
968
250
503
175
70
905
954
734
993
729
7
466
592
246
853
14
14
969
784
620
562
927
271
498
718
15
564
791
988
213
348
856
640
218
397
812
879
130
856
954
651
579
642
543
286
97
289
146
638
709
705
836
146
461
545
621
429
352
439
962
858
762
480
346
267
249
637
685
716
712
52
118
358
524
811
317
228
15
475
285
735
147
940
690
199
564
990
345
301
316
808
694
828
373
221
94
102
288
276
47
988
780
805
466
928
276
159
64
825
941
707
838
554
946
260
778
521
735
875
870
442
597
88
468
556
556
299
463
831
84
415
621
536
434
544
151
363
312
323
885
895
497
264
250
912
985
120
872
336
527
235
548
449
361
962
281
402
164
969
553
89
51
952
296
765
667
350
946
815
202
492
301
871
335
991
698
143
127
225
986
774
963
684
362
393
53
984
632
579
512
236
169
940
477
878
356
907
511
398
519
386
195
574
53
212
642
59
9
778
180
380
601
488
4
678
130
265
420
783
744
154
913
691
595
698
466
718
669
147
638
57
909
519
659
762
416
963
426
289
892
255
644
484
798
18
976
434
778
581
195
31
721
425
427
794
626
981
240
194
977
543
443
267
282
743
955
920
116
739
524
602
812
313
114
943
852
78
517
662
702
111
512
517
6
762
171
819
258
974
771
3
550
207
744
71
843
580
191
610
68
393
290
277
942
752
865
870
35
387
364
724
2
406
570
290
831
268
852
308
258
646
223
636
341
875
665
703
11
608
749
111
109
864
558
25
992
477
104
778
981
251
526
251
57
490
111
347
374
765
77
961
703
354
823
818
430
957
638
291
411
417
655
335
440
679
464
935
737
942
670
130
72
758
812
861
358
849
185
