34
467
297
270
121
422
924
727
758
780
474
236
608
769
217
661
687
966
442
963
442
124
727
709
948
198
499
992
990
214
265
552
821
683
741
768
693
950
55
808
871
953
34
69
41
161
540
260
361
788
505
69
18
156
665
264
780
343
378
875
880
219
342
403
549
981
57
798
458
614
703
157
623
198
178
698
79
137
392
957
843
529
634
265
456
595
769
304
112
794
264
809
198
402
840
823
979
369
297
310
51
795
986
865
534
964
198
84
938
557
347
675
258
658
747
386
677
937
783
310
193
74
425
561
18
750
247
883
782
579
530
622
759
791
792
993
828
634
327
276
572
686
385
126
883
438
464
714
497
705
959
140
178
677
987
418
250
995
621
212
309
503
463
113
525
552
900
297
278
1000
213
148
265
636
810
709
330
164
116
698
891
364
231
731
812
730
122
627
804
312
99
945
160
748
411
307
273
971
426
247
24
484
308
42
889
463
893
394
951
187
154
124
972
1000
803
882
197
820
182
407
586
370
151
706
613
889
600
658
774
538
234
402
556
577
526
43
804
573
87
799
474
182
338
497
353
668
91
189
271
281
62
35
28
345
146
782
97
613
740
275
162
508
333
394
218
228
581
723
345
330
322
667
737
308
839
718
383
253
904
37
605
582
182
321
195
907
346
454
850
703
397
277
244
140
279
524
277
693
833
700
182
614
676
712
587
519
871
438
812
788
972
553
608
709
891
761
213
292
296
361
585
869
915
223
290
329
392
378
904
818
297
663
528
615
637
631
183
745
743
153
710
169
944
848
274
158
729
308
677
837
949
880
766
549
873
683
802
314
130
23
200
352
664
394
550
439
210
799
958
399
981
50
725
158
716
325
30
700
965
328
952
562
231
158
954
582
975
542
553
255
612
173
860
548
145
269
186
683
978
590
651
984
996
582
650
626
528
793
781
418
