467
617
250
527
190
699
867
980
607
513
97
984
869
932
368
715
263
275
526
575
456
339
55
255
428
546
408
586
479
510
368
980
520
295
312
225
123
115
19
284
383
920
567
283
323
407
861
464
759
994
280
29
786
68
111
376
51
572
754
485
37
107
101
348
328
832
869
437
328
967
896
235
790
838
438
932
404
480
422
166
397
520
305
187
329
311
28
966
719
199
402
371
356
207
92
417
650
401
351
376
591
866
165
738
588
617
178
6
465
694
572
928
653
319
868
49
668
163
815
239
758
889
434
657
670
503
493
55
246
75
742
904
926
764
931
307
254
793
837
570
982
135
3
154
652
89
903
942
289
723
896
761
114
950
789
623
104
155
773
346
903
561
999
287
502
155
761
37
146
214
433
977
308
493
296
370
736
24
551
143
646
450
777
807
193
499
570
62
156
842
551
935
871
54
467
311
872
858
150
785
429
88
210
4
623
900
285
324
202
792
88
345
181
850
895
652
450
220
922
886
938
908
106
398
186
831
936
432
710
88
479
662
237
209
812
652
441
780
954
987
217
722
605
79
14
255
493
480
446
505
268
277
591
608
372
909
775
701
66
822
793
769
39
896
301
924
616
407
469
695
551
649
659
236
803
980
934
990
263
342
381
199
700
418
54
866
387
993
673
695
314
647
290
555
626
678
341
347
706
17
402
253
887
347
54
872
824
923
863
611
82
235
53
843
990
138
437
909
984
616
547
238
721
28
711
685
374
346
805
327
412
459
948
323
650
18
223
136
257
813
991
216
143
789
681
291
936
497
160
52
434
920
711
743
682
502
667
488
90
152
855
471
461
593
858
950
403
982
802
205
95
941
955
870
613
75
335
203
342
767
713
358
912
354
200
274
310
513
839
451
638
300
963
744
248
361
979
223
829
882
19
474
545
982
882
671
735
260
990
377
259
318
564
280
4
742
971
135
755
387
167
790
75
503
209
38
929
153
255
272
970
543
553
212
292
780
78
320
375
284
897
819
17
854
713
985
596
128
927
411
991
202
465
418
568
671
566
354
282
449
895
686
797
546
887
160
789
306
974
967
81
160
236
231
297
916
516
501
446
397
246
338
811
939
546
500
782
224
742
395
22
197
168
874
445
727
45
314
287
343
158
16
783
888
344
1
447
538
844
805
244
345
140
681
636
499
339
346
940
553
296
399
471
706
419
520
159
728
805
533
365
383
910
910
362
300
383
133
284
4
339
377
911
669
343
827
734
426
637
879
700
382
9
128
235
141
10
919
735
224
397
345
819
71
354
199
909
970
902
174
364
126
415
582
841
113
311
775
672
588
356
917
94
267
698
269
657
511
145
967
845
295
799
473
868
340
915
899
843
442
710
717
42
35
644
240
391
356
789
879
740
333
295
971
206
280
915
431
277
214
448
161
332
81
967
170
340
658
857
887
773
856
656
847
453
99
870
634
242
353
894
864
883
373
830
415
15
136
358
819
373
93
315
450
4
499
405
266
776
399
797
353
243
506
992
763
527
104
213
445
787
115
94
41
619
605
620
859
774
187
398
776
611
584
430
378
261
19
425
745
575
575
202
790
625
575
70
82
328
152
774
164
226
204
532
621
921
841
458
790
749
274
744
481
242
215
908
275
64
555
