39
829
156
142
282
699
525
323
650
775
536
684
985
324
128
18
992
448
549
214
389
370
105
962
747
892
276
582
289
320
486
791
239
910
715
645
60
780
579
766
577
758
554
794
838
364
482
708
962
891
294
932
663
348
551
396
302
809
221
613
528
950
371
461
933
431
788
209
753
835
415
155
34
116
726
877
643
602
773
514
809
401
782
912
869
630
542
465
97
203
437
43
244
162
662
996
609
862
489
787
895
430
721
227
338
826
741
336
820
9
887
601
862
255
851
793
593
100
204
953
574
684
123
564
891
831
158
916
215
478
92
62
721
955
921
784
478
451
979
698
883
102
202
431
975
595
841
695
253
491
341
337
474
555
912
193
313
851
482
917
211
232
394
134
866
732
419
672
742
884
708
145
297
826
302
92
968
889
815
609
77
471
57
545
474
316
513
673
115
700
667
173
270
955
831
207
947
750
505
892
861
552
532
743
657
77
810
729
502
773
448
276
905
730
841
1000
252
194
294
877
4
643
798
33
271
401
431
543
568
370
636
899
354
327
521
659
144
672
892
707
109
792
927
577
128
51
740
858
874
262
329
200
179
296
734
792
429
487
128
76
467
884
338
782
63
828
485
715
459
762
559
915
693
696
268
395
758
356
67
794
169
732
523
316
522
234
476
22
63
936
172
744
551
147
342
796
610
506
264
43
29
713
27
192
422
730
217
317
811
167
732
921
517
205
317
160
7
347
792
938
547
796
560
733
600
721
794
342
124
522
716
794
252
351
746
333
696
894
467
583
809
215
80
838
858
534
179
30
478
220
482
571
823
944
718
278
307
188
353
746
508
690
346
349
923
665
432
243
935
403
372
611
446
773
372
764
318
257
273
839
522
236
49
227
411
31
494
17
373
280
340
702
537
313
808
205
532
303
36
721
732
986
316
384
213
579
58
995
555
963
431
454
148
264
391
700
925
534
765
123
208
307
214
532
287
309
874
825
632
490
872
139
529
248
845
164
593
289
364
856
911
510
681
870
485
124
778
731
15
911
537
288
421
681
447
851
591
940
190
447
221
676
471
580
621
210
134
656
25
463
533
504
595
1000
506
645
215
732
310
595
87
802
956
160
4
178
240
353
377
963
315
110
683
886
275
600
677
242
737
690
