656
631
175
592
849
689
283
619
709
333
400
679
159
493
681
501
142
783
474
999
939
649
578
502
931
463
374
212
349
286
169
243
209
676
176
228
258
153
996
519
490
579
609
741
308
825
448
980
311
761
828
477
945
956
592
937
143
900
770
650
647
703
184
43
567
231
946
229
488
261
914
914
129
425
901
942
649
351
942
23
554
974
351
897
273
416
480
548
149
337
239
128
971
482
68
374
411
688
886
588
166
192
153
12
954
738
594
551
948
421
561
961
118
700
942
313
970
686
492
162
165
709
648
313
111
390
448
518
51
47
513
865
103
23
843
223
403
240
909
245
765
611
24
796
687
995
396
113
276
607
468
2
672
208
974
661
783
38
822
123
798
164
727
823
708
74
110
574
844
547
716
746
576
922
212
223
974
189
140
787
876
917
760
921
500
988
758
735
580
689
200
571
24
672
722
633
309
179
393
395
663
546
763
52
382
413
680
180
350
643
163
398
108
691
554
406
640
165
229
758
407
993
950
552
941
679
214
173
366
445
26
627
901
329
341
777
468
539
173
445
366
655
345
470
527
322
447
81
62
909
743
155
366
155
129
993
214
902
561
199
20
153
130
117
101
234
644
542
871
597
32
479
676
899
342
77
112
907
791
272
706
456
503
91
979
749
422
167
1
877
644
15
813
749
784
852
503
296
586
800
37
391
574
276
422
940
620
412
955
733
311
683
502
895
928
204
508
849
743
43
419
112
530
474
35
360
920
586
788
415
928
117
627
689
932
650
846
949
961
597
332
845
869
400
861
380
668
903
233
940
769
226
395
380
384
855
127
983
148
427
383
13
992
622
175
920
45
508
809
366
535
709
965
568
67
707
919
578
869
36
17
236
926
887
932
639
102
689
368
344
47
886
654
424
850
276
318
856
21
800
530
807
480
892
292
317
682
487
671
767
448
430
62
514
431
318
899
46
634
320
63
916
953
903
903
86
626
832
579
175
461
911
520
29
191
638
975
78
833
940
379
588
519
700
36
168
902
750
451
802
429
403
31
399
542
522
622
232
232
104
247
101
807
819
827
690
74
1
426
547
105
242
553
378
319
497
504
753
50
797
871
272
921
29
333
638
434
551
892
222
643
615
521
71
725
623
742
711
158
413
659
835
801
353
182
1000
30
808
306
123
492
574
860
375
727
9
261
561
327
52
896
868
277
444
247
721
398
365
473
969
194
37
678
446
971
178
377
604
739
943
999
418
731
798
510
211
215
64
965
689
868
882
456
973
783
320
916
294
420
621
206
360
229
865
757
59
860
657
649
193
491
685
473
565
541
883
68
35
45
656
405
867
904
939
998
236
701
101
141
72
