920
184
297
997
827
712
399
450
733
588
807
844
576
714
149
553
442
595
27
241
951
984
977
992
222
50
322
978
499
887
314
362
836
280
888
798
950
631
974
671
238
774
558
853
153
434
622
765
709
668
65
547
661
652
817
409
219
402
794
34
943
737
247
106
434
691
655
749
756
723
751
551
484
343
712
50
67
929
124
490
9
637
968
381
29
916
874
560
941
609
274
289
841
327
749
274
242
737
287
253
271
71
461
648
226
216
817
563
98
83
548
889
687
916
877
460
827
226
183
356
463
117
621
207
917
162
528
448
362
203
430
477
159
40
790
405
150
380
570
212
43
185
861
314
698
86
999
240
727
750
359
95
629
133
598
574
429
227
980
537
656
229
923
352
560
574
887
766
578
500
664
788
61
480
544
37
639
18
901
367
691
74
685
423
618
779
210
69
25
170
212
293
594
807
451
162
553
262
149
835
542
347
685
243
78
908
588
525
809
129
401
939
80
30
394
884
533
526
594
862
530
315
210
124
8
739
561
73
411
21
79
377
967
462
390
120
501
17
530
389
788
464
624
493
644
699
627
300
471
765
55
46
486
274
331
258
386
594
393
896
211
115
810
971
340
7
336
645
36
381
744
378
988
342
110
410
502
385
431
360
184
220
989
118
138
18
625
546
490
318
233
573
532
784
78
828
945
699
600
249
220
284
252
379
650
858
534
33
418
388
205
795
84
351
547
463
430
250
452
422
855
420
908
833
686
508
331
17
672
419
