918
373
420
938
233
385
179
231
640
939
274
574
813
941
40
25
80
333
588
116
924
476
988
405
268
333
839
425
821
629
265
523
997
300
524
88
126
714
849
754
584
754
113
137
577
432
959
301
126
433
541
49
721
585
699
638
142
332
613
763
951
718
862
389
594
667
255
965
443
65
500
809
772
788
201
358
341
724
508
702
144
666
424
699
349
928
599
560
14
476
390
586
9
111
754
411
288
376
547
206
770
544
700
325
502
743
299
569
156
53
548
293
61
519
300
77
967
493
359
907
189
459
721
272
255
344
656
735
236
166
517
500
407
500
742
880
956
901
356
405
