291
171
391
235
510
119
95
301
734
275
972
197
432
907
988
593
835
200
148
117
623
760
443
716
126
494
762
58
151
950
477
891
925
793
382
803
559
542
360
278
743
53
456
115
234
58
520
214
494
282
761
598
749
357
647
301
829
965
746
707
466
56
414
548
510
347
817
456
645
620
698
463
316
501
364
133
445
195
242
974
554
919
602
480
168
756
598
598
489
358
861
360
615
877
968
736
91
84
447
974
884
836
114
313
185
345
31
637
422
2
706
831
441
660
361
671
230
374
236
841
31
290
654
197
808
644
611
53
150
694
363
806
625
922
470
798
661
631
73
928
476
962
425
98
275
166
496
248
123
195
791
759
335
168
905
622
724
549
254
196
770
809
722
955
552
905
822
25
622
353
32
976
165
375
262
956
43
967
427
759
34
652
815
961
356
29
26
312
654
6
641
430
916
262
61
735
822
289
571
892
852
910
11
865
419
974
978
790
274
645
172
533
496
43
989
714
318
906
937
182
77
510
759
653
558
970
149
144
168
542
481
475
887
315
650
396
59
697
608
33
977
430
173
103
351
39
394
55
836
358
430
230
465
100
100
14
492
569
77
567
142
492
370
486
879
627
933
704
405
143
485
218
666
446
607
368
925
871
377
328
339
239
431
504
338
189
730
675
55
445
26
966
254
476
383
816
607
106
899
746
971
391
179
984
140
435
357
107
809
938
10
647
779
383
841
46
778
677
765
628
441
133
542
455
270
967
776
31
130
973
350
99
87
186
925
495
540
565
705
830
572
908
422
913
838
63
382
469
198
656
920
963
527
965
509
219
286
23
290
656
