217
690
408
499
849
327
922
750
679
100
5
869
246
399
900
339
337
46
23
496
625
464
635
372
285
154
464
692
151
851
324
418
315
333
249
720
598
662
764
920
683
388
599
390
9
585
971
876
115
952
836
248
909
682
829
866
535
92
609
427
968
940
906
638
65
452
663
351
522
834
300
326
381
540
48
308
271
404
585
694
926
982
28
562
136
544
192
471
851
317
924
91
977
145
322
603
33
90
181
745
652
628
499
554
652
361
585
554
837
69
134
964
727
907
259
197
500
165
839
365
724
370
929
824
454
411
738
801
97
601
885
637
423
837
957
701
51
857
471
377
453
433
727
807
801
658
834
402
155
111
