196
860
437
668
746
740
202
948
936
452
107
92
260
481
906
784
579
102
904
801
445
121
4
350
378
880
301
354
589
820
869
127
526
374
454
643
267
323
172
726
468
311
615
434
700
524
30
570
748
128
358
897
669
134
222
955
129
457
66
789
782
451
729
61
850
456
559
369
151
395
108
726
66
928
406
277
417
192
127
234
558
701
437
223
289
306
374
367
629
553
882
711
827
696
591
783
974
493
94
191
933
525
311
486
411
982
978
795
270
18
484
435
863
911
529
343
229
276
162
742
630
866
105
676
740
855
365
102
744
436
645
1000
891
25
585
320
141
232
869
15
628
543
355
195
630
379
740
299
152
844
657
834
419
33
856
851
736
972
173
779
753
954
121
566
394
435
470
84
282
179
171
419
932
152
779
525
232
644
153
822
225
362
234
382
51
630
13
489
255
679
374
227
660
142
72
573
973
777
951
500
836
232
392
536
460
453
570
995
141
508
649
334
400
800
96
491
324
595
7
138
860
639
729
138
611
777
197
415
243
484
207
185
710
135
398
577
632
924
95
794
737
532
396
381
820
422
271
283
944
12
666
40
351
169
104
7
325
700
811
759
14
284
568
457
264
813
92
460
529
709
264
629
364
471
886
228
101
579
358
960
638
269
112
73
631
416
751
855
339
380
984
51
684
377
108
534
853
368
850
50
844
735
436
512
561
732
240
703
574
351
226
957
42
79
921
593
405
211
4
784
212
777
245
912
80
645
117
254
98
353
325
975
96
870
832
859
860
845
376
786
142
569
428
36
420
699
347
176
565
584
167
598
544
464
252
701
753
188
687
535
26
166
231
506
396
721
886
604
7
448
43
830
76
393
601
448
5
565
479
96
513
620
81
154
933
999
29
156
125
499
936
286
372
134
618
800
222
417
382
141
121
260
17
927
463
508
65
308
826
927
89
112
487
852
356
869
468
528
543
651
441
404
914
319
753
802
778
848
93
421
640
658
556
334
48
165
503
282
959
876
805
3
696
4
568
902
838
971
813
59
494
120
456
560
22
805
237
574
218
248
121
379
401
840
832
990
513
91
843
488
451
349
600
709
634
446
895
971
492
135
13
375
233
56
445
588
465
430
424
326
874
56
114
424
375
33
507
686
320
262
179
983
294
657
17
267
207
83
210
21
896
236
457
948
984
993
645
711
101
50
584
609
56
126
149
988
577
789
568
205
139
941
72
645
943
203
270
392
329
683
247
221
671
626
729
217
876
10
71
422
768
68
274
771
353
416
790
826
380
579
626
164
612
369
235
601
493
663
55
622
503
96
843
442
353
315
467
452
871
600
833
502
41
345
108
503
561
573
32
293
839
345
978
389
839
423
79
701
277
412
576
933
24
983
884
301
290
630
885
461
622
111
1000
579
17
377
68
866
344
144
730
347
142
259
675
54
938
95
329
195
567
238
365
794
307
536
114
367
514
965
480
473
83
790
947
316
754
204
104
652
304
851
385
13
621
8
702
695
80
687
904
195
506
65
114
947
785
685
884
185
441
742
363
999
684
31
945
203
747
836
486
350
592
976
163
488
879
989
656
370
907
766
2
354
132
967
722
623
930
428
338
115
204
947
251
159
18
765
145
728
832
938
496
457
443
235
76
914
500
909
900
399
560
365
412
692
479
382
788
268
148
518
228
216
814
442
125
595
581
383
96
439
406
811
750
504
593
24
343
297
62
550
829
850
411
8
178
646
224
10
858
23
357
604
122
224
285
973
160
422
27
722
190
466
75
612
887
415
565
54
466
697
953
467
503
245
259
321
991
349
959
405
306
738
88
822
378
496
47
148
933
173
716
513
869
221
286
899
396
606
733
544
101
776
876
787
215
744
215
3
718
704
174
659
277
802
509
545
407
936
438
714
724
223
944
502
57
216
475
656
978
530
250
693
379
710
509
826
892
420
525
63
3
936
378
479
559
447
395
263
714
682
14
672
558
783
10
355
207
132
132
896
287
65
279
872
367
168
40
428
651
609
785
726
49
434
181
28
482
558
115
382
259
67
707
552
956
708
492
871
595
907
795
174
945
990
216
775
386
93
