486
770
292
572
11
112
96
612
491
224
977
47
795
893
832
70
418
462
452
644
980
710
698
561
521
427
733
673
713
933
20
288
228
269
54
170
163
564
766
886
755
866
189
960
372
970
367
139
327
52
735
414
432
431
394
9
361
27
12
905
438
286
893
117
584
781
590
887
204
196
831
983
260
484
267
354
847
251
396
313
235
311
108
543
741
847
636
908
748
802
118
392
362
508
401
891
406
29
481
950
501
554
853
435
489
620
697
118
587
770
299
859
960
151
512
512
590
933
195
710
68
170
972
325
501
640
27
812
987
807
809
963
586
590
266
943
845
686
207
598
74
91
948
29
976
430
189
580
249
989
588
336
94
850
171
163
715
364
869
196
763
348
715
223
739
320
22
593
932
457
868
319
188
322
574
278
266
671
912
346
392
919
225
547
165
785
379
129
537
127
312
747
105
864
795
432
547
665
786
24
957
650
514
130
90
624
995
48
534
636
780
232
273
462
582
689
376
112
39
785
762
967
157
294
341
301
478
44
969
423
542
778
869
49
302
367
606
331
552
394
268
842
907
5
102
619
743
250
882
610
373
508
314
850
707
132
867
161
719
338
813
996
270
996
175
101
658
108
849
786
483
196
459
752
118
611
379
288
790
486
68
499
395
486
676
372
648
435
703
531
55
414
359
546
250
184
37
30
780
593
119
903
838
495
649
90
490
248
351
648
26
158
550
672
533
298
915
714
272
486
261
528
914
349
367
790
705
633
473
493
614
756
817
607
923
25
424
270
691
820
488
493
567
495
213
147
231
964
683
502
654
5
425
769
92
530
177
578
589
979
496
646
869
630
136
861
679
894
307
704
449
881
578
448
607
447
511
190
984
157
63
544
543
727
243
49
954
12
796
468
92
71
65
723
929
793
153
610
289
160
899
278
66
334
200
205
854
482
162
781
468
601
749
805
296
398
823
765
851
354
486
423
376
327
353
673
111
379
521
27
839
687
221
95
806
803
508
871
785
331
633
324
435
929
49
413
492
182
863
499
922
648
758
131
157
145
979
60
756
840
542
669
98
645
488
177
978
514
580
775
325
585
780
163
778
768
519
238
638
261
333
459
332
875
561
271
79
747
812
276
455
533
231
666
423
52
201
53
903
761
558
840
212
319
730
395
797
758
85
146
65
565
165
810
389
906
932
138
11
651
85
98
2
446
28
879
614
886
66
868
310
787
217
386
884
903
835
632
525
987
80
95
785
437
473
761
408
896
703
26
789
965
828
825
15
631
265
983
190
540
791
371
857
494
445
803
398
981
498
463
629
586
44
680
77
761
980
706
162
974
851
968
100
845
626
440
708
811
143
335
110
217
456
965
929
883
990
845
499
972
60
168
753
850
477
601
792
507
745
77
135
198
17
739
109
552
466
805
969
299
668
151
19
995
75
216
465
973
768
852
80
356
657
687
550
179
999
113
227
330
713
90
14
826
893
182
623
387
159
674
48
301
876
876
993
138
467
883
615
857
594
566
62
286
66
253
149
718
442
616
61
646
42
524
271
90
571
131
465
964
939
623
927
761
449
761
107
311
604
87
940
431
122
593
886
527
548
184
631
702
609
207
60
894
80
673
564
952
494
573
236
194
616
293
454
961
455
429
606
8
975
475
205
19
168
404
318
998
359
933
818
91
350
944
121
115
902
662
294
621
875
594
509
278
945
912
417
173
378
214
984
714
748
663
44
226
846
320
953
251
777
10
83
178
949
839
155
439
493
712
523
598
409
511
284
155
887
393
55
365
291
293
770
849
406
831
883
513
47
134
46
614
74
989
980
883
634
6
465
390
711
794
420
583
822
225
230
293
908
278
554
45
470
775
278
858
373
923
954
964
4
634
926
412
456
424
207
138
580
906
298
860
20
75
381
766
774
972
981
984
727
283
282
747
704
890
362
57
45
593
862
129
655
916
696
42
441
352
288
736
395
43
525
374
436
623
608
539
365
136
705
451
328
213
246
66
692
488
97
613
587
528
205
26
697
243
772
358
856
906
820
156
415
516
574
191
234
837
55
582
