644
322
832
818
647
112
548
64
42
989
623
116
151
670
72
110
887
619
507
216
833
781
654
964
363
483
970
422
177
548
790
36
326
50
466
858
691
426
765
489
866
120
896
35
674
219
230
954
383
870
49
472
444
46
962
149
874
432
291
120
402
739
36
829
330
574
449
740
218
457
98
364
566
189
821
902
551
49
296
532
976
831
621
371
15
710
576
399
97
552
868
645
861
343
659
907
108
618
827
396
143
30
475
653
596
74
57
777
96
372
957
792
977
976
520
938
771
454
811
337
823
564
868
742
513
83
8
283
827
777
425
491
883
834
919
767
502
509
208
110
101
723
203
71
267
799
148
219
152
907
473
305
830
322
737
387
659
26
476
59
216
558
677
119
116
245
80
945
725
552
926
40
544
603
109
736
279
654
209
40
798
68
340
883
562
138
564
986
156
139
802
764
953
853
268
375
280
428
961
625
496
771
641
270
886
95
67
726
472
377
542
551
22
559
223
59
256
624
395
502
848
472
517
799
504
40
1
502
328
614
990
162
316
329
910
157
500
354
516
446
746
68
889
246
931
134
217
893
835
103
542
713
417
765
284
582
753
988
189
219
387
497
348
560
495
270
36
62
736
281
166
980
18
230
719
513
780
478
803
376
380
311
814
275
516
580
199
372
76
314
491
69
424
668
81
977
360
612
952
314
135
306
617
472
4
313
553
625
618
246
621
144
320
823
424
771
965
709
846
848
76
190
979
402
163
633
812
840
130
811
884
419
451
723
131
70
891
615
697
247
268
753
29
383
991
724
812
93
659
107
953
280
221
2
880
707
112
989
577
58
997
142
46
734
387
545
847
395
977
402
955
77
649
510
748
882
601
619
605
981
872
684
332
73
124
914
232
282
728
944
160
816
963
429
597
234
815
824
339
947
909
539
63
998
657
643
599
142
528
966
344
199
376
530
956
446
508
147
310
612
386
454
511
273
170
867
821
914
875
154
974
345
491
435
639
884
537
242
657
878
434
870
826
139
103
919
702
617
382
501
180
412
682
662
921
238
55
109
893
926
877
842
781
418
648
280
499
861
700
667
156
816
570
957
744
43
358
88
680
371
