482
727
270
337
401
505
319
847
616
577
205
396
400
274
457
79
445
402
629
80
792
674
263
623
182
19
721
141
649
438
380
442
700
334
868
145
689
398
43
679
935
585
594
49
37
970
798
422
807
22
589
611
140
654
907
626
534
643
278
602
981
815
837
393
411
765
159
742
933
291
708
970
523
593
885
383
159
755
404
175
748
295
635
587
171
814
93
33
18
421
471
552
723
952
131
555
249
155
872
379
771
360
528
721
543
321
750
580
576
452
428
797
334
883
836
699
576
193
642
20
615
63
365
871
519
856
34
788
24
731
535
462
173
895
413
516
585
224
701
188
336
68
311
821
352
541
850
342
559
143
4
159
248
552
454
909
221
935
125
327
375
54
747
450
359
498
58
872
636
561
727
799
769
301
95
970
41
335
12
622
511
424
860
93
211
391
877
727
486
942
116
807
719
194
533
885
173
317
545
644
703
217
903
777
780
103
599
316
831
415
319
701
265
233
456
681
91
662
138
202
580
279
439
949
198
76
633
853
467
931
968
265
544
908
699
808
212
220
142
642
564
419
260
169
339
126
800
86
643
469
618
666
190
236
330
249
238
190
834
764
198
47
109
265
195
570
108
855
359
925
49
346
170
275
20
560
548
158
135
73
380
603
390
278
850
841
689
652
334
716
885
969
456
200
267
417
615
411
949
349
473
268
77
860
173
391
686
138
502
92
613
611
174
102
986
621
597
680
455
343
430
874
859
24
733
580
217
199
694
738
979
243
251
755
446
598
870
439
571
698
111
862
385
354
108
419
784
824
126
681
604
925
138
529
907
58
89
991
786
656
555
122
252
981
227
580
645
884
678
884
842
107
232
595
519
515
793
577
272
695
103
24
799
566
999
47
792
852
974
789
660
981
282
600
361
965
656
358
268
987
659
863
279
611
690
415
114
749
225
378
448
358
728
492
314
181
498
451
436
477
365
124
122
221
706
119
512
438
797
128
973
669
982
645
657
351
146
4
101
763
744
1
211
147
539
415
125
169
307
46
133
243
454
199
702
240
744
287
575
636
293
287
740
920
821
845
926
262
933
506
180
894
778
558
650
28
743
228
23
832
832
863
164
700
561
734
991
175
913
83
924
914
802
499
745
794
87
458
333
923
808
677
110
784
129
132
358
888
914
187
925
415
963
982
569
733
794
119
782
184
298
196
458
959
2
332
739
502
404
362
833
118
653
914
741
398
11
231
808
196
198
369
258
235
172
130
944
980
847
260
586
374
149
303
347
330
479
206
816
592
541
196
140
878
402
147
374
228
962
307
313
497
971
835
377
941
552
956
56
840
262
4
175
962
630
138
704
377
761
329
351
182
81
49
877
133
778
759
715
115
758
111
725
235
792
484
118
741
792
883
494
436
781
406
959
344
441
512
588
522
125
184
198
163
491
330
219
893
309
392
158
352
88
863
918
157
496
295
170
265
90
623
361
300
588
260
714
334
915
531
564
31
488
731
430
27
382
365
261
135
257
817
760
991
396
820
608
71
762
139
295
334
943
313
765
473
456
109
661
594
499
89
502
909
614
180
4
735
831
583
956
457
83
811
99
967
126
930
193
373
362
359
33
479
912
764
460
352
910
926
132
944
869
250
165
720
730
218
711
282
254
984
237
86
449
543
721
564
691
897
715
413
77
553
305
759
1
704
88
863
355
261
83
545
489
552
541
939
847
151
594
395
698
932
916
804
386
477
643
765
481
258
155
683
187
10
317
284
992
140
440
473
243
622
820
923
385
296
275
928
493
115
520
423
746
651
207
403
20
129
717
327
814
464
474
745
696
763
745
818
873
671
767
273
415
575
23
501
531
40
17
550
970
949
939
531
706
967
843
328
851
831
387
26
602
938
123
270
624
179
206
323
525
669
607
437
4
34
713
818
766
287
160
498
946
168
553
242
872
44
934
595
746
414
366
956
954
844
818
207
925
797
440
763
478
457
865
718
82
483
243
721
741
52
675
227
27
329
310
286
232
941
946
383
168
507
627
439
82
173
340
94
521
245
743
159
664
207
844
9
532
644
363
318
456
137
695
269
335
943
18
210
496
462
652
591
928
164
767
129
48
44
721
978
745
143
766
265
233
830
814
461
207
342
179
962
502
749
541
701
651
823
304
155
916
563
667
455
278
10
589
681
186
810
717
329
782
216
697
377
766
794
29
281
138
849
205
850
454
262
826
593
774
158
896
640
555
333
902
237
993
851
728
128
963
759
1
250
713
390
830
71
416
342
161
783
22
486
146
255
