606
736
278
279
744
654
154
153
460
669
810
361
952
285
153
797
452
93
731
212
830
394
268
59
450
134
976
584
82
337
998
958
760
405
956
402
616
864
611
997
386
740
350
868
838
159
445
646
906
233
219
561
985
208
220
360
327
421
308
761
185
1
460
560
428
47
927
776
226
735
261
638
368
224
21
93
122
512
76
722
638
542
889
969
422
433
593
807
656
643
624
168
574
911
325
709
687
928
406
787
595
10
743
155
105
653
188
528
918
812
838
256
149
195
105
266
35
538
179
226
755
239
652
106
902
875
500
113
175
693
376
811
620
497
74
575
35
127
905
624
209
550
556
643
2
777
132
122
407
987
988
256
564
730
532
886
701
845
354
435
385
241
593
152
595
663
200
329
940
61
