419
721
968
422
755
593
253
82
956
313
622
452
414
374
186
811
950
274
498
164
480
315
65
428
853
400
984
455
554
922
504
343
675
332
708
96
490
743
436
248
476
724
723
46
210
211
731
357
463
671
401
656
553
948
849
301
709
370
629
105
53
21
99
949
71
348
343
838
245
756
877
32
152
538
77
649
641
394
19
750
245
518
360
692
268
532
726
708
471
636
831
129
7
432
74
336
638
614
872
509
793
223
345
49
681
844
374
665
715
806
472
398
188
696
206
851
109
55
583
271
487
676
9
149
185
45
959
940
601
33
145
163
908
39
361
824
57
727
304
625
336
349
919
978
14
667
52
861
24
43
618
508
482
626
545
348
539
99
886
782
20
311
795
96
440
163
209
895
369
334
164
901
430
65
516
56
850
292
902
213
563
224
246
386
325
410
126
136
898
228
876
244
879
417
876
682
120
450
644
285
926
562
522
231
295
615
468
89
62
785
748
589
798
730
642
98
390
599
108
926
740
641
280
593
289
129
525
740
840
372
537
14
418
171
288
28
971
949
598
657
66
782
284
65
348
546
975
900
486
541
792
807
139
483
214
583
118
972
893
961
204
744
392
567
230
57
221
203
995
109
203
247
845
707
584
282
61
780
481
370
184
596
94
236
844
322
722
474
837
828
402
908
850
291
710
647
743
249
101
670
288
227
560
162
318
742
541
277
511
909
845
885
153
654
451
928
224
80
87
544
835
515
61
912
451
216
590
478
822
461
771
364
71
110
133
270
647
436
585
933
953
159
877
210
235
986
999
126
989
430
111
546
917
121
43
285
650
564
783
678
171
167
340
659
588
475
772
572
613
163
81
687
661
466
252
747
49
290
395
559
240
609
943
559
761
623
820
47
370
289
943
72
301
965
358
147
692
523
518
386
869
12
390
572
808
246
548
465
508
716
608
243
242
252
703
13
532
469
162
808
160
721
301
511
488
697
270
837
144
437
584
85
471
222
94
77
788
742
767
874
67
783
288
553
58
42
276
400
141
442
802
758
427
356
488
44
728
296
141
792
961
458
759
191
860
756
708
411
184
32
555
484
294
940
717
813
376
168
247
163
957
401
907
344
903
997
667
628
657
997
334
708
67
410
871
819
935
410
99
855
405
369
627
520
854
758
386
317
963
940
44
671
625
412
703
177
249
95
62
440
51
575
975
922
434
645
3
7
758
473
689
943
990
587
556
156
817
584
692
536
155
587
29
707
892
569
591
446
957
893
898
907
890
461
912
561
181
942
408
453
427
450
74
252
45
733
668
309
317
2
259
64
884
79
793
921
370
754
837
85
732
851
496
424
777
90
169
41
674
814
772
427
771
443
181
159
19
190
313
813
893
263
950
861
885
78
249
756
458
499
354
831
986
938
473
951
449
37
420
996
414
457
597
592
774
101
618
239
869
421
301
908
294
83
991
698
242
294
71
482
31
440
637
750
567
490
619
581
955
634
345
485
911
366
776
757
19
857
206
345
437
887
173
829
441
39
290
287
435
868
964
534
499
391
382
711
337
143
512
176
873
826
828
327
926
706
217
438
578
445
407
20
588
579
406
383
566
247
398
894
539
69
594
734
915
907
807
998
893
4
921
561
251
670
178
562
76
794
919
943
724
215
496
190
311
533
530
206
715
425
135
652
36
368
776
548
212
657
806
864
446
825
680
599
399
445
885
509
130
627
407
680
68
350
749
11
169
192
440
542
136
534
909
973
473
670
347
584
253
918
662
931
636
31
558
41
592
911
42
928
464
853
713
357
947
872
54
546
263
762
958
124
776
734
770
373
296
384
33
521
630
801
317
808
590
717
115
206
567
364
262
799
523
695
812
488
333
725
300
505
762
612
650
457
149
419
170
967
870
621
678
561
624
503
734
29
36
543
498
364
550
719
284
380
781
29
462
536
874
405
144
971
245
306
512
405
206
12
501
933
82
392
767
665
184
450
451
502
745
102
446
276
391
686
598
524
208
561
666
96
803
520
729
847
915
624
243
903
181
613
577
803
434
558
579
349
822
240
25
659
643
9
774
177
810
439
465
207
475
292
6
210
746
888
795
312
765
631
323
152
675
554
39
607
554
731
420
489
14
938
