721
401
590
369
417
304
22
688
254
544
513
120
903
48
641
56
562
649
933
922
263
314
941
291
986
834
784
144
879
305
961
474
103
13
860
510
778
370
652
761
818
889
843
965
563
943
544
827
428
291
673
858
726
85
957
79
916
968
751
28
593
999
712
175
799
49
114
229
972
108
329
729
680
17
39
248
227
505
868
492
782
736
131
962
622
463
106
35
433
483
100
21
8
894
868
1000
505
920
370
77
165
195
973
64
503
438
306
525
154
685
857
461
899
808
67
555
118
852
606
371
488
76
362
875
437
909
604
499
119
188
246
764
666
240
417
790
366
780
551
299
919
800
190
462
738
608
657
851
478
611
112
229
98
940
912
724
933
498
804
573
100
811
349
897
776
925
106
217
989
2
126
444
591
242
523
536
823
262
303
571
330
695
204
112
245
743
392
167
278
264
20
671
253
912
977
842
957
919
567
503
298
60
879
954
503
459
728
72
233
455
889
62
884
980
297
334
37
282
166
66
833
643
333
91
308
160
829
993
247
524
222
638
859
205
526
58
109
185
679
987
774
904
798
761
577
863
531
22
216
388
176
448
628
118
906
751
273
427
755
629
7
239
349
268
740
473
229
892
42
18
117
488
25
270
774
949
44
265
178
47
223
900
780
351
756
644
118
868
20
529
508
200
55
464
510
392
673
427
386
397
289
508
426
332
607
376
196
486
462
566
956
47
159
773
981
873
283
633
253
524
811
961
335
833
806
704
196
657
316
93
67
280
12
465
753
758
793
996
930
43
936
262
617
958
439
82
388
717
136
586
251
582
264
226
340
157
63
243
640
723
810
239
914
353
283
337
485
421
374
662
670
996
366
935
155
861
718
453
702
752
926
914
112
700
644
276
972
150
986
392
295
381
964
458
557
363
264
298
290
27
229
759
300
302
282
103
945
469
776
446
700
563
865
432
481
383
51
776
783
232
708
341
589
745
28
91
656
319
465
966
544
376
390
230
421
637
758
484
917
929
64
869
332
104
132
668
292
37
623
209
595
329
665
951
186
296
948
295
565
29
116
831
452
863
744
612
146
420
322
968
245
436
341
192
164
341
607
62
990
577
736
666
743
65
549
35
722
516
677
932
895
756
890
930
632
870
152
15
539
301
