484
479
246
929
517
300
383
70
458
512
783
129
794
780
708
24
17
736
229
33
587
381
157
933
290
24
800
594
48
770
796
376
435
545
391
8
731
588
271
242
906
42
772
811
929
397
652
349
88
338
277
195
594
695
458
961
362
977
60
806
91
728
512
670
789
874
554
811
372
218
588
814
377
786
689
665
145
851
794
297
247
245
922
555
444
403
39
337
112
986
411
279
878
149
710
225
140
860
285
951
716
592
456
726
641
904
440
669
682
341
93
934
623
391
269
343
526
14
439
647
23
517
371
353
214
826
282
584
7
981
865
381
396
407
610
580
616
627
534
66
375
741
235
72
559
101
636
922
593
756
153
441
706
790
614
783
646
790
917
879
292
957
366
364
70
48
598
37
532
599
604
997
707
18
447
465
672
786
392
328
391
629
945
580
504
8
743
919
639
429
62
326
193
361
317
898
236
509
628
604
14
122
280
562
69
429
611
565
326
560
374
996
534
223
745
736
777
608
206
378
985
724
957
281
373
205
50
950
857
361
923
369
982
512
236
283
717
764
823
466
391
266
920
372
122
341
729
783
288
287
553
207
237
979
926
767
305
25
746
916
688
718
572
292
730
409
645
74
236
46
898
197
869
932
883
503
391
774
659
363
549
809
883
224
67
325
681
481
482
519
578
612
352
150
808
670
405
439
930
592
123
951
97
363
78
728
608
309
692
979
962
559
198
850
783
591
44
905
400
56
372
419
69
639
38
866
685
563
877
800
98
998
345
926
186
706
863
7
743
978
427
201
683
478
420
839
616
293
133
691
612
954
206
84
190
898
906
886
497
718
469
298
593
74
745
272
375
447
468
713
214
366
480
394
893
25
891
587
149
798
605
913
884
898
542
582
346
605
412
225
923
67
31
158
562
911
603
917
708
380
856
678
929
703
823
566
287
21
386
161
262
931
641
620
449
528
596
664
703
360
329
659
486
886
902
733
109
695
704
282
482
638
152
489
814
342
31
187
365
571
968
575
793
305
102
100
802
232
914
445
819
777
640
794
157
92
600
863
811
797
858
635
794
447
993
398
343
29
10
241
28
363
234
298
255
486
132
398
744
825
608
282
411
538
854
460
490
527
354
528
734
16
178
194
575
522
156
419
126
979
220
938
792
515
836
732
131
236
550
576
597
473
433
319
400
403
70
833
491
230
596
326
284
488
535
607
582
739
917
432
67
70
873
886
288
932
4
895
135
422
720
142
443
966
658
723
953
1
789
128
556
946
598
171
375
785
151
363
280
799
143
928
227
75
209
914
112
110
287
134
579
385
706
334
427
839
223
716
939
292
380
498
328
179
114
667
338
384
805
437
527
763
661
974
866
810
88
722
91
95
973
705
938
861
391
330
590
691
246
499
