3
657
827
704
850
71
242
193
810
381
978
127
27
758
419
317
366
572
500
364
92
517
816
669
824
676
547
499
809
434
485
453
390
329
576
964
615
27
731
129
523
678
740
575
852
422
891
27
921
91
736
719
82
385
766
737
969
790
7
490
897
748
833
718
174
193
900
241
692
66
727
708
380
316
913
755
520
946
360
764
33
666
443
945
456
96
358
507
644
120
229
911
794
305
14
617
541
942
875
359
936
777
154
883
810
326
846
853
457
880
79
410
344
186
923
610
690
175
579
355
844
723
951
701
970
910
336
362
520
523
286
891
162
605
64
201
953
125
601
667
456
807
341
999
732
813
896
948
849
368
583
85
373
599
697
733
214
779
142
333
297
398
556
874
864
572
417
748
107
423
729
704
583
764
69
573
455
591
936
94
6
175
462
311
425
125
568
131
609
314
919
509
803
287
385
565
960
926
541
66
281
308
237
494
584
731
271
629
488
958
85
825
980
389
942
786
250
444
649
472
936
295
948
533
62
924
32
503
794
970
3
906
542
484
139
944
409
560
668
266
441
431
611
277
193
646
873
286
324
484
52
849
850
814
551
795
878
859
794
118
946
934
724
271
79
277
38
923
112
607
131
810
228
409
943
978
711
67
775
386
213
548
622
717
825
163
921
20
182
766
79
76
27
547
300
537
288
152
714
132
407
652
755
68
869
961
808
407
535
141
308
969
96
562
246
168
939
206
961
911
