650
369
783
81
755
166
383
583
483
951
61
267
65
592
198
108
477
639
58
558
216
793
844
435
231
479
416
241
705
174
114
765
969
220
784
883
134
296
591
342
323
400
775
369
512
25
934
194
218
913
398
948
194
989
499
337
351
831
49
47
228
452
418
988
456
464
447
826
634
176
262
51
409
39
607
783
257
263
277
88
197
673
752
737
246
290
802
433
686
309
404
988
56
687
226
876
153
341
784
484
316
751
717
875
609
981
560
372
766
662
516
795
683
494
860
553
836
493
73
255
312
169
440
787
523
658
653
212
513
707
389
633
919
536
443
829
471
3
277
599
58
654
198
800
79
857
807
7
804
759
816
495
631
932
744
583
979
450
8
581
859
328
882
420
584
530
501
590
906
229
918
576
644
929
983
75
511
693
1000
694
179
102
871
654
237
163
79
509
803
925
391
339
466
390
702
620
253
295
353
408
330
808
876
968
636
223
82
496
927
212
254
16
440
192
54
80
389
556
417
326
492
660
559
129
26
444
599
823
335
503
367
419
394
517
310
965
802
79
619
875
645
927
250
312
164
821
783
541
690
57
556
408
726
31
659
751
673
855
280
376
845
594
994
767
867
701
840
354
278
418
302
249
922
161
927
65
229
520
396
106
980
957
433
267
763
59
825
446
358
543
722
279
58
988
730
294
89
156
82
560
938
321
191
818
260
191
878
986
243
355
373
327
11
892
331
487
236
647
621
196
687
955
183
527
810
243
482
988
228
825
187
395
319
202
192
488
536
475
405
95
714
683
931
183
498
197
1
682
743
303
306
915
752
801
952
964
449
553
521
706
279
647
262
89
493
213
710
248
813
320
553
396
45
561
855
818
970
840
682
504
573
813
561
213
301
456
376
977
570
777
969
846
225
752
382
544
169
136
503
556
975
292
343
572
847
654
749
722
256
886
15
223
760
220
769
798
874
517
298
620
386
552
54
651
841
649
175
932
347
752
92
139
37
372
242
409
664
477
79
594
213
768
726
966
797
344
975
400
157
201
854
128
800
412
872
881
231
184
887
834
972
904
514
511
93
982
252
234
522
237
790
860
340
546
102
715
763
642
629
989
341
318
320
201
302
410
829
753
93
148
281
784
499
686
233
800
443
453
507
1000
166
245
51
504
970
447
638
642
254
843
