111
620
290
146
634
494
264
296
542
932
101
138
698
970
451
193
169
622
367
34
405
702
817
449
126
127
968
850
137
177
486
699
565
860
338
825
642
817
428
596
606
73
797
999
586
526
245
461
416
763
146
731
630
393
323
669
41
869
534
290
91
832
315
641
476
483
996
647
49
763
807
675
286
326
68
278
292
426
362
730
673
27
564
543
810
828
14
159
661
533
598
581
795
522
402
449
678
913
95
680
131
938
991
823
214
480
755
857
468
792
385
662
237
977
721
558
927
556
120
949
73
197
441
306
54
602
518
814
497
68
426
868
598
956
93
875
166
625
119
305
584
139
970
406
715
932
296
80
591
734
691
404
513
670
309
897
269
713
874
768
364
631
157
99
841
67
173
136
839
884
793
772
765
10
929
568
23
901
565
950
79
103
788
174
2
247
986
539
24
776
731
763
174
865
201
405
884
482
607
223
852
414
822
805
269
881
933
865
502
42
535
472
287
408
902
219
279
69
67
909
674
92
144
791
446
32
689
194
832
447
627
731
434
293
209
24
50
22
83
292
86
534
997
896
62
815
984
136
353
251
936
71
698
348
616
336
95
381
270
266
223
568
760
642
644
938
781
820
741
722
570
873
678
840
643
129
782
112
3
480
236
577
495
505
747
209
137
525
337
641
46
528
360
276
332
606
316
60
499
179
173
120
251
166
828
516
656
348
868
380
755
725
434
838
757
407
768
481
580
833
589
472
205
22
101
981
485
504
136
507
677
354
222
577
307
293
252
863
675
738
833
32
941
54
618
163
176
779
558
745
732
313
588
292
912
458
259
284
719
981
162
141
549
708
990
307
6
891
638
86
419
869
358
68
708
678
278
199
27
680
668
640
465
500
689
987
58
277
142
52
90
425
742
164
220
791
472
532
117
839
349
344
701
451
208
670
11
344
671
284
10
181
623
813
650
458
295
854
859
493
36
548
515
752
209
497
395
639
868
896
321
514
825
496
970
381
395
508
584
92
