353
489
961
382
582
896
761
340
839
209
459
236
904
851
86
968
561
148
927
646
619
434
785
144
864
238
830
489
788
739
334
388
477
223
637
769
898
831
842
684
519
768
485
770
49
297
381
240
342
34
994
193
518
494
54
639
375
125
178
304
860
617
863
726
436
275
773
577
731
941
488
21
336
867
435
417
899
541
656
31
400
907
809
553
576
292
732
676
428
854
84
796
519
860
41
298
420
285
468
639
540
971
220
652
816
673
270
56
299
459
317
522
695
856
542
866
611
314
644
424
221
341
100
853
438
377
918
938
111
960
447
925
589
677
80
23
855
302
82
661
441
607
379
991
882
667
601
653
820
736
892
145
708
625
565
494
30
168
586
547
791
844
934
641
93
919
319
933
846
515
191
265
882
638
48
533
552
343
97
172
716
420
823
28
525
272
793
967
749
266
810
437
308
895
426
870
873
410
301
618
932
964
459
149
644
523
110
727
230
80
283
275
434
963
6
9
214
650
795
487
899
268
840
664
863
865
699
394
634
744
679
334
214
70
26
215
21
232
831
106
214
255
868
893
95
889
355
769
897
849
814
438
815
97
378
627
951
333
720
164
305
123
63
501
24
657
432
776
805
778
336
568
674
284
40
151
562
181
777
292
248
50
360
833
455
258
214
296
795
965
6
313
55
255
723
580
208
155
112
853
118
780
212
941
464
919
20
970
46
971
671
865
934
489
463
649
303
673
248
668
233
959
511
810
65
729
336
546
392
735
538
85
286
228
258
572
907
406
571
1000
823
500
484
34
357
38
743
90
238
193
401
314
329
525
512
239
405
863
525
459
350
681
409
676
99
385
826
543
91
650
401
539
415
228
811
171
694
42
411
10
468
532
528
633
637
9
461
943
346
277
535
627
780
882
233
761
965
352
765
205
707
250
631
247
885
438
850
234
737
232
247
351
912
517
86
831
826
463
432
192
506
966
818
354
569
799
849
784
503
128
694
386
747
383
631
969
157
569
961
598
554
787
70
501
128
733
546
636
19
880
784
779
824
22
111
902
922
728
617
652
65
691
410
522
933
213
912
608
686
474
294
277
467
916
974
286
788
533
874
422
