829
471
449
355
372
98
864
494
432
537
631
228
599
354
721
768
129
789
626
458
732
610
440
548
394
103
656
30
820
276
683
650
489
71
368
138
128
810
7
773
665
210
671
745
994
795
762
624
654
689
924
406
474
451
567
482
957
216
203
446
279
771
401
1
130
82
425
495
373
77
122
724
732
256
279
725
742
821
789
310
788
132
804
666
627
238
407
852
633
830
977
958
983
488
28
927
696
841
592
633
792
273
980
663
712
167
610
606
284
448
460
365
723
288
434
90
871
40
521
584
162
770
477
414
730
416
413
303
179
398
403
687
485
965
458
437
477
15
203
803
871
968
88
495
596
219
377
282
466
987
150
110
544
988
114
158
521
199
528
481
640
203
594
744
653
680
73
691
955
234
736
140
389
12
209
282
975
174
222
375
566
792
140
401
166
407
798
584
699
301
494
221
428
28
119
123
972
134
987
102
475
547
384
770
722
787
377
374
800
616
283
695
651
935
667
224
806
612
961
63
883
391
95
352
625
67
240
68
719
120
165
676
873
333
485
227
92
185
886
469
501
858
714
148
864
11
592
702
711
778
112
687
375
995
941
561
339
408
772
857
545
939
881
842
970
58
224
711
428
988
433
936
142
76
414
730
457
689
17
126
332
926
664
327
375
671
636
573
290
589
111
495
616
899
721
974
700
958
898
800
98
413
599
225
813
410
565
748
933
358
394
509
195
291
865
805
941
92
740
888
651
679
94
669
483
788
498
167
857
13
992
536
376
64
127
262
95
874
480
606
659
896
473
774
827
283
932
533
678
966
154
916
337
273
120
389
465
301
861
349
979
997
283
741
400
637
701
328
628
915
682
285
572
15
974
935
714
492
785
375
502
271
283
177
182
487
403
496
641
695
432
902
210
854
137
223
539
656
781
389
122
368
167
959
63
488
520
157
602
10
3
86
566
68
956
819
338
809
710
898
882
424
509
335
4
541
728
767
334
268
429
602
439
479
529
234
649
389
756
703
200
968
436
521
980
13
571
535
273
336
837
865
481
20
723
721
447
787
316
486
985
963
14
282
225
870
880
660
934
748
794
607
510
174
766
23
608
514
230
785
254
141
161
48
908
444
750
89
17
912
608
351
531
288
277
291
283
945
710
970
