976
817
224
170
757
871
848
356
685
304
668
264
766
816
418
142
116
295
2
502
689
376
16
679
999
999
147
75
314
283
656
472
320
191
952
869
604
244
587
469
411
745
862
615
18
40
569
821
389
122
365
296
559
491
979
362
570
686
669
58
354
523
201
590
407
179
701
356
776
997
279
113
61
759
46
102
325
131
409
620
428
608
718
125
504
592
399
563
936
626
181
679
937
257
147
318
569
375
984
260
911
960
994
883
694
330
363
121
548
931
62
222
564
394
307
346
665
517
271
366
342
427
634
674
296
85
71
730
56
95
198
885
699
365
92
638
355
946
106
922
256
350
73
161
669
522
722
600
707
950
114
5
715
950
373
833
95
872
891
650
658
23
780
207
104
950
865
576
671
535
519
958
734
64
242
915
254
843
518
491
224
920
642
806
801
592
186
630
489
519
211
736
495
761
442
912
660
373
740
699
393
808
89
524
849
205
551
278
80
406
598
447
406
88
745
255
516
349
520
471
638
482
755
245
353
677
64
797
921
567
908
632
591
459
67
599
591
438
45
283
427
400
266
769
622
324
426
431
887
886
734
362
22
843
735
61
695
154
109
80
767
302
989
119
577
645
136
552
233
97
814
577
892
204
671
435
511
329
417
65
582
255
936
688
344
315
259
667
515
19
130
907
536
63
489
158
223
836
516
116
169
521
802
166
246
818
513
831
82
704
972
989
526
127
98
510
767
380
336
802
165
777
460
123
790
531
122
9
837
726
427
936
814
485
972
108
609
834
455
35
869
242
436
539
840
730
382
246
384
152
405
366
428
903
99
957
185
994
876
914
746
394
581
272
941
573
637
270
625
790
210
131
795
357
948
911
329
536
859
468
231
27
465
177
368
830
891
272
153
813
702
269
501
478
808
759
481
987
510
533
479
745
200
701
3
306
9
684
396
351
396
781
434
762
708
797
355
9
110
766
520
481
625
474
3
481
259
48
761
942
124
713
219
461
559
838
643
707
248
381
513
865
207
16
784
140
880
300
530
808
886
120
647
982
398
292
809
200
10
173
151
182
688
849
510
486
162
608
76
182
124
19
943
838
211
492
604
154
766
922
394
360
692
652
709
353
545
384
547
13
171
68
844
540
507
168
986
515
32
195
214
544
900
353
905
876
697
910
956
263
558
732
689
216
371
819
923
223
356
127
189
836
814
879
472
704
935
235
655
653
61
273
202
459
31
862
824
946
370
671
828
234
55
584
846
487
287
51
837
912
925
580
167
429
293
589
769
654
739
601
717
960
77
813
999
746
634
645
846
378
100
415
226
184
570
450
792
108
757
493
108
143
880
172
146
626
150
773
414
911
707
82
323
975
511
258
671
396
199
703
441
605
570
166
702
805
972
618
786
32
26
204
298
705
287
293
801
35
464
865
801
353
730
222
995
481
914
51
376
666
438
82
809
394
300
400
351
901
913
772
901
569
1
905
883
934
186
889
470
163
976
998
67
527
429
245
699
123
89
264
315
437
345
33
754
137
99
916
131
522
288
111
178
406
103
425
595
150
991
640
73
976
946
203
534
690
490
463
421
476
730
413
983
195
949
345
884
917
479
400
946
400
227
335
312
675
404
560
587
236
853
470
491
257
540
8
881
810
598
10
167
412
30
624
249
576
478
102
884
291
