170
708
592
562
553
460
796
845
588
644
856
615
834
290
10
332
852
215
893
302
485
777
546
540
705
14
937
606
264
364
243
883
802
374
578
229
756
374
762
626
268
488
595
650
459
435
973
290
742
460
9
659
573
650
937
280
18
489
796
629
565
131
271
663
653
580
625
152
285
749
295
689
300
335
765
880
280
665
241
493
96
749
951
74
335
119
768
341
748
41
357
316
704
747
588
632
101
973
568
74
978
170
901
561
464
809
61
139
855
947
780
653
522
130
702
414
150
156
418
594
163
876
102
600
553
522
684
420
222
397
250
381
163
166
211
997
386
435
353
831
547
212
661
896
70
405
160
730
595
52
12
218
611
908
425
43
814
409
272
271
21
694
393
378
48
620
50
425
868
549
150
810
103
814
827
25
169
698
951
989
497
722
681
477
586
602
644
116
835
75
823
18
157
488
667
812
368
440
904
818
577
323
685
270
260
930
965
390
984
257
849
817
631
904
876
603
774
141
466
846
883
607
362
164
498
448
408
393
403
982
909
109
832
983
689
629
329
137
439
398
791
640
308
62
62
852
943
751
294
960
35
618
711
932
79
8
631
118
314
594
479
203
557
757
212
61
484
73
787
556
367
717
854
894
313
451
464
570
799
918
543
164
643
687
260
305
226
185
177
734
14
425
562
318
680
183
934
554
553
82
439
694
507
6
641
429
908
690
400
332
930
583
811
856
953
276
566
951
474
170
166
635
388
160
555
942
950
494
388
156
920
835
3
830
741
722
655
312
432
311
459
18
771
985
969
627
138
52
563
512
956
866
249
183
321
811
784
716
334
996
561
923
812
129
77
618
346
232
42
293
482
592
227
328
349
796
315
57
841
553
