555
905
26
911
64
929
701
432
277
820
48
405
430
394
225
157
567
341
327
647
892
973
721
804
101
556
830
151
877
445
88
516
269
875
258
992
900
837
696
450
688
813
670
756
543
394
501
910
745
108
22
377
304
133
587
936
395
131
688
541
9
331
569
700
361
264
655
382
163
472
1
719
558
686
462
112
205
563
434
260
115
367
121
658
764
196
871
603
265
732
349
588
30
292
647
274
806
490
839
595
22
863
661
186
281
965
679
41
643
691
711
539
679
532
703
134
242
136
203
947
136
274
213
277
545
695
782
475
589
74
