30
137
806
630
672
315
538
871
64
234
906
402
199
627
352
758
644
709
426
476
882
284
702
571
879
947
792
584
225
855
176
253
496
948
413
846
155
165
606
837
808
73
461
520
571
189
680
903
223
629
668
245
974
520
221
286
787
736
787
184
105
768
495
238
465
611
686
762
434
461
878
384
900
324
897
152
875
973
544
231
866
168
58
466
441
686
979
516
121
518
809
207
935
480
64
271
188
392
478
328
856
615
418
783
970
130
379
730
841
458
356
27
154
633
741
508
576
905
80
96
379
14
226
205
302
754
145
324
48
901
105
575
935
671
662
71
523
816
794
632
906
165
797
535
270
531
679
501
616
978
714
927
142
870
428
179
135
320
150
218
720
736
852
700
18
226
604
892
907
487
457
820
189
657
441
802
242
504
153
3
621
300
975
703
814
903
922
938
219
72
273
747
286
695
774
448
447
81
435
719
850
745
282
408
327
551
73
513
65
764
793
149
375
851
441
69
712
798
835
395
103
336
21
676
475
748
722
138
156
520
782
985
739
723
604
768
582
305
738
858
221
24
472
186
213
339
187
20
103
685
843
153
755
962
144
776
778
820
980
727
408
138
141
113
969
312
458
571
948
774
521
243
775
300
948
35
480
222
913
291
624
347
121
138
221
29
361
150
790
997
354
477
130
102
870
746
486
289
188
871
37
415
499
815
612
783
536
170
90
373
254
581
780
416
145
911
845
382
467
518
820
414
856
897
986
989
35
324
987
709
474
560
575
256
746
192
357
417
835
515
303
106
168
190
257
756
402
393
337
14
304
330
933
799
889
207
994
405
906
462
899
256
364
614
136
287
318
469
445
374
519
204
532
135
582
130
612
496
598
681
635
792
146
232
600
389
693
257
370
430
87
234
922
100
3
617
31
67
860
571
139
655
768
156
666
868
286
980
925
929
484
87
287
343
140
372
653
57
798
125
725
767
631
982
462
941
949
555
992
588
643
105
694
398
519
265
812
140
508
704
599
780
469
483
544
128
577
76
280
334
560
461
307
272
285
413
289
541
58
789
566
219
484
6
216
628
952
23
55
143
204
929
46
716
118
922
163
341
654
951
232
586
283
355
174
892
663
549
757
664
76
792
906
323
885
91
525
72
402
943
536
647
95
247
631
821
254
92
621
27
203
14
431
226
422
773
90
369
85
660
242
548
37
70
135
761
655
21
20
34
804
491
598
263
971
433
243
519
422
261
306
779
524
424
652
582
247
940
449
230
672
718
261
660
74
89
835
946
698
149
28
835
299
105
858
874
836
90
101
712
385
386
310
632
716
433
327
696
339
281
991
581
612
632
399
213
92
187
655
399
56
613
635
659
641
1
489
63
109
634
337
883
128
988
867
23
215
780
928
181
336
95
301
559
7
436
875
983
8
803
223
991
401
165
306
1000
35
954
168
475
454
245
454
17
410
458
103
399
846
951
897
89
886
355
536
268
265
688
906
546
101
41
509
9
941
301
163
707
151
424
103
117
80
705
736
561
428
783
928
391
987
880
180
316
583
684
686
353
546
930
981
902
769
399
368
550
726
858
684
172
749
524
974
324
269
332
743
155
23
853
599
440
756
972
910
645
879
122
357
871
535
993
445
459
428
683
471
731
434
818
431
134
983
169
285
558
551
682
925
801
762
510
871
463
315
986
308
186
662
907
985
327
325
652
213
445
596
524
422
397
432
642
859
959
658
609
915
107
216
806
250
416
39
450
944
626
523
459
652
518
820
478
184
703
227
653
23
403
412
615
950
413
634
548
934
168
493
949
299
552
24
138
101
341
482
242
151
355
68
759
41
64
384
501
526
530
630
417
75
923
966
361
523
150
795
637
854
11
471
704
139
350
125
339
216
701
999
318
461
907
757
969
987
771
666
497
249
77
911
662
640
624
275
363
218
861
210
780
920
422
798
10
403
24
118
373
340
792
730
730
795
321
409
370
405
845
311
254
658
283
362
929
366
851
267
542
890
17
695
731
681
28
314
714
907
89
818
346
61
342
536
758
431
567
503
589
757
849
75
298
75
887
221
968
183
538
686
801
698
798
958
182
94
171
278
446
487
696
221
143
241
262
607
833
115
264
188
923
21
257
32
21
695
263
884
910
331
96
629
279
846
912
343
982
945
764
232
341
967
330
996
769
458
662
178
842
832
120
362
244
89
18
565
592
563
97
985
575
56
426
