683
670
475
569
186
586
686
417
674
404
67
252
412
878
813
768
826
108
976
579
431
284
235
734
362
556
1000
245
336
140
81
199
12
105
59
609
713
304
458
624
250
829
996
653
842
775
798
919
471
66
26
295
507
957
16
385
324
559
88
580
749
366
128
92
876
185
178
920
926
846
732
855
652
93
18
563
516
899
482
720
692
259
118
76
40
808
511
551
895
884
354
706
635
933
946
961
917
540
407
399
153
795
840
52
662
458
378
927
437
892
270
309
988
459
592
370
829
676
520
495
121
19
323
244
718
114
750
277
48
771
219
601
748
978
479
669
528
498
572
120
609
334
97
647
336
331
801
355
667
533
1000
99
170
993
952
458
551
359
42
669
749
889
285
171
875
106
274
759
14
271
514
695
599
76
43
442
689
528
317
272
208
201
889
836
1000
811
48
76
705
547
747
463
892
823
616
751
389
809
684
981
7
119
771
873
710
745
87
906
187
989
776
809
966
978
808
169
713
334
755
917
130
635
34
50
592
509
709
349
1
534
657
60
200
300
990
193
379
168
501
565
784
176
273
351
574
371
55
364
434
558
203
745
759
956
624
96
938
105
886
268
10
704
196
919
537
486
470
20
288
768
997
316
144
978
195
44
854
681
448
603
614
573
324
971
266
382
147
929
52
44
431
765
994
935
733
865
930
667
882
9
228
369
329
175
685
606
704
494
497
288
327
181
635
708
522
350
699
987
595
949
60
658
444
909
812
869
265
842
905
108
766
287
278
201
205
667
588
458
657
283
806
723
418
214
448
535
73
805
634
234
398
250
350
888
457
516
456
129
320
796
35
48
308
835
297
197
945
123
410
499
598
100
439
914
504
931
59
643
1
293
556
589
480
164
734
707
990
859
795
116
173
62
995
871
863
473
817
405
506
752
312
704
50
453
178
343
131
367
510
123
194
440
80
182
745
645
703
961
833
426
449
526
875
937
924
38
853
368
498
669
958
662
92
937
624
103
8
129
668
331
968
573
209
54
720
262
732
538
761
895
304
27
34
231
744
601
523
900
988
918
