544
667
130
705
955
299
115
316
273
382
943
617
520
336
559
922
70
386
7
364
480
971
338
329
54
182
75
749
600
431
619
195
574
263
866
909
143
31
653
892
283
164
651
428
74
534
936
521
496
167
443
751
785
455
300
450
113
131
94
714
4
823
809
466
622
217
497
517
683
475
824
583
597
334
824
901
456
592
832
777
558
749
976
986
419
130
854
179
7
817
888
519
60
448
236
502
679
505
899
729
973
406
515
283
327
350
944
249
154
831
187
984
85
810
851
584
992
867
953
536
723
810
615
194
993
290
585
300
615
138
367
874
134
445
374
293
167
517
83
880
70
42
637
989
710
869
496
479
772
801
239
389
24
526
439
933
287
512
741
633
341
36
173
671
487
431
656
162
799
862
478
312
373
967
874
53
620
210
650
282
723
867
885
803
314
269
878
545
500
465
558
291
926
863
808
856
208
990
120
718
