290
756
206
901
905
699
651
337
962
541
142
345
592
328
384
453
837
593
260
200
517
678
606
894
294
646
103
612
930
288
407
657
261
366
798
866
891
611
484
913
815
846
568
574
771
449
915
816
517
524
312
768
303
290
83
846
579
675
920
927
219
715
165
325
70
896
961
900
275
675
394
519
772
700
649
450
999
345
651
387
767
136
642
599
474
76
60
1
909
89
32
356
177
376
287
660
985
196
327
626
121
804
57
544
742
251
76
295
349
996
469
436
923
481
883
268
937
988
546
645
864
91
641
916
951
232
218
803
409
99
822
59
909
26
771
640
760
109
921
217
31
578
174
609
965
713
839
103
486
321
585
679
742
346
326
431
278
330
50
433
215
80
765
76
593
163
898
798
328
383
729
581
405
1
642
795
67
757
652
877
688
188
359
743
321
280
967
564
142
528
135
664
330
295
72
114
596
846
817
369
737
212
598
924
535
351
423
870
616
763
