209
831
580
982
689
66
138
413
976
822
234
872
17
753
554
994
816
451
468
647
154
86
17
536
315
260
93
26
749
848
238
242
661
154
430
886
158
635
660
101
47
182
169
853
526
545
907
337
654
592
330
749
70
509
773
559
885
183
463
392
469
822
634
661
649
73
259
978
440
153
547
862
97
149
473
630
801
381
393
291
541
672
604
273
773
201
297
143
327
847
278
753
265
99
777
71
383
19
897
288
952
583
568
560
643
896
731
914
115
124
710
489
611
651
72
69
864
740
663
874
629
903
285
660
978
66
280
38
759
763
645
125
597
915
636
55
20
819
386
963
258
869
294
459
653
489
377
685
473
470
553
641
800
1
920
914
416
808
501
834
913
874
401
257
947
606
399
316
523
682
980
345
146
161
105
948
626
248
606
806
445
741
88
658
938
295
578
701
845
512
486
606
27
908
992
233
545
163
890
626
674
799
120
503
720
79
546
26
640
456
542
472
278
261
270
135
316
785
428
943
862
931
898
667
583
633
21
708
400
503
739
691
385
889
473
85
702
145
129
81
861
72
524
900
525
995
17
710
841
420
496
64
438
529
435
743
25
86
157
921
939
566
627
230
156
479
814
323
7
194
971
41
871
760
193
774
366
255
777
723
463
89
504
245
641
301
874
481
801
911
624
661
646
623
277
729
833
723
458
970
527
70
964
333
377
467
21
134
691
704
598
779
218
585
288
495
817
327
605
621
121
631
236
47
673
972
392
999
397
811
497
453
441
796
272
344
790
956
626
702
127
698
660
790
716
304
623
640
171
708
798
251
22
938
352
333
700
889
865
801
956
273
946
642
548
184
889
227
46
460
552
671
630
575
966
580
512
267
118
34
154
216
732
232
205
137
829
689
204
888
444
370
831
874
108
446
232
312
49
2
216
26
241
870
592
368
524
148
800
681
558
18
371
306
440
529
162
746
589
121
882
666
657
27
598
948
586
928
631
767
516
143
527
334
659
420
375
693
456
456
838
515
32
605
858
301
20
334
819
179
465
668
462
110
690
500
50
742
631
796
677
197
50
212
733
41
129
211
728
515
931
711
120
489
596
109
379
640
833
150
100
171
577
785
901
606
464
559
916
840
573
522
783
838
70
845
679
670
444
446
588
189
508
27
726
593
877
157
617
778
736
112
680
547
284
747
138
86
703
406
859
531
769
830
502
746
547
812
679
885
963
277
592
784
755
579
817
407
700
292
95
621
680
602
626
288
72
85
140
341
864
747
449
381
1000
744
173
935
49
429
201
782
895
707
51
175
464
161
657
760
384
843
197
943
248
836
603
573
414
151
901
351
450
45
480
776
674
696
422
862
747
382
184
932
336
686
895
453
816
405
360
127
819
433
419
404
983
966
946
341
