821
60
869
734
3
35
397
43
575
215
511
35
94
79
7
230
180
273
406
230
714
84
849
714
228
346
580
431
802
425
874
361
702
730
456
955
722
778
740
177
729
424
368
892
239
362
261
258
617
664
460
361
187
441
539
479
174
414
417
549
454
85
449
218
726
101
669
122
648
611
650
948
558
737
99
599
302
880
249
596
758
817
602
678
757
922
319
18
726
553
637
568
761
848
972
320
624
579
286
964
91
252
495
681
809
98
551
846
295
395
251
834
617
8
884
56
294
942
284
220
556
795
540
840
612
37
611
833
209
104
435
808
64
342
259
698
126
727
683
758
480
665
542
974
875
510
434
450
587
363
901
565
282
663
242
97
277
933
119
469
112
95
409
786
445
996
981
302
804
690
371
278
880
456
730
78
368
939
260
747
605
870
104
533
633
210
169
797
560
661
823
751
3
939
138
535
302
532
580
792
718
86
957
950
332
802
386
206
205
300
290
222
689
436
792
71
257
171
154
214
52
934
396
357
871
756
229
701
973
279
345
342
674
621
342
363
360
520
877
527
878
844
213
792
494
727
47
385
21
921
769
969
483
533
777
678
750
782
855
674
191
240
252
307
570
887
261
59
699
18
517
113
282
748
398
671
377
313
224
983
296
538
790
880
27
910
306
938
733
937
20
528
921
497
781
145
547
481
997
98
467
606
952
10
393
892
328
676
851
781
608
998
753
159
171
670
689
965
285
734
110
577
359
854
525
599
643
604
698
65
641
80
622
715
653
638
18
430
451
866
20
296
410
141
245
117
471
556
743
785
154
332
864
103
395
876
994
56
652
953
587
551
680
204
495
18
836
859
512
992
438
75
955
605
844
259
320
574
236
90
682
789
187
439
105
194
791
431
288
959
777
456
222
596
184
819
150
645
909
535
482
845
131
754
626
731
853
693
368
735
961
315
356
432
181
564
995
61
762
275
957
524
352
27
681
89
229
88
483
951
263
90
8
152
950
860
157
640
267
862
45
871
379
604
285
907
459
414
219
144
743
822
333
167
893
728
149
308
559
127
880
575
451
151
775
990
263
373
428
496
533
868
4
825
448
30
986
414
776
998
446
502
346
535
226
679
329
537
930
724
736
343
717
925
926
258
129
987
769
142
338
123
605
428
592
322
802
260
896
650
266
920
670
114
690
559
643
731
40
3
588
606
851
774
385
634
599
451
826
122
364
870
279
687
836
526
913
564
64
425
103
806
317
776
75
987
810
531
159
323
748
783
539
43
676
244
921
874
628
394
326
667
962
422
727
496
384
387
149
341
156
814
848
807
623
472
94
685
814
487
397
746
766
855
728
399
659
562
395
715
877
131
116
368
448
237
887
337
432
56
49
957
364
213
940
742
164
617
729
513
80
372
998
780
527
641
30
572
760
381
985
450
243
998
67
498
794
570
710
919
701
22
48
340
757
184
48
52
713
65
536
228
183
22
688
713
790
93
328
397
