57
909
33
548
262
283
351
973
509
370
202
261
707
387
843
768
181
707
147
411
593
761
472
498
595
128
645
657
496
775
173
155
316
271
221
385
726
338
645
460
294
488
488
697
231
694
412
89
413
827
240
301
963
444
872
857
750
293
522
785
845
496
822
13
13
287
264
884
843
825
489
421
664
225
650
150
125
473
272
418
79
89
833
801
138
44
215
134
355
531
256
540
438
632
61
946
611
65
492
23
229
908
903
150
430
483
531
908
458
20
311
808
257
64
778
361
228
764
22
47
881
275
767
925
600
688
544
262
551
968
452
547
776
194
294
698
829
558
96
347
762
338
534
788
316
930
981
93
455
558
949
12
901
140
683
986
209
126
35
657
819
738
729
908
476
995
586
630
165
715
31
41
346
932
340
919
969
593
35
382
920
762
776
132
689
156
561
697
119
50
299
340
760
988
992
163
157
239
643
61
848
334
13
102
766
66
969
985
57
6
220
764
348
511
868
566
28
63
223
990
824
278
85
404
54
584
813
874
273
307
344
256
583
321
389
946
836
391
966
771
733
148
458
801
817
492
345
643
225
117
278
6
444
933
498
537
204
356
974
741
326
977
720
783
807
262
679
429
586
227
923
381
874
506
214
483
474
302
869
377
54
205
2
441
651
981
70
941
28
910
755
45
748
591
225
592
203
616
503
919
41
605
815
839
536
499
406
362
751
725
325
795
329
739
355
157
892
452
573
680
997
97
623
341
190
291
969
270
13
321
131
996
64
223
81
645
967
4
847
514
585
296
119
854
106
264
225
766
96
339
901
231
873
220
611
428
651
908
62
887
750
227
581
199
354
708
482
284
761
913
423
381
924
709
412
245
463
234
837
738
861
706
943
743
355
206
543
393
178
473
947
889
435
44
776
768
528
25
889
220
85
438
792
537
2
501
600
894
416
418
703
351
724
52
521
273
126
332
990
933
755
645
616
11
814
767
5
343
346
507
100
788
885
673
855
807
837
265
659
401
248
363
260
56
220
703
438
642
428
102
856
138
509
41
984
962
546
323
197
992
741
551
526
407
744
814
867
390
819
568
728
742
625
136
517
189
459
402
677
284
512
22
970
425
306
877
111
411
633
717
737
397
203
698
179
300
974
641
404
447
811
439
566
341
741
957
694
428
610
219
462
413
663
440
852
925
828
958
388
803
503
571
312
910
546
402
58
197
228
820
828
625
904
192
967
547
397
704
194
874
345
718
274
506
867
926
314
275
121
611
790
17
281
197
224
148
10
670
764
818
