971
709
618
565
937
786
786
878
209
550
911
140
215
221
599
404
829
18
452
27
281
749
415
673
679
983
180
650
337
216
340
362
720
331
130
468
857
516
744
913
501
738
339
730
274
769
455
78
569
340
377
152
706
517
988
259
770
420
430
896
887
985
70
233
65
326
575
925
757
25
361
967
51
997
431
122
236
886
863
675
648
279
373
359
522
586
10
260
741
552
870
963
335
714
513
559
708
644
516
870
44
689
698
735
777
252
33
846
530
30
39
351
615
614
390
296
116
774
910
981
14
687
675
982
853
312
438
174
573
547
981
326
846
719
467
848
790
929
741
486
656
713
821
832
659
182
26
591
864
141
813
763
548
537
407
91
395
124
439
24
664
217
760
510
16
920
828
525
97
182
34
956
896
944
496
734
261
432
27
746
746
456
625
391
741
915
960
99
25
883
4
555
143
978
913
786
116
53
353
803
