983
289
4
78
665
825
807
144
638
44
686
62
237
775
506
409
816
351
685
305
786
994
869
301
494
165
596
775
134
374
714
354
825
710
12
840
841
16
767
58
936
728
16
918
431
614
46
747
533
839
248
86
128
107
849
749
900
923
529
28
795
311
104
758
577
182
498
583
109
676
726
921
678
628
834
920
488
475
782
543
278
25
8
118
156
693
256
519
644
128
777
270
170
829
700
205
90
885
194
878
45
43
133
348
933
237
503
569
566
804
433
139
35
716
828
552
206
499
887
986
878
474
994
354
857
431
680
189
954
192
598
645
897
29
96
182
23
557
51
586
249
754
315
753
358
974
282
429
907
84
828
613
65
951
992
348
62
6
389
250
234
641
562
557
127
317
710
269
739
45
268
386
88
647
631
36
50
393
77
863
6
260
925
624
931
212
135
613
232
389
488
667
236
961
8
754
121
705
792
41
31
263
915
339
477
164
119
531
313
913
41
647
466
155
699
889
590
64
14
202
191
342
685
641
45
361
358
400
757
65
768
667
499
249
918
752
947
421
359
201
929
863
91
571
210
960
668
697
696
242
781
968
509
263
115
60
823
59
665
281
487
711
266
292
496
633
179
1000
756
204
646
142
39
49
736
968
415
688
765
275
898
583
604
305
308
422
821
607
375
196
467
796
238
507
172
94
25
484
744
240
901
663
672
679
930
618
883
343
580
938
181
722
54
376
848
45
928
212
253
506
585
360
791
455
204
487
671
484
332
855
160
663
164
155
751
336
249
467
784
533
252
116
196
988
506
687
282
676
782
634
10
846
289
824
289
407
193
537
922
538
971
224
377
159
583
2
595
282
509
219
76
120
881
473
826
107
77
609
471
744
858
671
969
504
308
112
309
663
528
415
176
748
386
710
628
513
955
2
818
856
63
223
267
138
568
51
973
143
390
247
154
976
633
501
17
880
583
949
165
237
685
15
49
816
403
704
271
936
934
315
830
26
993
852
938
665
194
765
187
127
161
451
218
518
583
896
624
769
880
34
870
772
812
296
844
8
12
935
482
612
785
3
460
568
828
493
365
145
323
769
188
828
844
943
142
138
687
701
703
811
733
409
729
620
924
722
978
541
332
607
551
610
298
266
960
578
666
579
294
789
397
334
218
706
701
675
831
578
584
742
450
709
23
152
157
813
98
650
422
83
207
426
175
9
16
554
441
726
380
699
170
94
394
28
887
80
245
754
962
376
282
802
226
398
793
78
214
920
459
965
103
554
776
707
865
300
129
412
480
826
481
628
516
999
62
497
156
472
31
330
203
451
540
58
74
589
916
790
508
263
187
523
241
36
867
568
693
881
922
864
862
12
733
233
291
375
738
296
997
821
783
952
758
576
488
827
12
212
838
24
212
139
907
434
95
119
949
334
383
722
715
872
809
555
665
542
434
865
887
112
993
493
107
309
448
621
522
652
713
663
378
581
402
481
132
655
92
660
219
224
458
699
854
937
77
735
916
217
476
495
182
883
257
356
348
864
970
735
13
452
378
986
134
123
102
278
689
74
923
58
834
304
948
625
106
714
4
229
225
759
718
23
78
975
162
633
814
950
205
982
934
342
2
340
113
349
385
315
769
538
