863
935
299
669
879
163
994
153
540
999
136
609
318
108
472
55
377
671
951
378
229
205
563
27
868
778
20
404
373
957
495
325
461
119
703
147
619
776
592
18
303
193
443
973
951
504
160
573
40
714
644
985
936
457
548
956
317
961
353
252
733
759
682
63
55
674
913
746
933
53
10
449
747
741
383
295
550
69
488
218
695
752
57
157
269
491
33
768
614
477
684
376
796
499
808
438
565
809
982
631
469
910
541
688
448
259
962
377
661
782
248
588
892
521
647
24
831
768
897
451
30
560
429
187
779
162
839
639
490
633
346
560
999
464
506
873
519
139
72
771
784
268
569
344
770
559
265
329
906
782
371
444
196
370
988
172
258
616
286
125
450
195
954
1000
141
158
803
42
137
522
286
783
13
68
24
805
331
703
813
3
399
297
122
89
493
77
972
644
679
331
502
645
332
226
631
655
732
750
699
860
689
870
256
690
171
631
976
58
419
649
910
380
987
976
7
976
991
149
789
943
675
298
964
885
468
552
981
279
215
741
188
166
874
147
869
592
330
268
792
499
900
928
745
128
681
465
222
142
887
969
216
693
505
324
822
642
805
810
742
878
51
405
757
302
526
96
169
577
44
549
552
126
760
531
102
451
655
938
679
150
987
305
706
371
703
348
979
778
119
150
577
491
634
869
904
953
88
120
97
738
316
140
530
770
87
896
881
601
859
578
154
774
586
960
881
27
999
366
175
717
828
425
307
867
280
275
926
211
912
277
914
23
247
84
809
180
172
959
274
224
319
497
173
812
797
995
160
878
617
404
898
844
127
820
723
693
827
480
309
606
916
961
468
723
820
289
409
630
374
840
141
899
158
206
10
706
194
29
371
407
762
259
284
990
371
743
758
876
627
284
638
258
400
394
363
131
784
205
383
685
364
385
248
734
330
153
61
979
221
682
493
303
629
974
215
690
409
789
235
206
500
776
477
927
781
456
907
482
684
958
574
709
441
269
820
650
983
866
733
348
626
12
63
896
830
801
335
566
622
513
77
597
958
617
403
148
541
768
273
825
264
30
232
220
582
526
787
768
194
615
272
405
289
810
475
995
94
869
239
242
776
944
410
817
233
716
847
708
273
612
616
736
32
617
939
666
693
37
407
257
976
961
44
255
316
730
836
15
134
639
631
807
5
24
189
271
372
287
876
464
156
69
366
427
481
25
833
673
621
477
969
202
596
311
873
27
454
336
214
931
253
845
2
452
769
861
233
170
651
12
878
379
882
223
482
35
873
489
868
428
992
247
636
463
248
12
263
686
989
115
834
413
898
94
721
369
718
954
330
868
667
980
230
975
821
902
438
337
765
218
345
484
601
123
411
293
735
708
502
118
892
497
553
378
964
84
581
863
773
466
113
260
859
586
306
450
508
640
414
482
934
930
232
789
159
647
37
844
16
908
439
389
279
458
780
102
408
282
589
885
182
830
286
708
768
642
704
156
477
634
33
626
348
674
565
303
434
523
322
878
65
712
984
896
357
795
560
156
489
629
145
121
384
493
432
342
739
217
872
579
