408
902
478
768
863
637
864
58
843
610
211
510
254
541
806
182
76
788
770
672
942
685
270
468
780
336
890
760
620
105
375
560
321
720
860
975
334
819
455
231
654
172
99
300
802
624
250
597
875
252
726
264
344
445
820
35
279
672
607
16
960
515
937
142
91
415
276
888
513
725
769
864
561
844
487
341
430
401
599
884
198
12
863
676
977
542
225
913
892
103
21
260
547
612
369
94
927
838
746
578
24
405
361
241
562
48
624
434
541
658
761
454
940
878
556
709
220
665
686
159
608
736
322
474
965
448
495
283
951
500
149
633
257
317
790
291
372
731
755
98
957
991
691
496
645
235
765
503
56
563
195
364
331
17
928
329
848
716
72
98
708
3
543
497
128
656
976
753
595
558
688
590
189
50
836
562
746
167
784
971
290
479
623
359
336
456
119
963
80
495
610
490
246
974
553
705
482
435
499
507
682
992
732
815
936
938
13
820
873
576
786
44
268
510
818
771
32
826
150
848
194
735
637
554
314
111
24
974
547
113
914
779
78
376
328
668
801
747
250
782
917
307
330
570
660
23
719
537
601
18
770
397
505
33
995
689
231
785
278
850
305
757
438
892
548
143
314
116
280
541
258
684
521
958
150
763
353
881
921
961
653
858
119
481
976
824
508
370
438
535
240
977
269
623
555
891
679
907
560
903
576
654
782
291
286
386
41
917
542
708
561
503
690
853
513
110
678
605
232
402
248
995
474
828
637
371
994
886
285
478
504
162
380
28
914
465
402
392
378
727
952
719
188
960
950
760
506
134
253
766
30
740
646
505
623
145
743
356
684
342
645
521
427
770
63
880
158
894
707
289
958
405
682
235
600
256
835
40
953
566
546
935
281
998
75
516
114
379
703
622
26
995
32
993
61
256
902
469
940
846
404
217
134
20
734
940
37
414
69
920
576
677
136
371
982
594
747
391
804
738
214
385
121
116
631
673
264
747
220
627
921
289
32
587
864
438
626
45
422
325
501
934
569
851
849
926
288
558
516
533
532
766
830
265
691
53
336
976
650
117
145
484
816
478
132
293
349
766
124
435
155
495
932
742
234
351
550
709
996
101
580
536
438
447
30
936
697
762
988
670
837
826
373
657
469
808
446
72
981
119
202
270
773
808
986
751
48
944
627
10
283
416
858
130
147
883
33
95
330
518
799
112
601
702
964
231
71
633
54
289
714
967
140
406
528
968
597
861
663
220
888
915
685
964
949
827
83
513
214
986
522
1
626
692
719
87
467
651
840
90
626
52
508
144
300
283
362
872
205
385
821
622
482
446
747
954
645
586
793
319
349
804
975
359
111
805
444
25
239
389
468
2
283
85
186
602
587
131
16
782
360
599
616
269
479
5
117
922
14
348
464
206
803
340
483
27
103
240
40
80
9
763
772
559
521
259
275
233
101
538
148
546
920
105
452
161
629
821
990
361
524
609
486
292
762
854
178
687
626
604
512
430
120
438
632
570
290
48
399
98
482
270
707
323
901
894
811
584
189
650
281
686
485
31
985
878
889
395
36
375
2
712
708
988
155
188
52
395
12
533
507
843
593
280
437
289
774
574
380
234
443
69
525
419
872
557
515
944
229
756
582
888
267
512
614
772
750
76
225
942
108
81
989
561
315
499
213
679
93
122
961
800
729
632
132
783
328
528
984
662
443
89
87
472
76
210
458
606
905
763
954
925
994
509
217
164
895
48
764
230
403
908
263
660
677
905
774
595
490
287
499
287
339
907
830
615
273
396
453
315
473
25
434
265
355
299
480
636
771
202
375
622
992
85
572
229
790
556
76
658
817
515
305
451
78
728
169
81
893
702
173
986
284
225
419
980
133
293
530
340
159
676
953
15
650
506
990
950
211
828
927
559
634
493
358
803
836
492
523
905
875
470
339
364
248
933
176
20
283
691
669
383
566
928
332
103
819
103
980
913
523
110
991
882
585
760
288
551
588
919
777
594
819
442
420
853
685
217
516
48
380
700
838
494
92
195
467
798
184
364
168
212
892
579
142
362
300
60
920
883
744
929
540
607
181
471
884
176
86
658
258
187
964
954
644
432
592
82
116
538
686
521
417
186
227
123
225
875
190
996
