733
242
857
915
616
221
889
669
105
142
969
798
951
200
937
158
649
512
187
151
607
869
812
449
584
987
59
345
540
723
498
219
985
355
350
518
619
156
629
73
63
937
419
379
598
335
654
379
493
81
601
47
177
245
7
495
831
985
112
921
524
912
427
338
860
533
334
252
742
73
903
577
292
446
937
501
152
355
392
5
699
396
474
980
531
208
226
426
769
624
63
986
976
676
700
71
889
945
765
352
20
624
949
912
468
555
598
156
231
37
114
439
866
723
594
46
917
874
57
928
904
446
773
862
424
973
953
957
260
240
514
229
397
94
579
398
808
955
931
158
132
700
22
710
199
115
170
911
857
490
306
333
149
997
874
50
995
294
443
936
465
121
326
520
349
591
866
742
306
506
974
407
80
921
696
830
953
382
774
651
527
31
989
823
552
911
369
417
659
530
865
44
19
235
663
42
124
948
780
815
247
36
832
515
778
298
385
880
296
276
55
469
791
247
444
900
668
98
267
919
650
879
883
747
567
555
138
92
461
334
495
500
789
201
435
368
362
508
62
955
444
784
676
517
201
867
409
996
994
716
43
377
674
232
556
543
816
622
790
810
423
573
813
806
659
683
194
475
249
960
407
415
213
188
497
757
278
234
880
554
745
831
315
197
429
382
582
628
646
515
334
578
871
652
506
378
516
352
889
323
470
891
257
65
320
497
944
761
854
665
42
107
355
319
813
512
693
770
339
156
90
877
64
208
353
448
631
712
607
748
251
62
478
567
493
491
729
674
276
9
373
148
625
543
906
31
663
303
770
629
418
133
563
211
777
832
361
358
808
159
36
833
140
762
780
881
701
82
498
28
407
535
947
319
51
118
355
36
729
336
723
446
609
337
29
365
139
465
764
263
188
123
330
638
828
262
706
786
998
314
894
106
576
505
703
497
135
334
573
519
518
763
692
105
797
548
578
40
645
11
987
797
776
146
204
70
826
497
884
985
584
778
851
229
301
846
89
853
513
746
416
549
140
841
168
873
211
286
226
913
143
914
673
362
193
893
599
951
855
800
