513
564
239
528
194
732
253
839
721
930
336
348
195
822
731
203
978
240
170
728
769
178
379
505
10
329
100
800
361
946
695
712
71
819
634
589
792
44
762
665
900
680
923
245
79
973
475
432
301
652
342
773
754
581
445
443
892
833
302
489
895
845
665
423
659
445
943
219
437
812
960
41
508
830
738
450
909
890
396
623
824
814
464
869
651
471
312
893
157
343
73
160
336
245
462
789
367
469
497
582
511
213
952
691
629
949
90
878
695
843
263
871
809
984
689
35
63
430
747
773
850
762
312
851
662
416
849
909
642
646
800
296
60
833
847
675
537
230
47
410
381
578
206
673
433
692
699
794
206
213
802
254
282
837
961
441
264
769
507
261
304
107
901
112
5
466
598
507
273
709
468
153
471
781
573
953
532
385
136
26
905
8
7
800
228
940
700
319
152
18
668
747
718
125
563
311
707
686
551
1000
902
133
90
324
447
247
258
304
737
339
58
626
610
373
672
401
954
544
866
875
566
787
990
320
623
881
594
437
381
27
749
694
221
53
700
17
351
720
132
924
893
125
21
798
368
759
102
125
895
976
163
730
761
605
617
783
247
239
712
371
749
484
573
80
565
902
805
820
658
88
532
60
497
242
439
123
502
597
763
66
255
760
750
895
172
980
26
985
848
929
274
50
458
229
795
22
34
815
988
574
160
101
140
312
295
816
555
847
952
261
523
807
289
351
768
452
76
629
363
281
714
565
571
852
569
750
881
138
635
456
649
674
127
712
947
719
815
770
817
655
143
880
731
491
833
793
505
767
738
36
416
824
106
118
687
193
360
111
195
520
707
164
486
616
476
844
768
171
228
184
609
895
729
114
102
62
844
386
493
689
83
853
673
846
884
114
509
702
827
238
27
40
651
168
825
352
777
632
64
571
164
526
746
158
769
3
593
360
468
234
833
578
685
828
49
662
943
856
223
546
472
781
138
225
452
2
645
684
216
159
695
640
773
836
197
685
6
791
195
762
967
927
203
398
433
287
255
150
765
281
60
270
252
946
809
935
130
612
847
31
955
386
892
170
522
732
208
123
492
219
831
834
948
36
321
412
964
795
892
128
35
882
356
481
814
214
457
357
871
1000
969
923
604
674
900
161
586
85
683
704
849
758
299
624
13
885
472
884
145
761
550
305
458
727
427
275
564
789
393
711
659
899
667
551
673
289
646
492
61
627
333
890
203
101
865
522
363
300
844
142
591
394
251
33
781
39
664
891
151
81
548
753
285
669
465
247
42
838
944
613
539
230
984
761
176
759
670
725
514
515
319
62
235
69
701
12
30
788
556
49
193
757
805
750
263
917
813
793
333
172
869
702
807
416
319
419
655
586
797
339
553
1000
145
850
922
487
422
444
564
542
840
700
336
669
701
929
12
656
411
378
286
927
512
592
386
863
314
230
734
321
510
644
366
422
643
739
138
684
717
961
613
856
337
106
986
27
155
125
154
65
561
627
53
259
861
267
609
405
834
620
115
405
547
15
456
142
564
618
778
85
936
766
775
756
617
63
849
718
394
193
712
589
961
490
445
830
781
690
226
183
695
32
573
87
739
629
624
113
467
597
903
855
218
410
491
829
116
106
532
673
63
370
987
569
934
198
336
743
844
370
719
262
792
18
434
115
801
867
474
515
428
701
279
793
31
415
95
884
489
568
928
716
580
987
666
381
176
867
896
222
706
306
494
839
760
472
812
647
783
350
518
852
27
873
608
401
511
745
97
863
444
144
193
756
790
442
864
403
321
491
349
849
91
8
441
350
540
585
862
453
21
609
983
57
17
905
579
864
960
926
117
778
100
298
339
640
392
941
435
445
49
750
650
146
695
171
122
693
413
552
802
915
247
575
520
800
639
524
356
401
229
295
131
28
950
623
94
486
693
833
943
343
493
93
117
602
873
624
353
227
434
944
334
565
551
339
577
371
947
779
635
341
162
639
181
500
689
304
345
856
157
64
785
719
74
286
153
230
814
59
385
496
557
403
882
8
448
586
357
889
140
641
601
392
680
381
306
163
824
904
143
427
704
295
432
401
641
79
923
925
833
655
623
665
733
252
561
742
987
497
818
918
986
179
167
762
129
628
460
859
154
549
978
867
201
355
452
875
94
363
835
606
595
537
428
641
765
686
272
480
386
738
600
844
47
461
868
956
135
490
996
753
406
557
347
155
464
478
870
107
966
181
712
177
857
519
974
625
346
343
303
777
930
73
355
561
172
1000
95
884
935
789
61
89
41
2
303
309
455
287
