335
90
818
19
40
764
189
292
703
188
238
634
969
216
857
39
783
867
128
687
294
469
704
922
424
323
491
3
156
531
935
84
718
204
248
403
752
389
127
947
238
816
468
370
371
507
223
620
927
758
288
712
563
939
401
135
439
109
644
679
596
180
16
423
815
773
66
737
54
187
295
141
140
818
581
447
411
535
171
705
779
295
703
825
288
187
236
354
463
640
664
978
47
184
71
939
351
576
933
200
264
814
85
95
308
254
95
164
723
195
703
153
465
294
272
17
64
219
827
896
129
713
274
111
676
559
551
733
620
604
778
201
960
546
928
393
744
577
399
320
804
891
235
756
866
905
437
140
192
95
178
736
409
503
139
844
604
459
701
508
259
850
913
847
435
41
533
306
233
501
688
766
458
187
993
344
196
852
237
98
76
889
501
804
752
819
69
187
205
537
418
735
879
556
73
33
446
814
514
722
288
762
223
726
484
734
33
335
596
192
314
938
698
426
371
356
944
683
449
966
248
952
49
812
905
969
330
11
555
60
787
583
441
696
348
592
682
815
309
333
163
953
925
900
177
16
555
939
673
224
331
218
443
891
67
998
871
301
938
117
995
420
955
563
897
715
766
33
312
922
243
5
522
328
439
838
598
753
484
738
194
106
851
878
226
339
187
532
906
203
641
995
726
427
311
421
778
125
941
68
335
428
98
648
789
599
108
193
330
655
347
977
845
32
834
665
811
26
268
601
280
736
417
269
523
929
796
315
997
332
481
13
792
585
916
191
492
947
209
865
599
553
985
715
724
102
499
931
280
276
507
689
621
307
283
423
71
212
970
288
480
400
127
565
430
114
971
485
174
18
438
691
886
275
218
462
584
875
292
814
910
733
616
646
568
91
868
729
915
136
42
908
998
436
162
816
957
789
418
596
749
120
448
857
999
203
553
480
195
747
