120
288
490
405
192
184
727
60
998
461
468
326
37
993
901
680
611
307
21
303
842
199
951
266
103
909
835
995
147
704
435
541
85
893
361
743
291
748
338
729
179
780
260
98
637
215
236
105
313
175
644
417
16
208
385
738
412
342
780
147
429
810
481
943
811
683
489
843
810
914
982
129
404
636
308
301
507
529
488
63
418
47
140
149
451
859
625
529
417
421
269
70
494
394
606
39
620
585
754
941
121
176
979
913
594
689
854
43
690
794
918
783
671
892
261
856
461
979
611
524
331
961
223
528
851
687
614
592
772
384
860
137
336
439
682
841
124
273
982
710
750
942
549
173
41
277
231
214
740
757
185
299
132
466
953
415
309
141
45
348
178
582
128
380
793
226
741
664
462
445
718
91
229
443
958
520
83
815
35
786
54
443
436
467
179
129
103
179
397
469
538
921
45
62
674
13
728
582
201
149
616
656
359
417
518
17
407
234
447
778
794
396
660
632
475
807
71
762
764
878
950
197
976
24
301
69
81
676
57
591
658
774
7
458
989
436
932
618
662
162
293
767
988
71
321
374
391
351
801
885
965
198
367
462
682
615
118
81
83
546
695
819
871
62
343
596
693
313
582
794
301
142
805
532
415
610
286
465
306
610
883
651
868
428
890
723
526
442
286
146
849
264
536
214
961
122
351
141
912
52
268
886
961
336
695
423
449
702
39
562
843
561
851
548
679
452
512
324
561
352
643
803
347
930
629
374
85
357
351
628
686
727
62
158
428
49
670
931
654
11
703
502
684
83
943
367
52
996
942
773
464
236
196
846
430
537
691
481
228
29
618
69
164
808
962
419
613
725
904
731
290
201
904
992
890
768
58
755
481
688
986
485
882
947
471
351
443
570
58
204
442
901
862
859
676
199
472
429
97
286
574
855
123
494
379
544
16
961
940
322
137
205
131
830
289
550
454
96
644
29
432
168
817
68
475
535
272
229
69
27
775
759
199
541
601
554
540
200
727
164
341
683
337
713
886
3
935
173
892
104
173
533
214
783
938
11
879
406
165
739
367
780
437
727
293
764
88
123
130
639
46
405
669
549
302
834
136
884
569
96
702
781
515
514
741
82
885
581
579
501
578
917
541
344
54
619
603
614
411
613
309
740
590
335
211
812
707
948
518
678
744
138
317
100
510
532
561
640
212
322
802
137
852
39
23
382
826
54
678
972
200
669
239
389
528
735
114
915
420
424
470
776
266
272
447
302
57
280
412
757
376
63
433
373
815
410
631
4
291
645
816
854
947
846
309
273
764
912
995
893
631
915
841
7
36
780
487
717
575
572
284
677
864
561
701
780
747
39
83
137
917
228
441
37
430
986
59
983
543
353
896
591
856
900
398
555
280
544
252
995
125
532
504
370
237
845
667
703
14
554
746
126
904
49
32
717
556
35
960
214
367
476
349
15
948
951
8
94
149
633
980
712
201
571
139
416
525
309
395
138
364
220
526
588
135
481
414
248
189
754
531
774
449
221
803
121
281
753
979
241
383
918
305
729
846
505
713
870
671
581
269
630
811
269
504
950
50
221
796
560
209
350
490
940
230
948
396
473
234
556
596
4
437
96
593
100
58
866
754
612
165
757
554
759
134
700
64
511
489
715
689
593
856
569
414
632
320
963
355
284
94
361
655
684
692
141
459
575
772
338
487
451
770
271
451
87
76
280
625
74
718
541
1
705
400
380
456
804
198
56
647
978
876
881
81
448
866
988
575
402
132
243
880
579
977
869
398
540
400
617
104
368
506
745
500
217
517
830
413
895
650
261
560
925
439
605
356
685
751
100
423
161
123
422
389
768
920
777
99
225
948
973
664
458
542
863
452
476
519
667
526
212
699
521
32
859
806
556
309
650
74
620
389
540
150
332
347
713
680
896
381
911
530
643
545
778
314
975
514
554
398
423
685
360
924
351
634
902
76
421
385
297
315
713
411
406
109
744
121
707
253
905
805
668
95
627
600
621
128
520
529
902
655
15
182
993
337
959
577
804
961
554
984
602
727
78
64
370
717
978
766
903
370
265
581
309
958
932
362
463
846
283
564
541
412
136
976
56
506
656
580
340
104
974
925
380
742
443
839
109
