515
430
529
849
845
937
467
350
455
100
686
332
840
290
271
143
803
1000
269
298
648
411
241
943
18
644
734
571
36
524
572
534
153
643
583
645
507
167
861
60
903
255
476
20
808
553
485
16
992
856
516
629
844
286
551
569
12
562
408
712
431
876
353
428
835
530
485
990
610
892
149
875
341
986
37
807
392
696
815
391
561
524
189
197
937
859
85
445
465
298
999
820
552
795
527
521
235
98
314
464
917
360
438
715
381
145
44
136
481
89
25
500
556
639
655
925
961
112
792
771
639
393
634
864
533
176
523
477
983
259
851
693
924
958
979
772
242
365
97
220
119
55
984
679
143
782
176
416
488
991
22
302
496
463
332
356
69
82
936
629
963
662
96
86
231
241
879
424
808
83
82
718
97
768
93
528
905
589
850
873
777
331
595
438
138
650
171
237
144
135
951
391
496
103
207
550
723
584
175
381
830
837
697
945
62
638
601
734
524
934
913
763
646
18
1000
824
459
661
664
685
90
809
54
567
277
67
439
945
472
128
521
559
710
178
731
447
503
893
259
808
771
612
877
745
359
973
106
496
708
907
651
479
842
823
324
868
91
374
558
694
726
712
999
112
973
622
390
143
759
893
152
468
379
881
232
565
508
1000
572
523
882
244
55
485
750
171
852
501
62
215
643
447
528
61
274
31
936
494
507
548
471
360
562
949
326
521
675
3
15
49
494
577
385
556
139
146
984
709
703
957
889
578
652
251
516
823
877
647
645
710
942
690
307
18
693
405
780
657
706
947
399
569
658
521
54
893
393
599
518
486
127
839
96
451
127
154
312
126
528
879
122
389
540
283
33
128
218
573
540
698
698
786
31
633
503
845
851
545
501
62
484
403
926
495
734
733
287
554
22
725
527
517
333
223
599
234
299
291
837
808
569
511
359
352
746
333
903
950
646
205
391
132
619
461
531
421
579
86
859
946
637
275
957
77
441
981
897
430
346
401
642
468
958
124
995
826
665
743
146
241
314
490
868
717
625
93
547
604
374
841
935
963
186
74
611
886
422
401
397
360
976
300
722
546
243
96
570
483
920
220
11
41
467
726
177
932
817
626
690
332
410
477
421
211
120
288
152
354
971
943
171
955
821
284
665
188
306
420
616
622
214
341
317
421
722
413
805
19
999
403
494
909
36
351
204
229
506
122
897
414
824
741
234
58
131
528
648
611
706
847
523
942
934
224
42
279
492
269
371
921
748
705
600
393
928
987
196
237
1
132
600
991
634
948
745
105
912
932
157
741
641
36
492
852
185
990
790
948
196
903
953
836
823
952
783
239
150
782
752
438
930
767
480
219
480
909
759
98
812
361
434
209
836
228
613
36
564
135
135
531
779
169
388
601
996
598
789
185
170
484
74
495
625
887
421
60
159
736
977
891
832
19
418
280
981
389
371
192
299
19
174
500
142
876
410
649
311
14
232
77
978
526
266
165
211
327
112
194
783
190
142
551
521
373
800
58
630
469
479
694
119
101
205
980
501
49
115
478
645
679
8
639
707
722
277
389
486
809
488
506
350
172
720
771
469
450
187
451
125
2
41
352
489
774
908
934
36
766
767
267
868
417
893
732
341
174
98
693
733
173
83
898
93
707
80
334
554
970
825
731
654
596
921
82
60
297
39
180
818
27
116
228
657
571
800
661
154
24
331
755
758
630
398
578
749
179
758
224
412
784
85
952
537
931
168
648
83
334
727
541
428
313
450
790
746
739
608
842
632
32
311
714
195
833
982
697
663
668
824
730
778
473
2
856
686
124
369
345
599
455
287
37
619
920
829
463
465
717
231
305
79
202
456
504
396
574
684
430
822
240
392
409
194
445
798
612
250
203
921
433
980
134
390
492
867
571
567
696
981
601
993
248
301
370
812
998
430
608
201
708
685
693
321
869
527
121
979
122
760
31
52
994
57
966
522
667
188
431
399
284
838
393
821
769
196
719
486
749
224
476
385
726
99
542
1
782
319
761
265
379
128
487
677
668
986
354
167
941
709
600
442
224
153
386
158
854
769
547
750
361
216
546
176
723
496
930
600
958
984
795
746
243
543
316
592
436
240
240
524
926
567
374
417
99
564
945
250
310
406
650
