385
259
840
644
466
826
610
626
476
250
256
310
400
994
935
999
623
293
887
145
611
946
895
709
434
103
780
248
283
689
322
603
439
825
182
974
81
644
378
155
60
793
609
132
140
758
708
627
143
675
405
790
535
835
611
684
222
588
136
579
413
317
279
284
215
214
957
859
469
873
752
245
776
715
725
244
332
157
139
163
424
598
282
250
810
68
631
669
800
873
556
838
67
693
738
671
760
21
886
734
982
108
215
130
916
418
817
83
306
492
893
180
289
654
660
16
685
875
306
688
785
670
590
641
234
629
435
124
32
1000
231
218
53
483
609
428
165
157
816
240
972
795
953
671
171
682
128
533
826
131
627
757
841
986
264
760
435
836
626
602
278
45
814
314
38
40
955
882
223
14
341
948
236
135
663
77
694
658
94
715
387
766
868
550
630
802
785
505
205
780
757
204
657
616
708
764
617
312
147
798
424
758
748
456
683
472
657
949
333
881
714
798
7
642
303
850
535
202
875
702
625
597
205
880
959
337
906
645
466
253
751
497
399
16
131
116
442
968
927
684
450
430
799
91
76
571
886
231
329
568
996
487
722
186
125
852
20
512
872
721
554
921
157
737
620
986
473
273
304
434
959
434
974
977
553
328
543
27
187
639
39
758
204
975
451
765
540
2
107
749
165
13
940
552
565
954
291
673
285
184
812
187
213
559
113
688
126
934
69
323
686
975
187
24
80
279
846
54
944
420
326
312
479
687
641
990
874
441
582
568
712
343
101
386
927
499
936
859
76
611
634
319
634
892
234
993
954
417
835
405
840
797
204
190
181
933
66
970
312
559
934
764
107
2
127
896
428
450
883
635
150
943
367
875
272
273
333
381
82
917
640
752
961
355
125
64
976
631
201
348
748
730
277
692
974
394
482
88
889
836
409
336
159
845
599
375
864
361
164
804
140
622
650
936
247
889
977
830
855
260
808
611
522
96
301
302
168
987
815
828
86
387
566
330
378
21
482
794
601
246
760
343
400
18
384
991
191
781
879
959
156
284
779
661
894
978
105
475
939
297
542
667
976
890
565
553
904
978
977
633
841
879
73
961
708
728
232
910
459
606
32
770
439
9
643
69
851
422
408
845
457
365
423
806
508
202
147
139
654
135
344
690
217
806
234
30
133
962
485
360
418
81
526
822
429
5
303
461
441
59
22
235
538
904
635
18
700
436
526
224
