50
723
369
172
340
865
192
771
663
969
661
732
579
120
827
431
80
400
1000
270
214
341
677
806
607
956
424
497
475
366
941
468
985
710
347
221
739
155
276
27
351
653
158
911
345
976
965
270
539
537
410
413
184
115
974
24
188
917
258
448
318
75
362
481
594
167
788
783
60
772
18
939
713
260
10
336
338
408
403
331
733
80
195
542
983
381
262
124
807
408
105
637
832
785
998
691
53
424
451
686
304
357
379
392
261
261
360
138
140
813
996
623
805
825
313
469
355
503
826
635
663
750
480
826
170
266
413
610
960
327
461
508
697
899
943
183
427
88
130
505
848
563
90
731
136
519
882
313
159
213
247
833
397
397
799
99
854
269
144
428
266
805
734
804
129
471
655
761
745
401
607
426
997
896
231
40
232
132
229
175
261
608
154
504
505
18
163
769
427
576
722
159
291
386
657
678
399
841
970
828
530
797
942
82
519
639
218
221
541
281
289
161
616
606
963
322
785
761
345
393
56
534
737
237
137
295
415
719
337
843
630
618
930
728
867
809
395
880
454
132
899
485
771
502
77
33
876
662
573
883
