533
825
616
804
541
883
356
567
8
415
40
661
113
229
445
580
489
9
878
897
520
405
170
348
874
595
932
626
675
321
881
48
764
339
366
818
795
715
287
98
495
832
520
915
579
715
620
943
837
609
614
378
514
297
734
789
404
316
284
746
100
959
728
292
99
392
350
467
161
593
698
740
592
848
866
510
298
149
710
309
318
914
520
744
565
299
545
147
399
527
388
110
584
597
327
206
418
706
814
961
301
840
296
754
171
432
677
739
669
737
806
935
96
436
313
833
972
376
635
309
726
723
308
520
549
576
458
707
23
178
587
587
229
222
598
23
61
337
241
391
568
154
943
189
432
380
218
200
948
40
577
386
478
146
471
281
500
965
459
230
47
603
58
440
966
694
354
739
217
436
219
955
872
463
582
185
438
225
591
271
869
246
816
582
619
943
912
912
902
243
164
195
56
938
501
934
705
991
653
931
589
713
216
559
9
618
952
883
425
130
918
114
606
920
143
603
552
785
68
777
410
133
825
81
758
406
183
122
676
52
378
784
44
731
630
928
679
127
973
894
414
894
42
504
977
423
666
749
664
498
459
94
762
59
470
474
204
94
73
560
291
263
193
878
635
454
978
844
362
540
457
726
514
888
948
987
992
767
455
534
320
84
48
703
594
588
422
549
317
633
273
841
699
384
216
273
470
48
533
795
261
329
699
28
307
203
997
971
318
324
373
636
579
448
280
426
679
190
314
776
368
624
687
377
347
26
404
416
642
659
847
378
458
328
855
805
585
956
117
66
794
752
712
113
277
742
273
213
907
891
137
706
532
355
956
309
136
926
611
702
923
687
100
36
583
518
274
146
213
630
92
237
822
259
623
838
500
310
543
101
841
56
561
12
671
950
577
740
704
47
560
621
541
285
200
997
669
667
194
575
737
966
346
846
742
149
874
414
968
473
669
510
440
493
452
693
581
309
566
738
16
694
549
493
2
645
344
191
137
943
