771
642
440
709
157
317
465
845
48
933
866
80
82
663
157
603
973
686
217
698
633
733
910
669
128
497
235
278
362
12
122
889
555
914
514
164
861
172
140
190
229
999
298
88
493
792
85
146
497
825
405
861
375
724
998
270
510
890
978
748
295
474
351
815
121
145
492
765
812
562
916
313
432
100
358
492
649
482
34
744
332
68
75
767
346
614
816
935
297
550
507
23
395
18
750
362
250
594
112
481
482
261
176
505
875
627
349
371
318
419
634
891
818
260
471
244
773
236
936
354
124
110
487
470
684
444
992
819
575
517
798
687
64
595
286
362
64
679
291
248
485
65
592
445
816
963
77
548
352
67
274
479
869
18
648
329
90
151
769
398
227
335
845
658
595
292
81
483
504
784
145
143
278
699
923
703
886
955
144
45
894
872
916
610
25
517
607
298
590
137
940
647
684
638
336
363
267
487
942
844
598
443
72
556
676
833
28
338
976
918
810
323
817
105
253
146
13
196
742
989
799
296
109
761
666
546
632
527
330
383
389
948
386
946
399
92
858
771
938
500
527
443
642
847
782
682
178
439
919
762
875
1
158
286
229
692
442
985
755
118
856
102
91
229
641
284
95
517
898
530
574
435
432
809
675
777
171
437
448
477
283
656
122
192
296
275
104
202
648
424
408
834
46
408
459
482
389
326
576
405
214
941
76
877
947
510
917
166
430
131
2
541
205
332
839
443
498
379
557
52
533
832
398
952
756
509
85
837
633
341
658
45
632
617
291
649
200
150
177
709
15
363
991
529
445
992
850
445
291
441
46
78
374
81
447
710
103
699
420
267
750
83
327
376
723
841
203
868
932
330
319
241
323
151
242
935
609
635
259
58
191
773
989
320
463
679
416
181
440
123
127
695
33
633
613
709
126
894
303
606
722
950
442
206
483
539
355
633
590
959
411
835
98
417
24
820
28
361
142
456
48
756
423
288
580
466
245
536
736
302
969
265
833
466
638
983
304
277
812
495
635
592
971
328
64
863
389
652
51
991
249
342
836
279
719
317
702
315
76
984
744
547
846
39
37
407
303
97
872
938
660
852
436
244
324
408
842
767
608
459
62
155
798
822
279
279
776
556
201
222
824
456
630
515
692
402
319
502
329
997
542
712
88
858
280
254
309
635
23
409
746
697
175
148
352
504
385
692
312
163
410
903
602
158
556
807
215
395
529
726
229
509
169
766
940
354
884
179
985
900
572
140
206
473
721
406
960
521
940
656
703
269
677
654
461
82
994
687
803
37
419
881
684
981
986
665
783
415
538
166
544
466
987
773
646
797
981
72
391
91
794
448
368
108
985
323
512
308
54
462
698
877
718
260
269
999
990
1
966
277
473
39
986
966
95
84
155
87
822
535
714
973
962
431
527
895
852
428
790
844
460
33
651
870
380
677
574
956
920
335
437
570
4
122
569
627
998
197
305
206
772
323
273
469
138
749
583
75
17
886
757
26
787
917
713
54
791
31
865
333
876
703
369
315
23
149
53
696
458
80
394
308
81
875
719
877
818
829
478
886
771
109
604
471
842
308
873
804
673
700
434
663
956
33
892
285
532
346
709
593
565
203
978
342
751
583
545
234
648
90
711
904
363
904
903
10
809
165
771
128
729
750
269
854
802
897
404
757
856
205
57
696
522
417
610
930
296
991
450
692
408
712
704
396
211
427
748
995
776
333
380
747
686
135
791
683
972
466
703
965
278
883
526
56
458
785
368
82
532
623
