134
959
957
236
812
574
952
14
835
983
807
917
446
478
57
266
433
886
313
419
888
128
619
338
129
723
76
321
864
445
15
657
980
353
805
964
44
888
670
660
803
537
527
830
42
317
520
296
973
355
631
180
738
236
187
535
498
940
234
406
37
229
866
425
109
750
339
808
865
724
770
680
664
826
57
73
838
648
104
410
32
796
524
355
169
206
987
796
533
88
495
580
186
265
427
300
96
861
86
562
252
601
170
852
317
621
196
443
879
516
782
275
429
378
640
825
782
424
553
541
63
711
554
475
613
955
75
457
653
734
886
50
921
271
357
912
689
262
836
434
22
697
826
80
838
997
888
862
349
382
415
118
481
126
407
115
780
177
15
762
142
419
7
73
568
598
225
982
794
422
522
795
7
832
271
748
886
783
157
12
462
524
733
735
209
337
854
655
885
257
957
835
557
875
583
811
804
768
796
359
158
431
348
343
452
47
381
656
187
746
645
29
239
374
934
835
897
647
679
477
198
556
726
706
665
132
405
312
769
355
459
308
612
24
678
366
365
11
853
450
54
605
327
523
589
758
916
441
310
703
499
651
683
752
369
7
160
707
503
420
1000
359
115
106
555
548
942
800
578
809
848
997
445
984
859
169
16
301
590
312
255
483
664
699
149
448
816
386
308
166
392
138
715
968
245
880
691
404
299
405
38
335
944
865
890
571
60
187
781
106
673
769
788
561
490
468
125
47
14
449
226
934
213
790
247
21
194
480
48
793
62
114
549
752
833
249
21
324
333
58
706
237
911
107
577
350
2
751
913
7
807
417
852
914
763
813
312
443
273
298
913
15
811
465
874
516
844
993
672
27
709
575
453
480
751
763
409
837
359
695
32
783
47
43
706
220
816
626
903
471
474
89
113
316
409
90
709
519
104
27
294
65
88
605
492
287
474
483
318
66
620
417
713
986
723
468
371
64
69
125
585
224
418
67
598
977
274
161
810
837
67
222
754
859
30
26
316
430
49
794
769
557
326
519
130
464
702
114
366
758
589
18
733
860
76
859
586
708
363
784
105
950
530
474
819
50
362
104
804
21
506
418
321
357
962
145
599
974
122
614
526
339
744
885
713
983
325
421
237
973
769
514
830
144
361
26
578
648
914
808
683
567
557
192
620
554
452
43
179
241
466
24
201
867
74
430
636
254
22
765
823
297
562
814
9
278
484
666
626
605
697
281
240
733
788
613
625
732
828
574
239
731
499
459
955
555
355
310
618
98
604
100
869
239
589
326
697
991
97
10
68
661
695
510
441
906
945
764
784
649
689
456
787
21
640
327
776
571
54
638
855
228
78
700
566
992
738
685
764
948
928
753
537
949
403
736
628
625
884
434
176
9
501
626
495
6
504
641
992
504
223
280
480
497
81
66
72
934
85
331
867
152
759
85
55
512
889
89
745
196
577
888
485
712
542
886
847
91
217
866
916
65
12
300
225
668
909
670
261
252
966
961
866
662
619
526
160
877
247
887
210
745
161
999
605
42
271
442
242
26
408
459
528
931
676
491
271
647
197
743
369
119
506
279
855
664
544
943
111
922
782
130
701
334
889
941
549
993
721
266
600
188
519
762
131
981
622
913
456
498
984
39
671
80
759
10
639
377
961
478
757
902
286
275
636
422
74
379
26
852
15
133
971
804
710
765
869
129
627
404
504
27
868
18
44
811
674
779
230
109
275
993
506
962
985
544
802
445
197
170
634
516
1000
734
682
289
841
318
154
274
618
532
521
116
428
79
453
415
225
819
162
239
955
708
188
893
505
304
784
837
303
697
211
892
115
496
173
37
487
382
727
582
946
1000
451
411
720
963
306
127
631
92
353
420
821
169
216
130
230
701
331
266
209
852
724
822
281
97
180
556
618
687
496
754
467
103
8
760
749
218
682
685
589
237
855
58
759
656
74
343
490
486
677
955
143
545
60
461
930
447
967
301
477
574
309
789
271
684
438
90
695
497
58
506
800
803
953
841
78
495
