178
870
834
779
789
654
737
284
519
132
629
560
994
481
630
540
863
914
693
54
780
425
930
468
404
248
917
654
635
388
228
998
207
620
409
101
997
417
782
407
267
392
18
789
282
304
952
215
392
689
742
605
932
431
662
721
43
389
765
64
917
722
648
930
835
602
115
421
105
79
763
577
595
734
389
39
913
122
974
794
871
401
862
469
946
947
21
231
865
11
789
394
262
451
786
588
273
488
84
886
771
74
344
668
567
480
915
607
786
745
383
138
39
44
312
926
742
206
970
934
896
723
102
934
920
533
401
949
59
869
542
87
461
584
789
898
856
175
470
389
26
149
954
811
865
352
21
245
743
275
486
896
889
673
240
862
156
703
665
82
306
849
871
857
13
404
339
454
271
232
278
440
292
615
897
278
531
902
516
409
327
27
557
483
720
750
221
236
676
611
211
136
187
633
742
878
427
128
872
898
825
111
101
478
222
645
935
51
166
288
46
552
503
674
109
601
382
665
844
586
699
883
230
631
970
263
931
199
910
308
530
240
10
301
604
744
762
223
831
530
762
212
618
424
4
105
97
619
155
236
217
681
278
860
431
788
895
378
510
752
919
538
559
28
639
91
838
524
887
500
328
628
662
792
849
872
808
334
817
989
354
256
298
891
583
785
519
410
834
686
745
829
138
688
9
683
182
977
513
501
433
913
919
451
507
395
296
347
348
279
129
336
504
10
323
524
441
479
608
715
149
724
595
803
483
265
765
334
125
508
230
309
29
249
31
620
97
634
485
247
765
102
931
419
314
358
72
151
891
584
600
240
150
762
896
191
115
647
850
324
801
390
222
430
758
456
8
657
37
127
52
426
105
281
262
156
768
855
324
887
572
687
989
780
840
510
82
245
343
60
239
381
872
122
696
541
992
448
672
559
725
385
816
886
853
213
532
494
28
935
885
85
247
446
813
82
830
413
23
175
647
394
167
754
503
251
916
702
445
22
357
622
269
137
248
34
972
369
315
107
913
497
463
460
471
732
526
488
565
498
447
434
212
424
375
338
835
544
362
624
728
708
253
823
945
555
182
534
913
251
254
645
871
833
727
927
569
868
174
871
340
359
182
224
580
398
81
714
427
113
850
806
452
507
504
729
517
645
184
492
156
611
995
496
198
808
8
315
824
827
958
286
700
840
153
17
367
223
658
391
97
882
392
736
690
647
681
963
533
939
748
224
390
68
853
844
592
116
124
259
332
316
548
68
217
629
673
105
358
570
928
563
567
802
301
814
151
295
225
354
407
515
938
298
360
92
647
360
941
160
534
199
719
980
204
604
397
70
269
343
562
945
376
879
949
268
1000
597
232
997
393
414
402
846
889
89
956
731
125
356
907
125
644
325
404
462
13
199
189
116
177
980
374
12
413
24
407
867
457
952
421
383
58
45
427
912
110
182
694
904
174
56
597
93
697
298
857
620
494
801
126
927
381
155
407
80
775
824
737
759
916
134
784
717
372
31
190
573
175
839
137
594
514
940
832
652
68
834
170
773
886
579
871
105
341
24
78
222
753
21
559
5
383
18
583
348
161
809
126
542
427
864
550
930
931
607
65
805
397
26
81
655
253
187
509
276
517
543
135
821
720
37
375
874
146
389
80
804
671
1000
114
536
586
875
75
226
207
295
864
547
991
883
754
634
200
358
536
323
494
356
70
650
509
849
676
46
264
523
484
379
907
59
625
123
738
88
916
429
212
402
951
284
234
93
815
895
499
71
827
134
13
709
445
113
740
297
700
889
90
905
774
192
621
251
627
1
19
304
144
150
739
672
817
961
25
808
786
758
174
856
279
648
484
382
683
713
17
298
438
920
749
29
198
572
416
435
525
445
634
425
592
972
476
895
132
505
616
378
954
543
367
662
611
389
546
740
745
709
451
705
953
221
663
231
730
323
930
251
583
952
