572
201
361
128
569
537
557
449
237
444
670
325
231
952
503
146
139
887
785
206
499
811
905
98
849
903
80
116
631
903
291
480
986
463
114
673
82
895
414
150
974
199
939
907
634
642
995
571
352
266
793
668
244
733
843
422
574
342
469
624
440
209
569
792
959
735
418
371
306
553
300
210
978
255
103
24
671
358
77
440
108
963
648
741
158
376
536
87
744
553
757
289
524
411
513
743
763
644
552
435
355
909
589
825
433
250
588
432
621
665
828
793
406
217
117
358
617
411
59
299
324
474
856
25
535
428
657
226
684
916
799
840
487
591
755
204
977
595
508
744
796
765
563
74
954
879
502
48
537
236
816
605
101
628
565
507
533
546
604
925
769
525
488
64
526
168
288
874
517
25
915
841
995
915
429
260
999
699
395
218
154
962
799
822
226
450
931
640
447
465
227
404
266
364
185
642
424
843
98
626
626
691
18
594
126
564
404
570
423
891
983
422
307
93
592
123
335
625
13
725
166
140
594
116
624
463
50
687
828
197
307
181
235
474
324
720
733
180
733
414
862
354
611
294
930
962
92
787
296
96
499
659
27
59
937
186
411
362
235
788
251
437
322
255
890
232
199
105
317
707
783
931
879
189
721
753
490
165
70
83
504
363
390
536
608
461
49
893
583
818
569
822
623
653
868
942
859
459
786
249
7
158
592
763
841
811
110
27
208
501
395
841
1000
751
650
42
937
608
142
274
558
416
990
76
72
661
564
308
67
214
203
998
510
615
962
930
924
92
807
858
177
748
961
47
645
999
771
194
896
144
352
495
766
144
23
814
880
953
16
469
309
156
499
900
449
384
459
849
579
692
