260
88
705
427
293
604
28
605
722
494
334
833
886
923
308
165
402
39
716
98
783
144
569
36
645
324
525
343
993
412
782
17
15
274
55
274
134
29
212
903
423
173
188
842
777
52
387
76
529
80
49
782
783
752
81
415
710
151
727
771
906
197
475
834
560
70
559
338
767
410
358
178
136
566
8
185
863
647
877
19
685
346
658
744
705
453
535
358
863
468
927
413
22
877
595
106
165
460
898
373
902
600
171
463
76
34
942
179
784
979
736
964
428
540
865
860
730
654
730
782
978
460
108
874
587
60
919
657
719
600
615
514
240
667
861
534
481
183
23
666
844
426
993
149
152
45
459
5
953
49
564
873
74
286
404
289
665
260
691
630
324
123
174
316
301
523
256
176
306
543
247
490
103
187
439
76
234
763
902
187
452
187
269
77
764
795
562
164
540
694
548
128
971
915
379
611
325
2
835
428
480
355
786
395
845
164
71
871
886
372
837
907
363
142
43
143
328
59
588
860
269
853
210
594
249
998
238
718
404
280
905
60
735
516
987
332
144
386
3
80
498
342
119
209
787
174
564
570
982
465
662
624
617
287
692
344
250
465
838
127
158
239
458
1000
719
124
543
143
791
362
995
377
970
741
306
237
529
437
778
593
424
402
400
195
205
105
565
934
975
78
821
583
706
698
518
929
629
658
287
994
811
589
909
908
226
913
640
837
302
823
412
774
720
685
79
755
238
139
584
737
300
868
539
622
270
292
808
550
713
142
398
846
858
659
621
201
693
727
430
262
698
286
206
674
625
826
31
495
34
500
1
375
203
355
205
984
267
24
244
825
837
552
948
846
948
828
160
192
798
553
828
444
495
418
636
480
709
174
779
470
49
629
199
349
473
755
344
705
881
818
305
853
486
932
673
637
857
473
602
617
678
360
943
781
215
796
777
283
214
254
430
393
24
300
75
857
126
906
994
214
752
461
44
431
357
165
803
446
357
861
759
465
742
337
713
349
692
982
121
96
857
450
594
304
820
968
573
261
595
545
