197
932
847
937
497
749
735
401
875
660
307
356
886
163
944
637
421
404
976
302
843
157
417
283
885
644
743
910
740
302
616
76
148
358
304
750
822
770
511
244
160
91
488
641
56
958
158
247
753
665
812
556
576
70
615
71
42
26
558
658
893
950
837
790
867
213
42
276
657
104
321
9
464
571
137
400
494
965
444
365
718
467
539
827
845
801
498
268
583
462
465
331
219
289
919
510
106
430
320
623
524
925
171
581
627
933
719
263
289
700
51
247
919
670
1
57
789
722
393
484
72
439
624
337
80
53
412
419
610
330
909
339
247
536
282
59
408
125
462
986
523
634
800
501
112
410
853
580
377
871
235
999
715
196
914
25
53
611
933
922
903
875
361
484
885
806
438
256
132
930
950
782
382
675
116
542
754
950
10
262
390
401
167
794
945
520
898
2
529
646
165
644
655
839
565
9
896
170
884
92
281
630
457
499
173
707
847
287
897
154
250
945
575
142
278
774
397
945
270
442
730
175
671
863
261
660
319
522
647
853
390
1000
719
799
320
10
726
258
348
756
400
594
701
556
388
389
658
488
397
565
658
498
857
52
918
647
867
273
223
769
112
971
704
340
901
462
512
901
898
396
700
421
796
218
701
839
458
438
14
841
622
88
403
232
894
46
981
124
639
650
219
503
676
540
108
717
43
236
430
148
432
714
377
588
461
368
784
228
619
126
174
520
155
732
925
920
561
300
648
194
