296
167
343
597
936
120
559
265
638
395
369
118
151
548
156
508
818
595
941
407
694
436
507
521
284
736
402
188
248
489
528
836
394
824
501
733
815
203
254
993
683
929
250
817
57
167
165
638
660
292
38
600
817
893
988
203
181
993
398
64
677
336
823
613
218
80
15
942
627
828
140
581
874
497
126
369
356
602
454
790
596
460
948
11
192
918
722
630
687
737
421
667
704
481
397
533
785
871
396
246
970
659
598
963
591
380
937
689
478
927
100
785
579
961
860
625
698
388
512
586
381
541
621
239
540
318
303
17
163
700
995
199
912
262
998
385
718
297
171
719
836
113
174
273
301
1000
559
163
715
19
579
4
789
771
557
661
846
864
166
830
881
163
618
987
466
594
709
679
316
201
267
755
841
370
57
545
903
697
312
627
267
824
876
214
457
589
3
331
344
378
110
371
507
913
796
753
801
363
550
736
569
533
459
822
833
53
609
142
672
578
798
10
112
565
131
705
43
36
451
825
488
425
622
573
760
712
694
720
590
676
