849
833
258
619
623
636
653
579
72
512
349
534
323
414
951
37
207
253
582
143
336
683
412
828
767
482
513
633
514
571
898
402
745
535
90
778
872
441
601
379
800
645
925
612
535
716
927
90
818
150
277
865
66
503
800
103
735
518
38
118
347
730
801
304
944
371
694
55
250
607
296
896
182
770
668
940
804
439
934
537
819
420
139
979
886
125
928
254
622
681
879
917
231
162
138
432
495
973
618
228
32
859
685
985
885
340
16
806
248
923
384
751
514
15
339
399
623
934
251
660
372
862
546
817
210
987
475
144
777
989
159
232
878
622
213
472
733
605
86
202
869
734
101
995
848
299
15
397
134
895
97
916
509
135
882
69
451
626
740
729
560
823
193
138
981
772
60
512
744
646
7
909
814
38
198
386
810
889
568
454
874
517
900
235
634
116
91
878
938
739
542
658
80
313
646
545
176
315
920
13
342
133
350
777
699
610
371
706
649
991
204
420
961
73
246
792
2
747
855
564
650
249
526
891
630
794
407
243
378
525
54
960
649
78
723
784
641
123
429
410
974
37
875
219
238
808
386
266
345
728
835
939
192
963
257
78
1000
499
378
855
649
130
894
906
726
380
665
746
692
942
288
791
240
505
116
422
929
294
35
511
480
383
772
388
208
62
514
422
830
194
530
451
36
981
53
85
32
410
997
882
789
147
602
494
899
645
940
61
532
36
228
763
867
369
720
997
465
931
798
853
549
790
309
727
489
753
557
268
364
374
205
174
587
513
973
70
117
413
196
184
293
297
616
559
715
628
641
529
851
107
838
721
794
662
875
30
435
213
17
836
795
982
69
570
61
498
643
569
872
762
178
803
634
37
741
183
96
67
366
806
248
675
684
91
515
697
81
340
325
303
953
147
490
606
115
560
528
485
376
751
573
830
361
398
88
219
836
407
985
452
196
205
842
193
511
316
398
611
806
488
9
481
521
535
228
765
219
704
76
695
199
801
526
43
767
851
350
704
819
531
785
391
610
474
320
111
732
403
385
937
545
761
426
179
198
96
219
267
65
37
788
583
438
39
497
597
835
458
517
35
290
83
681
320
103
775
401
375
701
287
384
775
798
625
267
359
210
354
284
351
356
141
526
721
486
447
366
799
803
338
349
910
71
54
682
807
998
817
865
558
100
804
573
214
195
429
839
798
309
841
615
484
815
672
339
729
261
418
483
771
219
71
517
410
20
621
766
604
365
107
464
464
702
995
874
563
478
66
82
408
760
253
208
552
539
638
321
479
148
393
528
541
650
53
311
685
669
417
257
894
176
627
341
198
971
927
623
847
776
299
344
51
671
594
532
632
648
304
944
197
203
657
589
438
880
137
481
298
66
395
406
860
292
196
816
494
827
546
33
21
169
522
33
957
549
522
913
620
564
838
683
542
263
655
283
167
370
667
581
119
507
112
773
685
750
767
224
807
481
301
657
935
749
818
747
779
32
271
470
565
131
738
191
408
937
882
363
580
481
539
873
574
694
733
549
242
437
912
438
483
982
33
688
81
959
981
405
698
404
735
600
28
284
192
25
264
337
564
608
894
318
452
904
859
502
778
400
852
916
888
210
792
782
807
238
109
844
446
163
695
301
473
42
318
292
819
456
541
61
724
884
489
999
635
339
858
847
10
25
687
717
554
4
557
408
143
196
155
789
888
550
810
300
695
434
89
585
695
573
747
