327
460
568
159
607
436
63
754
359
563
27
449
65
491
894
253
296
230
671
422
12
271
283
347
255
975
148
839
508
274
239
423
147
265
736
794
6
125
308
967
548
895
834
925
495
891
609
430
859
506
292
257
246
386
758
836
214
848
257
652
130
830
754
357
38
194
203
340
204
397
914
242
588
929
663
825
395
671
287
730
577
641
832
725
263
651
691
454
652
77
891
341
69
420
96
586
785
558
318
423
599
437
11
784
154
212
972
504
162
349
363
477
5
919
886
762
348
172
672
917
23
809
186
606
842
11
939
21
785
183
156
410
665
790
168
760
920
863
102
743
152
410
266
629
420
269
45
474
493
436
486
804
914
375
588
580
894
197
206
15
983
662
607
948
976
42
404
159
712
122
