823
279
507
200
533
601
166
553
486
166
194
357
429
217
135
755
381
828
359
669
581
932
183
921
176
339
685
964
476
772
561
716
307
601
586
424
57
842
436
700
604
221
240
411
467
472
917
320
216
862
558
972
77
332
225
41
322
668
524
867
235
606
438
666
362
568
3
221
648
680
134
595
886
198
403
742
565
353
613
854
662
127
972
366
300
796
789
36
570
442
282
549
207
792
22
265
470
112
117
208
759
832
907
192
469
77
916
775
177
795
390
848
980
873
450
579
312
166
272
391
18
439
134
611
966
678
305
410
232
785
690
792
349
960
444
185
341
155
904
465
441
461
622
357
142
785
990
925
162
887
945
357
455
931
181
499
919
568
883
26
985
391
209
28
409
808
568
785
903
465
993
208
849
989
385
65
696
400
934
225
420
928
649
806
683
18
882
548
816
210
948
653
118
209
814
995
402
249
759
816
398
380
961
527
242
273
515
474
830
733
337
713
657
485
103
802
388
108
465
886
625
808
629
446
719
777
872
102
563
27
549
143
211
807
858
849
58
693
222
788
56
332
884
126
168
815
52
506
874
326
144
19
243
281
276
594
253
31
116
331
171
436
458
232
982
275
101
762
892
528
84
573
771
806
146
764
600
629
609
984
799
430
58
590
202
706
743
450
253
819
43
143
246
537
164
770
35
596
631
383
858
897
540
627
396
326
403
567
376
322
103
183
73
315
364
37
898
979
466
866
647
291
279
609
627
925
577
26
585
211
173
891
895
362
467
459
554
631
726
331
7
683
350
171
768
934
234
446
359
877
475
664
29
457
125
229
244
991
60
67
234
811
691
85
335
686
563
766
727
676
151
661
556
609
771
300
656
405
72
669
448
390
534
146
104
414
17
113
322
615
703
631
304
423
599
662
680
523
662
658
608
341
450
873
82
806
580
618
28
709
396
502
272
482
681
679
252
229
416
939
143
294
453
69
390
220
33
886
336
575
504
65
967
985
684
949
651
992
203
250
625
341
402
701
478
441
431
620
805
730
956
662
730
473
867
511
789
338
625
120
222
658
837
766
815
155
202
877
937
81
395
844
174
607
234
587
617
44
376
525
846
672
421
957
383
832
227
49
798
487
117
737
148
257
312
412
772
200
280
215
445
836
800
288
923
7
260
327
178
903
497
673
136
256
970
747
780
15
815
365
52
428
722
311
859
602
502
920
154
308
109
278
487
394
148
150
295
75
246
504
940
938
890
307
738
941
918
400
758
987
267
474
306
360
645
573
987
543
262
280
245
437
44
367
583
839
565
385
620
417
830
595
347
677
783
478
341
13
199
213
919
3
693
841
826
465
98
627
374
264
263
562
716
620
544
495
869
603
134
15
387
289
956
691
730
878
843
654
671
848
39
533
496
375
875
828
489
157
717
751
964
168
163
479
783
10
377
715
173
94
404
750
196
154
639
378
465
499
658
793
934
611
936
31
948
701
470
371
609
943
987
963
769
252
533
56
136
105
578
26
258
650
110
982
629
537
855
334
341
318
937
859
406
500
55
38
854
222
505
153
304
16
290
795
158
329
727
420
502
254
282
65
452
703
372
37
526
648
69
381
392
609
720
700
483
951
208
342
218
207
552
942
610
547
820
19
724
315
274
495
221
84
840
283
400
54
513
586
224
252
644
219
9
169
997
981
167
591
440
558
552
787
545
751
391
804
801
35
269
622
731
900
646
88
798
327
272
683
879
448
527
82
656
526
857
405
25
230
17
963
324
25
152
350
950
832
868
422
698
21
940
983
476
246
587
358
503
683
326
827
409
489
50
83
403
593
476
472
705
585
322
376
680
310
968
213
177
892
493
574
119
600
506
740
496
290
11
175
922
701
578
141
938
571
226
368
299
955
975
199
145
95
345
91
227
693
814
83
917
145
496
92
465
448
306
52
307
771
505
833
