287
760
598
606
35
77
466
888
65
136
127
169
342
446
500
66
617
812
169
730
18
610
105
302
699
96
631
809
33
277
589
906
286
224
622
308
996
470
845
186
217
529
931
329
736
212
359
147
401
627
408
375
480
53
178
762
394
957
780
796
207
455
333
495
124
300
25
437
392
283
825
409
845
709
53
511
152
762
118
451
228
52
619
896
908
953
143
457
73
285
114
617
660
890
886
96
670
830
392
704
802
911
864
115
399
992
213
43
326
958
863
241
894
583
81
814
437
997
442
374
992
938
154
107
521
785
229
226
28
289
303
275
745
413
711
287
283
284
673
448
659
430
848
716
275
149
585
97
782
316
378
792
119
280
825
564
222
437
95
973
811
225
156
108
108
556
867
72
886
504
202
925
967
541
783
294
691
759
661
56
697
232
650
701
710
76
137
268
486
602
32
632
698
292
147
476
271
250
484
574
323
344
529
854
821
352
323
278
778
265
957
762
89
421
394
244
264
503
312
33
429
771
568
980
293
249
443
18
848
282
538
802
524
675
87
531
800
579
18
434
897
6
758
843
320
953
209
585
82
891
214
851
881
516
808
650
866
585
260
878
876
228
2
639
476
771
739
793
465
44
246
917
860
122
868
357
217
323
375
31
119
450
162
457
525
557
79
341
533
125
434
223
200
674
79
454
678
239
951
313
564
545
676
560
188
331
879
753
203
671
473
378
946
121
615
886
373
921
770
285
417
786
560
38
797
552
113
294
41
946
291
438
83
67
42
607
405
759
880
898
101
833
794
570
405
435
659
856
656
760
447
635
935
505
343
721
902
107
530
556
246
722
691
59
675
789
166
377
157
550
333
554
429
993
573
345
784
728
809
935
706
873
548
797
660
453
988
969
593
575
770
582
104
403
159
532
91
342
705
933
718
951
622
325
923
506
14
731
752
112
13
333
429
103
41
132
745
393
605
389
445
635
958
621
871
779
621
138
839
216
381
682
974
10
339
992
960
958
916
980
873
588
800
421
653
490
544
467
622
17
951
233
478
357
269
34
673
730
988
972
871
369
285
206
375
397
417
347
127
425
820
918
614
823
962
530
351
220
375
49
575
635
184
246
246
332
368
599
378
353
749
229
235
273
255
238
289
888
938
143
746
368
909
578
595
339
990
396
277
490
267
228
906
840
569
208
730
853
907
329
868
896
586
810
374
496
71
351
674
87
652
776
502
557
276
162
783
217
679
972
8
222
94
579
216
413
667
219
736
20
280
192
768
924
282
983
412
287
636
268
61
759
418
994
734
12
943
55
740
45
124
95
123
905
351
847
607
724
149
947
879
293
658
490
710
287
548
781
678
81
787
466
853
769
30
470
972
555
312
332
206
973
251
72
478
591
421
649
686
127
56
133
285
494
283
878
32
814
679
529
962
330
411
746
956
523
205
76
732
648
449
894
207
106
725
183
847
598
797
611
877
963
587
1
23
829
72
932
358
149
910
341
117
64
302
254
484
678
562
740
46
417
341
137
482
413
76
339
514
829
168
358
716
88
538
936
15
102
80
39
539
899
412
106
597
116
547
272
732
160
181
740
789
375
15
636
926
10
304
778
901
4
844
631
241
430
761
298
415
339
183
330
501
727
732
41
648
448
165
270
895
70
751
358
537
467
802
149
706
806
35
326
850
926
942
6
120
766
183
520
279
218
364
289
855
732
651
374
895
377
382
131
952
243
687
730
291
777
398
92
702
124
825
46
158
132
396
385
995
331
627
34
321
188
182
122
917
134
144
163
906
463
824
352
686
143
83
276
86
815
896
149
278
75
310
451
109
874
945
522
801
891
785
714
990
479
854
319
263
553
81
180
74
861
317
553
529
36
167
706
58
644
304
700
690
128
247
414
432
672
476
196
303
689
461
938
152
984
423
91
967
766
105
227
862
495
225
883
825
772
492
309
590
292
739
483
998
117
419
98
870
230
536
273
480
280
779
96
719
138
519
187
468
16
211
478
169
642
55
744
773
357
960
134
206
793
454
865
188
258
91
518
484
324
56
642
43
647
11
615
142
906
477
420
584
899
842
998
149
33
648
556
632
544
374
860
254
737
826
967
488
485
190
364
186
645
632
950
228
778
732
362
210
650
678
44
835
563
104
37
531
70
600
214
230
824
708
389
46
576
460
639
665
211
831
310
269
519
724
675
546
602
74
948
18
557
261
515
104
648
529
708
325
197
652
71
267
509
596
224
823
397
840
904
921
611
802
48
769
190
