170
290
918
239
555
563
931
356
197
206
933
19
447
579
361
817
725
186
471
339
864
30
884
536
606
906
113
412
727
607
378
626
773
732
58
856
650
393
534
759
199
271
65
721
315
295
961
613
683
117
738
557
654
426
253
133
80
49
777
572
312
868
829
402
277
176
128
983
737
431
217
652
43
127
168
978
884
369
135
49
485
358
659
770
29
645
371
552
408
915
898
996
890
662
211
893
344
187
326
763
593
494
928
100
604
772
173
536
194
496
506
670
718
996
174
127
176
565
519
416
741
632
794
531
967
3
693
633
286
961
128
938
818
478
810
548
174
479
486
848
108
480
926
146
739
380
581
946
292
676
392
789
628
109
896
107
171
407
322
400
527
17
939
779
830
6
911
201
642
634
37
239
819
675
573
511
299
228
893
493
555
78
338
111
690
735
18
661
991
280
195
463
49
791
926
259
403
206
98
639
144
349
403
278
478
331
519
989
378
804
