487
207
392
813
838
78
941
927
473
325
801
200
862
519
792
310
740
95
495
212
81
602
178
660
103
981
772
484
215
33
918
791
813
341
767
880
122
672
937
31
547
493
47
66
774
29
640
93
862
577
456
480
418
986
989
739
334
815
808
698
620
161
531
248
686
247
594
679
292
263
42
844
621
861
536
465
724
154
796
454
193
395
976
916
885
327
299
809
460
94
445
293
574
705
169
657
91
613
364
813
908
751
101
778
799
933
911
712
897
369
855
809
628
18
885
764
784
487
347
265
359
317
11
642
184
289
926
807
942
257
151
766
295
361
387
28
528
105
383
65
755
353
199
674
68
581
140
860
620
485
258
106
285
242
409
710
775
125
216
376
291
876
199
136
802
772
588
292
553
528
843
325
814
95
14
96
903
763
373
571
27
610
821
730
511
112
709
995
173
536
26
353
585
594
681
556
308
123
902
904
336
930
425
571
831
870
180
594
665
161
268
600
278
85
957
243
824
279
372
923
738
467
15
41
845
105
107
817
413
691
112
863
345
362
296
293
684
414
51
561
900
768
388
538
659
166
197
519
346
828
275
748
460
838
570
994
809
524
998
983
329
585
886
448
192
775
123
882
537
473
486
344
917
840
422
162
771
828
523
580
884
66
204
758
179
787
224
883
771
304
48
342
898
753
732
249
875
32
736
147
470
259
332
964
275
691
837
751
563
910
170
843
976
355
727
956
585
324
931
614
78
518
704
759
795
254
188
520
206
456
132
10
973
101
131
448
165
560
594
400
769
775
982
954
47
289
962
472
323
308
145
818
928
150
25
902
478
169
660
349
123
849
353
707
273
422
201
18
450
923
886
116
744
514
762
864
461
366
203
336
405
906
800
867
305
797
617
570
187
949
554
22
537
448
341
153
448
700
544
727
825
578
786
631
648
177
50
789
33
691
226
59
106
537
684
565
636
240
294
506
569
651
604
170
427
862
729
137
116
381
115
550
286
124
969
894
357
540
409
173
147
711
340
552
531
186
932
231
445
533
569
962
246
738
404
850
604
846
425
227
236
306
646
516
367
706
794
757
974
771
914
343
541
415
280
399
69
39
792
145
633
772
740
732
897
131
169
563
314
911
101
523
776
586
203
922
439
929
882
41
840
759
283
81
49
443
80
148
120
812
414
288
346
581
977
960
899
895
913
621
640
580
871
758
9
258
814
987
806
235
551
706
629
773
29
475
98
716
63
653
751
98
801
13
859
162
571
409
668
689
854
80
699
511
402
595
415
689
870
72
403
401
405
325
554
366
388
438
689
958
546
188
907
362
310
725
853
23
950
338
334
711
997
375
725
826
281
728
922
189
96
35
208
552
280
299
183
622
979
912
176
976
102
900
337
287
979
840
117
143
820
272
815
679
298
369
127
182
160
515
971
399
154
526
422
813
783
697
914
158
682
285
554
291
613
139
523
483
82
214
506
811
258
988
427
508
401
4
468
398
725
236
876
663
22
827
769
6
130
810
