104
829
701
828
13
645
497
957
183
314
339
936
476
396
445
357
804
743
434
671
984
315
503
175
524
330
332
909
822
318
358
661
461
94
259
540
127
953
724
800
995
41
552
353
885
601
752
715
420
699
846
790
32
538
805
246
181
443
6
750
643
427
98
955
450
878
489
676
254
130
697
347
732
755
94
935
224
572
602
891
694
427
16
853
772
71
692
208
993
342
204
967
594
201
655
441
563
28
486
965
179
312
489
840
268
428
906
167
748
126
446
180
33
120
66
32
108
294
659
983
250
182
359
308
924
996
118
459
296
892
706
186
448
972
988
396
999
730
837
960
679
800
271
647
508
122
639
34
394
604
99
674
554
698
516
160
793
813
729
543
604
503
464
74
779
374
166
780
635
300
878
546
802
504
176
111
335
359
198
697
60
568
9
432
357
330
607
800
988
320
724
720
154
150
557
112
876
868
523
252
907
882
65
252
362
87
874
892
975
614
68
675
348
156
885
875
494
643
695
844
186
198
323
815
92
809
507
386
971
747
617
818
95
223
905
315
803
966
648
862
458
162
163
100
22
11
825
719
378
83
763
807
747
917
830
801
705
821
712
598
329
595
385
343
349
376
281
796
275
299
765
393
444
373
393
667
135
427
279
597
859
240
185
631
350
533
989
389
579
753
63
479
618
417
889
637
435
463
168
352
650
699
488
79
123
125
900
669
265
404
969
563
771
947
318
165
659
300
820
357
730
962
19
641
639
822
885
386
777
379
647
291
546
964
965
306
993
529
927
432
58
138
99
995
753
100
710
716
930
681
466
418
67
162
833
797
682
206
321
588
737
950
687
15
546
817
843
264
404
944
421
456
680
757
308
316
174
684
435
636
350
548
338
992
373
30
217
595
239
97
417
428
852
870
388
21
203
582
818
701
838
124
162
460
358
757
559
719
516
661
566
139
999
739
501
798
479
924
737
376
988
224
960
641
788
114
220
917
890
24
503
609
855
99
677
498
887
862
678
658
921
862
380
494
489
12
527
25
504
359
15
620
860
54
14
737
791
751
155
881
980
454
987
313
982
333
557
120
547
853
878
620
91
883
75
25
522
609
919
445
224
16
902
376
267
458
612
33
459
731
700
513
53
867
280
170
168
968
800
957
972
514
717
139
752
703
190
152
937
1000
526
559
546
932
11
525
218
903
50
502
993
69
937
923
355
804
703
426
502
271
558
763
119
819
199
152
129
840
54
136
551
85
896
903
372
976
170
607
913
968
638
939
380
38
12
839
450
358
935
635
834
881
944
467
416
919
759
772
17
302
979
672
250
927
597
767
75
247
72
410
183
571
809
517
434
633
812
271
359
210
434
462
616
504
823
378
805
934
741
815
429
107
223
670
270
243
617
135
665
580
118
39
634
64
391
474
709
535
506
214
519
713
509
280
137
440
632
711
473
788
762
746
786
903
69
112
674
506
501
44
233
958
301
637
568
315
460
339
278
829
642
93
66
798
81
505
948
263
126
298
618
390
329
736
276
45
634
262
672
49
988
131
907
550
704
119
135
194
726
275
581
285
469
904
927
161
414
6
461
359
89
711
618
215
893
986
268
223
890
975
470
741
118
262
16
837
197
10
432
124
35
12
357
417
643
611
523
249
119
357
408
716
150
251
345
362
721
283
723
115
417
543
21
645
625
953
252
706
791
572
365
527
334
32
480
829
357
388
179
88
575
425
275
593
773
132
418
136
690
512
694
641
254
277
574
756
566
268
830
234
127
389
751
802
718
86
314
330
101
162
336
724
195
702
201
304
628
211
464
829
381
660
256
686
482
15
245
784
224
888
382
948
953
759
414
397
879
349
148
550
502
108
396
341
911
695
97
420
496
531
823
776
777
8
317
846
856
399
76
834
734
862
320
419
870
891
166
651
615
397
515
810
472
577
715
278
202
976
94
809
172
919
442
412
915
591
72
655
185
758
927
430
548
814
952
276
469
528
473
113
