791
310
759
715
768
363
235
317
266
513
239
240
849
503
672
335
901
330
37
405
977
953
391
43
40
716
139
226
934
465
360
766
363
133
948
242
945
99
99
582
59
632
408
587
496
290
958
853
352
876
938
316
86
799
285
145
860
941
52
379
530
149
696
561
960
771
99
757
470
96
508
789
470
876
153
6
157
590
129
221
609
922
73
147
297
122
851
980
82
871
29
776
369
779
821
855
378
162
532
364
252
591
696
165
208
798
94
244
899
997
152
6
518
212
990
334
221
409
307
480
51
664
569
771
55
918
644
552
606
697
69
304
850
381
621
750
524
858
267
828
803
213
14
592
129
991
749
640
347
658
999
150
866
412
937
119
90
360
77
282
336
760
584
669
371
151
980
645
495
291
75
756
97
908
460
35
485
835
448
66
508
74
847
993
204
893
762
964
210
959
245
377
49
643
542
419
116
718
95
131
77
672
813
290
913
112
923
843
858
277
267
94
838
435
431
586
195
402
167
846
586
95
927
596
278
181
29
705
580
998
276
658
712
529
874
806
543
541
999
559
463
542
555
925
831
584
909
465
882
35
743
421
108
339
76
715
995
36
749
371
133
52
21
148
126
744
777
36
262
664
448
129
207
278
788
9
803
367
291
942
291
637
76
434
907
98
20
183
505
508
171
40
194
787
105
569
608
304
18
953
344
227
823
735
966
344
985
135
889
741
829
198
731
992
675
606
262
58
481
208
