812
282
283
274
642
927
581
516
130
151
381
427
348
159
758
815
109
917
237
190
962
547
850
502
398
352
482
329
718
433
283
9
402
871
6
306
76
458
269
349
175
484
364
705
557
909
217
709
513
84
363
828
371
452
795
153
784
201
184
879
308
607
174
164
986
969
61
108
244
736
624
891
536
849
549
69
334
180
71
486
509
996
809
609
901
744
594
906
276
854
497
370
920
651
84
842
816
134
690
854
232
814
12
972
490
479
753
325
577
238
417
256
378
749
768
237
80
520
501
906
865
989
967
72
360
841
676
604
524
714
628
269
129
521
402
412
675
570
369
460
71
994
702
55
187
866
566
45
84
527
480
332
54
526
205
494
884
777
453
335
254
483
172
602
396
408
144
312
410
550
851
256
430
572
62
555
401
360
58
867
