869
393
141
392
845
788
301
769
375
741
190
300
72
276
910
448
646
994
657
631
908
792
671
88
226
862
417
301
519
378
801
252
793
88
577
561
779
655
407
371
598
497
679
750
629
887
403
898
941
472
23
242
474
97
800
206
680
996
964
948
37
247
715
932
216
791
422
664
798
409
780
382
928
985
875
4
318
667
589
173
983
779
91
786
457
218
820
241
687
413
210
687
769
709
388
889
298
107
819
1000
903
683
741
121
457
73
303
514
585
565
863
131
162
385
971
687
971
479
318
954
799
373
645
745
162
771
679
955
778
7
114
523
533
257
628
505
395
520
896
539
556
95
49
156
968
235
808
373
566
941
44
125
377
830
288
651
447
349
260
511
97
242
836
8
208
25
651
526
795
205
747
630
97
409
759
699
281
997
222
145
978
922
909
804
595
977
755
9
724
652
972
829
591
7
27
456
527
612
73
448
208
992
532
854
902
538
505
599
122
928
714
966
181
145
603
800
601
459
915
30
151
260
179
667
431
823
546
174
595
475
1000
325
765
1
534
953
534
668
251
80
179
201
127
807
269
374
293
693
125
72
34
362
395
124
887
733
722
543
50
389
778
435
941
1000
554
861
71
78
197
351
325
171
633
593
4
311
244
635
662
134
732
311
70
900
342
861
815
812
14
359
995
148
895
248
895
428
116
563
377
144
701
898
227
86
896
392
117
815
318
178
315
39
272
365
706
76
782
373
262
7
718
523
219
314
340
106
111
53
607
714
737
84
348
352
110
873
320
298
428
366
68
812
164
729
218
471
810
769
270
147
671
394
81
100
918
672
920
167
589
376
731
942
838
342
781
340
567
106
14
563
449
629
600
747
681
42
871
571
424
74
48
968
845
13
191
334
241
213
394
680
669
564
285
997
843
983
714
520
592
319
736
180
171
871
257
135
907
717
481
70
592
72
334
600
282
728
329
448
122
984
601
631
575
934
727
939
62
229
433
119
585
140
798
505
850
6
818
481
883
130
355
90
872
484
628
582
681
797
126
679
521
893
105
35
261
884
894
261
639
517
630
479
134
177
762
592
168
742
154
798
132
682
790
122
885
841
650
8
613
954
475
52
436
917
47
18
290
563
421
906
893
616
143
36
835
520
409
642
992
985
326
210
573
98
862
536
55
54
379
576
410
616
81
207
909
634
159
946
127
587
622
367
845
553
636
395
187
771
410
290
368
590
713
509
731
280
672
855
899
626
130
98
942
575
255
687
652
331
324
33
382
614
408
822
972
619
624
384
564
159
15
402
586
787
135
609
959
411
538
914
53
761
104
273
548
51
684
421
686
336
321
824
376
536
721
413
261
507
32
74
455
619
174
584
268
736
773
124
379
44
529
572
671
292
538
96
126
6
266
621
886
523
863
529
662
90
62
337
879
269
724
335
581
744
617
950
435
944
510
233
826
649
868
661
598
251
350
596
270
693
219
332
911
28
493
900
435
134
3
864
42
53
335
366
646
823
788
218
113
596
350
421
659
638
691
863
53
119
33
266
357
207
748
266
199
332
303
396
12
516
785
578
460
287
837
431
821
631
591
684
409
768
688
135
756
133
70
370
497
474
16
410
363
658
862
672
175
285
372
169
269
872
831
58
368
934
238
746
182
902
162
461
111
27
769
142
169
158
157
840
757
216
225
261
346
909
180
564
265
455
352
954
571
242
449
524
766
898
263
631
137
675
628
863
869
15
80
973
965
504
168
924
437
56
78
796
761
33
676
688
563
983
741
732
105
982
57
53
709
23
918
794
630
889
822
168
472
765
82
706
497
298
760
330
190
473
38
977
961
74
861
230
580
20
622
783
3
478
53
378
395
51
799
448
115
675
10
213
712
92
26
985
700
865
747
519
280
719
80
815
292
520
939
304
605
158
698
147
708
456
221
49
984
445
753
339
637
126
472
27
907
733
8
520
813
624
836
494
494
844
148
164
280
858
786
540
344
196
515
386
784
640
704
10
107
765
596
71
319
753
243
272
776
266
421
907
194
402
118
375
707
324
226
115
921
138
973
196
279
624
112
194
316
445
941
362
945
576
953
790
934
328
830
397
795
774
294
311
920
710
900
226
575
411
803
52
908
30
148
903
677
570
443
58
106
819
931
574
623
436
