564
952
896
859
664
501
634
8
530
566
415
673
929
522
147
824
210
502
694
686
284
615
501
239
225
41
778
33
846
93
910
477
694
129
561
929
517
165
48
45
321
613
783
338
446
356
881
301
65
410
240
728
957
283
522
127
479
416
582
832
392
366
350
859
27
790
994
242
61
536
213
71
844
153
714
396
866
266
546
522
781
865
650
134
29
448
617
770
913
582
109
393
303
871
657
292
830
611
568
373
776
684
290
80
11
482
626
442
339
629
845
394
520
784
423
910
391
12
500
794
808
796
350
110
648
685
974
608
346
893
653
834
46
707
85
649
589
933
613
266
468
986
97
475
665
946
796
563
432
721
697
104
461
224
243
556
454
968
726
961
352
217
512
621
463
970
349
642
8
722
648
617
301
972
678
399
218
970
37
102
415
80
185
338
43
105
43
311
689
936
445
140
995
969
185
259
711
908
874
143
576
370
944
821
920
546
941
711
739
884
866
406
916
899
431
121
762
134
434
201
431
767
947
288
426
742
110
737
687
680
344
202
800
472
2
296
800
751
336
216
40
63
921
740
648
214
485
884
642
388
254
128
664
633
975
921
706
953
727
683
801
948
148
886
459
84
285
274
166
916
909
739
516
693
559
328
782
868
471
262
462
361
894
723
611
673
883
967
229
722
114
24
801
136
609
174
277
447
505
71
208
753
688
850
348
356
971
276
228
647
185
906
279
805
308
120
491
771
801
121
81
427
778
20
120
326
381
835
194
473
769
742
349
228
385
513
349
573
351
86
926
640
832
831
971
83
334
667
46
904
873
140
490
126
775
566
259
216
64
295
94
450
724
33
33
79
482
769
906
180
843
335
977
455
608
205
558
29
126
855
858
104
511
567
357
48
195
884
868
604
76
551
919
106
402
126
599
978
188
871
967
59
576
637
359
530
600
845
174
507
278
518
782
964
952
354
286
91
571
986
527
313
405
443
726
999
481
262
444
743
632
713
555
83
946
122
806
927
986
61
257
54
714
656
575
906
456
719
582
274
34
508
585
140
750
778
478
332
540
194
300
600
357
145
201
263
858
60
877
962
185
931
130
904
913
312
169
202
707
184
774
571
150
876
418
966
680
253
906
446
385
556
850
882
856
584
708
497
361
109
796
81
312
752
926
670
263
504
10
74
747
518
240
101
954
284
800
884
821
69
397
454
392
384
275
820
108
159
658
268
422
560
598
201
521
141
942
120
276
83
397
998
99
477
609
980
664
249
107
292
820
425
651
33
796
109
886
445
527
685
694
800
33
682
505
135
268
897
756
766
541
672
716
992
808
104
730
715
521
478
181
508
158
390
234
646
156
645
141
149
768
593
313
163
554
818
106
343
114
96
212
608
741
840
972
803
45
613
195
431
628
285
64
579
473
262
645
724
512
296
456
454
82
805
191
748
475
200
977
381
279
815
452
287
295
150
592
980
149
174
42
550
47
161
818
103
473
973
998
563
148
429
258
343
137
169
253
510
834
387
130
677
622
991
137
15
893
640
54
380
773
677
843
53
255
375
27
269
967
574
638
354
588
396
263
549
497
282
174
668
431
867
6
171
460
709
777
622
308
261
119
252
371
232
457
512
584
642
842
726
982
305
858
864
495
251
571
967
488
836
423
105
522
245
558
123
328
585
502
582
982
309
270
803
341
947
676
897
858
477
981
900
954
293
776
291
683
741
168
791
922
159
626
486
379
48
532
95
575
801
940
797
730
820
578
326
257
127
90
588
641
481
710
445
430
231
61
374
46
323
841
606
857
22
821
966
684
323
992
425
47
776
297
851
111
656
21
849
438
392
376
260
521
129
561
379
111
575
338
742
132
232
25
323
576
431
234
190
367
591
879
844
93
365
264
40
417
102
994
251
170
540
223
43
163
527
642
566
194
322
234
819
277
845
584
261
562
620
826
636
688
697
778
575
269
902
169
874
457
902
584
970
49
223
571
737
101
546
791
79
994
522
631
208
957
441
541
957
767
561
384
708
539
692
820
236
612
226
71
77
833
160
53
187
183
728
614
28
216
601
936
835
9
455
241
959
946
833
63
107
809
693
509
674
819
208
651
542
6
168
361
498
499
545
43
792
671
284
795
801
223
121
850
326
175
204
566
251
346
957
245
449
117
113
900
542
574
246
812
714
225
478
66
63
149
652
997
703
531
739
