193
751
70
578
960
344
22
898
395
679
960
849
465
892
934
22
323
610
348
201
441
110
209
919
392
642
468
289
809
558
787
758
436
488
670
364
983
378
65
818
678
139
30
697
288
506
789
408
750
302
446
85
746
178
921
435
2
799
579
133
138
715
196
247
290
648
712
476
872
704
704
905
554
70
890
587
816
511
127
288
467
971
402
95
943
472
338
886
602
362
52
437
923
584
338
254
144
613
887
961
652
522
237
182
106
377
24
547
110
68
685
724
969
878
380
46
651
429
391
270
632
781
846
447
294
750
18
978
490
529
160
716
444
739
266
909
127
472
755
60
365
232
81
429
178
190
421
697
832
674
38
417
747
156
393
630
165
111
395
335
924
915
96
370
996
168
264
504
262
437
696
60
964
358
195
406
394
856
86
285
314
82
255
753
172
171
851
667
448
533
150
801
83
751
637
820
646
126
178
139
924
732
646
711
853
786
188
951
998
116
660
663
230
790
368
89
160
725
170
263
320
205
802
242
569
864
687
840
662
45
837
223
19
470
818
891
394
558
702
266
742
500
330
480
316
280
321
265
55
907
943
47
754
37
723
385
2
497
131
353
391
323
197
515
661
739
349
720
970
387
674
609
827
598
789
163
668
824
237
926
