782
482
962
535
586
320
147
799
303
968
99
249
421
6
52
924
240
341
887
539
937
84
616
672
375
282
597
210
766
355
42
822
200
314
184
560
295
747
879
765
752
778
919
25
222
71
622
97
498
658
869
417
949
106
593
47
227
940
273
268
210
151
159
233
359
692
371
902
971
348
135
960
187
715
139
982
804
592
810
383
616
933
920
298
925
318
709
578
31
733
934
534
757
498
149
850
640
612
357
502
568
921
571
729
462
249
162
235
464
916
818
28
152
736
615
82
632
279
821
198
869
790
112
391
912
676
995
974
804
180
604
248
442
446
783
577
618
56
588
119
932
360
811
260
106
740
422
449
168
256
29
753
51
717
315
420
625
960
767
227
967
451
382
568
578
992
336
286
172
63
607
876
949
348
561
18
490
332
327
31
893
868
660
932
224
63
927
207
882
345
319
193
696
422
887
753
965
584
764
729
915
216
248
338
319
498
916
907
980
125
887
483
288
234
584
623
951
224
317
496
858
22
389
932
118
138
510
615
472
139
409
413
853
14
900
119
259
982
187
656
927
981
988
80
319
348
180
281
219
243
408
373
319
247
654
356
412
691
225
728
81
807
679
824
71
822
720
557
431
680
841
553
309
580
862
419
36
254
657
744
294
967
494
128
804
743
307
870
449
124
939
183
305
550
174
31
792
116
785
819
144
696
724
332
511
846
38
10
102
862
834
701
314
691
176
854
801
111
441
912
25
603
657
929
529
660
310
893
731
989
630
936
368
351
530
103
794
953
550
960
275
840
117
649
709
902
901
214
550
938
877
305
714
169
383
472
737
171
505
681
284
945
540
237
935
229
401
800
378
542
59
812
895
423
193
649
839
496
408
723
490
955
198
34
98
697
334
939
498
659
57
221
48
204
2
889
144
957
48
522
868
44
117
719
995
284
51
604
907
494
213
557
512
201
849
259
727
435
615
584
659
813
561
315
207
903
813
715
805
969
428
942
213
704
823
802
411
168
152
381
