457
809
794
432
214
960
460
136
611
811
205
307
414
77
495
397
139
345
850
34
963
375
673
705
287
733
693
617
630
102
28
863
823
62
505
4
319
299
629
718
578
76
681
799
114
936
189
260
307
494
649
554
549
155
155
354
519
466
221
969
442
381
130
281
827
522
806
959
976
415
473
183
38
561
162
560
189
806
268
232
224
320
142
631
664
308
829
778
276
76
188
444
185
175
714
91
56
491
605
55
111
696
958
795
208
827
318
295
870
15
903
942
900
414
863
414
789
97
360
690
995
678
720
918
205
323
735
536
767
879
295
642
336
925
761
80
182
84
263
190
87
476
134
686
997
136
223
669
594
878
313
818
535
541
469
336
439
20
338
910
209
65
908
175
765
482
990
277
87
920
363
130
769
631
193
507
904
870
833
373
171
517
139
145
237
963
721
357
680
785
22
342
216
404
340
940
898
127
196
91
51
454
817
915
969
796
860
886
797
358
25
262
737
135
299
170
292
730
48
630
939
724
910
895
473
53
604
954
515
38
338
906
370
273
682
45
445
141
207
114
231
829
609
956
948
166
750
29
907
270
317
607
368
449
731
921
914
318
489
918
845
418
20
185
704
825
286
767
21
210
60
733
540
415
892
761
791
2
466
301
505
445
872
460
132
103
139
635
18
548
878
910
298
404
388
93
462
389
674
507
233
521
456
380
958
851
157
742
326
685
843
716
316
645
265
203
961
416
886
152
639
572
768
599
292
308
321
112
752
813
458
277
893
312
198
512
332
860
211
494
659
736
758
649
696
745
656
98
59
903
703
505
152
308
612
998
41
868
411
581
287
874
38
264
1000
703
870
587
370
813
997
984
34
737
946
632
931
62
235
806
319
969
863
711
672
32
8
926
988
599
13
648
358
973
72
297
614
555
900
646
708
734
47
238
826
61
438
159
80
501
653
153
787
290
988
896
280
132
972
465
948
240
330
950
520
394
569
282
202
187
961
543
577
51
491
569
695
757
513
386
315
694
248
895
660
882
470
560
276
895
60
761
665
957
970
616
987
330
789
829
58
573
503
853
714
860
50
46
500
542
190
461
358
771
134
295
277
258
580
716
948
642
715
231
919
292
216
495
805
749
302
406
180
734
776
571
564
492
160
632
161
823
716
788
513
712
248
933
754
674
5
504
536
463
366
875
892
668
1
366
389
407
398
883
400
739
762
689
908
286
462
900
418
917
442
731
264
138
870
436
280
357
586
802
560
188
346
633
556
450
541
272
960
361
736
715
812
293
876
229
190
167
88
313
577
376
982
918
400
999
273
17
951
845
314
315
725
661
570
473
216
603
982
25
805
261
644
510
217
497
38
528
436
444
306
201
241
977
666
536
932
68
252
173
764
547
860
697
806
913
48
256
964
816
246
84
368
41
682
808
85
661
30
346
158
3
473
545
648
6
647
471
168
882
580
683
222
668
600
301
461
936
882
431
470
933
55
698
962
686
886
865
350
758
849
703
935
233
134
497
157
890
50
852
654
948
332
931
369
295
539
607
732
980
952
310
492
227
792
822
362
179
737
402
803
42
883
809
642
524
459
796
397
669
892
478
536
762
963
960
651
335
398
67
489
38
754
997
307
640
295
345
703
206
15
155
985
950
734
431
914
699
713
936
743
481
690
139
659
63
492
960
769
579
56
916
382
198
219
392
478
836
552
225
503
531
850
652
790
149
677
287
79
595
392
537
441
972
440
65
61
67
492
734
198
55
635
819
180
572
31
224
682
905
278
45
632
333
229
339
48
158
614
367
742
832
459
105
641
629
477
129
33
229
603
537
486
172
342
874
692
702
994
989
763
797
596
963
115
70
863
981
538
270
180
218
978
845
312
698
275
704
357
621
980
400
845
762
609
134
989
357
377
196
885
559
588
569
85
499
197
968
327
966
252
679
229
459
532
202
851
127
584
269
434
766
669
915
59
487
821
436
923
955
743
762
672
708
35
168
226
898
856
914
129
746
386
977
159
892
367
517
133
125
48
778
462
713
704
33
141
120
48
144
132
539
3
395
474
746
40
949
891
515
22
712
5
957
32
743
