300
507
608
505
933
12
996
13
374
285
287
314
71
157
820
424
353
456
623
98
895
530
148
801
122
979
508
52
156
545
547
845
155
911
887
589
587
946
933
127
843
626
183
393
566
280
538
203
495
563
33
537
462
914
501
161
124
859
186
675
225
308
797
922
776
410
585
937
73
560
1000
307
922
911
102
470
206
526
881
11
623
128
2
116
823
991
541
490
120
478
107
380
744
430
935
120
520
135
98
2
669
313
67
123
368
356
369
502
809
726
760
183
41
755
693
851
952
264
556
438
965
229
768
963
93
183
18
330
628
424
908
265
952
526
666
234
168
726
248
999
698
491
736
179
909
737
294
493
620
432
228
140
592
933
942
867
616
314
347
938
264
836
139
170
389
115
694
605
905
665
307
798
674
774
853
859
52
919
729
260
223
922
87
309
270
95
722
800
332
443
758
372
348
242
920
710
258
218
563
583
655
870
36
862
803
683
481
566
479
43
346
631
595
328
441
568
78
121
505
648
769
996
655
701
369
312
33
476
471
167
363
961
937
342
155
41
818
885
752
149
309
495
567
778
354
688
74
835
362
322
620
665
708
883
542
680
93
140
497
559
126
854
664
460
325
658
942
287
37
26
675
644
203
612
879
870
891
232
108
870
276
527
434
234
189
238
123
492
449
954
730
594
755
631
10
943
288
296
290
551
