148
499
904
366
945
14
319
384
684
687
179
418
401
701
275
905
708
720
770
759
421
782
624
295
323
439
901
540
945
564
87
377
649
396
287
596
408
911
683
514
868
649
805
339
389
82
264
762
147
882
305
267
981
764
763
91
499
195
41
626
819
982
897
570
74
671
564
648
809
546
124
17
276
615
447
625
565
846
254
483
422
71
966
287
38
215
24
748
2
900
397
167
75
664
505
644
989
953
824
949
52
537
907
629
81
504
378
17
855
816
9
792
921
62
592
209
13
745
360
714
372
514
90
423
798
601
343
404
668
792
38
802
458
291
22
412
153
210
912
206
146
93
842
443
1
201
739
51
100
176
522
699
939
34
615
638
201
498
651
834
257
848
167
726
663
724
811
916
881
810
740
869
666
800
656
180
95
449
364
804
435
55
516
415
941
199
660
599
392
36
442
413
419
873
726
655
658
634
127
194
827
559
214
497
137
560
390
994
864
986
575
761
867
256
85
574
132
82
863
85
245
225
803
50
251
368
763
502
613
334
504
666
687
479
759
732
507
994
923
360
138
614
354
137
470
382
51
535
104
167
511
167
904
32
213
395
842
205
110
752
362
612
141
178
417
961
994
6
884
553
351
591
515
29
563
125
580
847
752
619
263
206
454
124
685
633
37
45
44
320
586
123
594
332
675
424
367
655
301
385
709
327
426
670
855
160
30
207
411
146
322
515
316
361
302
697
658
777
812
983
22
953
819
638
803
695
100
966
236
812
324
303
922
514
499
536
53
655
967
40
237
14
426
820
880
667
274
587
448
630
201
704
492
885
360
630
467
701
729
596
470
963
305
39
522
605
655
601
60
264
444
366
501
692
631
28
553
235
885
296
831
450
467
217
411
562
582
9
716
909
948
489
147
115
948
784
406
173
788
178
198
304
796
895
198
185
311
468
337
241
103
7
993
981
870
405
264
654
528
66
593
687
647
421
931
858
88
171
154
644
893
22
998
922
510
367
750
720
648
289
236
114
255
374
326
929
220
93
651
313
383
620
214
933
959
359
282
477
792
268
84
732
45
510
945
63
279
190
791
94
915
28
637
826
809
216
846
693
660
739
402
656
807
440
292
791
713
141
580
556
231
295
38
358
119
687
977
236
448
694
783
422
739
640
408
224
391
451
455
329
454
269
277
584
612
282
56
29
445
351
832
898
126
595
674
371
896
338
716
11
398
670
899
440
738
273
657
415
118
591
364
403
175
990
168
488
504
580
18
129
366
960
477
287
819
903
966
146
665
160
754
237
926
378
958
680
513
537
462
172
43
881
617
834
478
160
963
632
66
683
814
807
798
401
879
69
22
731
27
243
617
614
944
159
997
679
82
622
9
484
575
996
911
202
607
400
984
278
228
551
984
177
498
720
473
288
683
88
480
882
661
439
783
72
195
672
291
74
983
756
115
848
212
241
920
386
975
480
473
66
266
170
770
715
854
509
964
661
499
132
782
646
952
99
949
53
261
857
513
820
23
366
456
246
863
693
352
976
633
105
296
592
72
837
462
75
793
281
124
963
419
8
354
359
110
201
874
312
794
402
174
743
110
184
456
787
940
890
451
135
500
284
41
260
975
619
445
383
623
357
637
37
857
201
678
331
645
656
34
675
749
141
921
728
259
848
429
21
839
572
570
114
854
658
427
892
435
513
269
941
624
745
162
772
212
326
723
243
327
160
678
579
325
458
293
643
799
352
679
450
138
328
436
939
987
647
897
565
568
672
400
698
963
30
401
172
909
891
888
132
681
19
161
612
905
154
377
445
626
524
319
263
583
298
672
861
627
170
149
470
975
949
176
424
233
787
587
347
984
284
977
105
266
722
714
207
216
475
79
946
134
920
246
341
756
575
381
214
532
3
819
582
678
484
310
317
210
847
868
374
238
172
815
860
388
477
226
425
884
973
405
109
809
453
250
77
376
343
865
252
90
873
714
301
888
497
91
141
295
221
675
626
727
173
437
780
905
139
530
961
368
301
785
78
607
712
519
200
141
559
56
885
978
40
812
736
488
649
708
393
264
202
299
416
310
786
615
83
958
955
499
283
448
171
83
882
83
246
660
642
634
164
321
741
314
513
493
570
189
549
893
501
72
458
543
800
920
175
151
218
499
499
161
618
449
586
54
894
818
45
218
968
377
717
195
971
737
128
113
157
