247
88
89
566
477
526
404
809
770
695
273
850
776
803
231
746
155
598
120
550
354
994
579
778
200
449
669
39
445
652
349
579
812
19
516
870
642
893
297
998
218
638
848
894
155
456
810
448
924
550
615
923
706
396
840
811
37
280
831
337
108
767
671
484
108
408
188
880
746
788
817
348
889
447
208
176
806
422
316
119
805
741
230
375
431
631
143
980
796
691
916
692
464
915
292
551
487
288
755
260
165
313
531
594
636
804
713
563
930
112
532
306
781
584
48
369
352
189
685
526
885
853
838
763
808
254
659
911
12
219
284
770
261
564
57
146
221
485
45
466
650
769
72
175
981
821
880
559
708
365
72
232
50
141
226
432
259
72
770
338
41
528
626
66
265
41
585
638
342
468
694
526
545
560
515
418
470
831
8
673
272
668
746
351
207
333
811
320
899
515
243
197
54
853
310
640
646
774
409
648
278
363
978
279
260
118
276
463
632
107
406
291
996
450
369
266
540
34
324
437
189
139
284
423
609
859
204
119
496
396
851
109
441
147
718
844
277
214
122
799
251
205
593
805
646
97
68
145
436
342
496
715
231
239
542
838
770
40
911
613
792
722
807
339
235
770
25
515
814
730
716
719
710
62
393
129
735
696
462
838
657
772
329
685
350
654
708
532
213
479
393
719
836
698
444
779
326
106
65
508
385
923
909
1000
562
388
100
774
14
449
163
302
630
479
108
634
26
460
47
286
364
60
526
751
436
352
361
414
65
542
477
370
847
81
411
808
665
145
187
45
769
848
249
690
116
942
279
131
505
275
807
485
282
907
372
853
573
990
517
635
477
161
836
423
721
572
412
472
242
534
928
940
282
909
568
286
664
851
703
194
984
878
520
984
344
890
355
196
191
67
538
943
743
944
899
929
981
36
535
982
959
997
391
178
525
539
964
888
703
789
112
364
791
470
955
388
412
604
94
963
804
627
678
796
739
26
455
507
187
381
650
326
624
411
31
245
226
427
585
723
979
693
740
490
132
729
535
606
473
461
191
981
76
87
99
997
83
1
677
165
6
122
864
178
954
845
663
428
756
610
432
679
125
375
709
590
256
883
134
487
781
535
388
843
989
23
48
677
88
232
256
838
732
290
786
785
36
530
667
588
664
762
467
260
187
989
718
666
546
199
342
782
410
204
908
425
217
323
483
221
573
762
593
756
94
714
507
38
881
76
273
695
891
817
144
694
9
169
354
464
