857
666
887
365
108
102
303
263
55
504
29
947
626
444
740
131
660
955
519
946
544
144
24
475
956
265
309
916
593
596
824
769
762
27
948
260
825
883
855
746
929
953
599
110
104
165
452
649
225
138
677
402
279
893
168
763
394
667
760
483
622
277
409
488
494
893
487
86
47
501
438
172
482
309
206
577
454
641
129
794
225
591
767
796
834
178
979
939
294
176
281
930
272
130
434
441
897
20
146
416
257
688
518
666
546
956
897
492
428
435
922
46
20
231
19
31
152
455
582
283
423
159
119
935
271
442
6
675
349
336
237
381
546
802
883
887
157
246
18
561
563
996
522
424
855
128
389
509
59
544
652
280
957
506
440
523
441
554
614
517
523
71
829
748
949
410
649
235
831
495
916
240
675
778
954
38
501
782
14
830
219
782
35
549
120
433
469
555
1
206
86
161
561
429
447
851
929
432
460
397
548
49
653
299
696
65
471
312
375
222
750
15
122
201
748
797
238
55
803
346
532
441
95
990
198
362
704
210
796
596
269
376
273
170
245
659
25
698
857
98
735
120
363
282
824
246
557
382
116
115
5
353
552
391
514
637
900
30
308
778
808
970
839
487
614
675
604
81
665
903
882
767
576
378
249
175
72
516
994
188
835
392
140
325
929
937
25
177
507
360
969
413
596
675
247
177
612
268
393
527
149
973
567
903
590
275
728
975
445
23
736
682
267
123
964
798
833
918
689
273
655
723
808
370
894
672
627
243
93
878
205
958
780
158
256
103
810
605
339
77
658
446
610
22
59
733
545
461
737
429
995
625
115
587
349
349
983
397
272
759
675
343
206
266
938
715
154
968
590
160
458
830
730
17
87
228
741
22
58
987
357
611
234
579
939
402
447
447
740
610
742
575
469
5
68
596
101
754
380
968
405
730
134
364
303
607
127
292
358
160
284
216
809
16
718
214
771
602
416
583
988
450
404
269
913
688
279
975
40
846
863
730
496
154
687
12
518
902
843
740
297
667
566
710
167
183
579
76
326
443
897
79
797
356
521
867
784
19
402
250
212
981
769
878
19
946
867
171
89
5
86
23
189
175
311
646
779
703
874
947
981
409
582
39
26
285
923
756
298
697
194
71
494
589
594
943
876
483
151
995
195
242
523
992
334
155
452
188
971
966
591
500
382
916
820
152
601
885
233
758
854
278
409
546
845
761
242
674
93
639
43
740
537
689
28
767
927
99
300
422
16
504
98
901
918
795
995
921
719
265
470
828
534
780
96
833
71
220
302
143
870
902
88
215
734
216
880
851
483
659
259
830
160
776
488
788
598
849
738
368
859
358
847
636
911
893
94
665
351
370
19
716
147
892
986
375
592
668
859
349
606
69
82
401
395
182
525
264
148
263
404
25
677
600
678
773
581
608
269
782
492
867
842
197
718
71
579
949
757
65
349
485
91
874
496
255
203
413
707
300
284
61
425
635
353
764
415
968
557
175
592
762
851
907
755
624
641
193
148
821
367
565
909
655
277
951
446
836
195
179
711
954
672
572
726
568
759
474
673
505
802
86
879
954
285
190
719
359
462
41
726
929
723
312
369
507
493
637
910
608
586
770
793
630
218
357
863
360
127
889
919
455
846
502
428
931
964
325
522
867
730
554
721
850
247
660
787
799
933
628
127
843
301
861
75
156
989
377
717
125
957
214
697
394
232
741
60
941
878
369
575
989
514
764
349
745
435
707
567
705
597
645
935
361
838
385
812
562
490
541
494
962
860
769
968
777
345
864
260
823
478
197
898
875
736
13
31
324
565
129
46
259
589
921
210
373
583
849
888
446
413
156
596
370
237
242
223
155
405
234
479
895
932
801
786
859
463
613
393
646
988
230
348
249
665
119
139
29
26
223
660
244
845
394
919
794
262
168
241
417
726
332
114
43
732
714
982
990
68
840
175
590
984
686
212
209
268
613
124
561
