996
539
727
259
820
220
552
415
947
876
604
604
501
800
291
893
742
548
679
288
122
409
691
188
689
248
352
942
835
142
954
641
895
694
684
928
34
370
404
105
13
811
270
873
757
773
316
269
15
187
63
707
538
932
994
873
915
233
377
284
342
422
110
994
265
770
253
307
63
615
300
94
12
550
98
158
198
586
29
859
484
929
354
678
967
52
387
883
692
769
419
198
449
995
64
426
659
726
680
211
591
31
630
380
862
925
505
242
7
363
951
236
881
580
473
51
67
693
216
931
900
803
264
912
846
66
427
363
403
892
543
525
950
198
849
343
313
472
677
204
856
161
537
989
885
826
405
79
479
251
123
597
770
843
823
547
2
299
695
854
728
39
69
584
771
554
549
536
439
211
885
390
633
267
164
479
498
569
692
249
45
227
949
970
682
458
807
823
448
121
581
247
548
232
985
428
494
909
36
567
610
976
270
79
911
424
732
150
102
834
370
137
948
977
539
760
607
96
538
676
890
679
300
785
485
753
860
404
738
546
418
546
725
863
957
199
179
674
778
681
215
711
517
870
702
331
553
399
611
207
940
788
171
3
442
697
871
118
612
466
939
675
681
362
297
199
470
715
691
637
914
502
757
715
932
312
35
763
766
146
838
122
509
80
917
285
965
127
5
728
766
113
460
676
544
503
372
263
641
960
275
581
596
831
907
642
308
43
64
471
286
349
366
806
602
369
433
594
167
258
104
372
930
725
109
321
692
146
883
487
637
468
881
491
266
77
665
280
761
71
543
366
535
393
534
90
867
120
368
354
171
166
904
782
503
415
419
62
945
995
619
799
803
693
437
163
967
745
27
965
899
257
241
631
466
89
685
597
9
159
472
562
626
457
684
58
885
686
511
281
73
319
165
846
764
245
536
729
857
29
705
175
302
422
928
988
178
94
211
919
848
419
403
250
227
238
973
643
537
400
723
337
870
519
762
52
750
648
509
700
834
582
732
435
682
583
291
946
34
258
654
846
580
895
986
759
733
429
754
17
98
935
27
680
822
930
909
106
378
899
401
158
290
800
404
877
317
855
476
51
752
597
3
894
410
617
639
149
880
632
580
237
872
288
503
190
286
271
653
14
13
251
759
804
775
232
145
18
447
455
509
436
68
439
710
650
492
792
560
843
263
770
813
121
622
541
429
216
113
673
584
495
328
511
606
494
730
361
870
896
419
992
805
532
105
234
186
240
247
181
194
302
893
598
672
672
487
54
804
598
128
263
107
376
905
148
243
632
95
505
985
858
51
127
914
377
436
865
78
512
374
736
305
608
24
649
654
2
145
982
455
278
178
669
804
732
219
685
242
472
744
164
633
936
987
917
905
128
906
244
995
444
250
989
659
391
92
979
654
790
475
48
677
124
557
249
946
857
177
153
872
873
942
756
991
426
730
303
268
49
675
297
250
118
223
506
754
477
376
591
269
397
558
511
589
592
102
340
395
804
363
129
9
918
446
824
758
929
484
950
383
660
784
558
103
205
179
764
155
848
973
280
224
544
903
434
481
948
266
308
941
991
805
44
555
115
457
207
723
346
214
138
916
173
179
6
366
613
774
660
220
54
657
826
148
922
774
523
591
899
475
996
271
667
952
53
518
966
957
865
910
130
203
472
702
536
219
668
799
503
798
290
818
956
14
611
97
130
347
323
990
912
913
997
944
141
954
849
14
41
784
919
674
20
117
635
567
555
57
715
865
985
719
833
104
527
992
152
734
691
326
957
700
310
755
278
233
671
70
31
326
445
955
316
677
136
793
706
360
400
520
827
948
424
579
705
167
48
917
324
422
42
874
600
450
308
825
181
631
282
535
859
116
842
665
287
525
52
771
990
650
260
293
186
792
495
811
586
149
339
670
331
579
86
368
135
413
505
19
349
449
595
185
585
599
278
841
856
672
683
174
721
802
135
49
403
983
919
840
29
580
313
759
112
346
900
225
837
301
723
847
234
301
804
185
964
79
170
55
424
364
675
393
371
429
791
692
180
177
603
614
908
699
264
933
825
457
46
619
164
231
938
187
171
445
865
20
534
772
353
855
193
952
21
833
137
963
727
941
13
257
908
509
683
897
644
817
138
277
512
932
305
555
626
256
48
627
670
997
342
29
335
365
200
155
519
847
565
540
324
198
277
727
96
228
822
549
414
154
416
511
753
801
682
965
742
562
358
496
931
159
533
764
497
852
814
279
788
696
103
739
194
140
8
303
330
389
473
604
123
