126
288
712
901
259
915
150
435
36
187
627
978
432
67
857
428
323
32
112
305
98
595
388
847
480
498
528
526
134
12
57
375
178
601
994
851
866
735
159
559
707
943
767
741
888
878
844
468
670
621
293
208
425
902
443
878
19
439
152
216
292
261
971
306
862
623
867
913
860
567
996
34
631
756
572
633
619
606
889
479
747
996
712
316
494
214
297
441
84
699
393
980
499
252
755
820
839
524
546
776
432
611
155
865
474
152
706
877
315
57
684
566
142
896
186
416
805
760
750
599
473
744
433
909
658
509
264
647
714
902
535
758
782
274
434
553
294
303
717
449
418
796
278
68
489
699
17
922
810
966
646
526
325
21
559
307
525
544
390
839
330
36
466
221
252
959
116
903
972
970
219
258
379
31
18
123
351
175
366
431
1000
69
632
629
778
244
405
405
857
269
912
61
160
82
691
857
260
354
592
154
637
405
840
22
89
220
682
647
66
600
240
890
375
659
909
331
801
852
12
360
186
882
762
903
304
540
473
849
459
656
741
800
74
788
753
20
407
448
113
390
750
931
921
903
470
340
647
74
479
708
90
679
930
616
420
857
753
750
377
681
431
278
712
354
544
519
318
946
449
894
102
353
294
806
393
230
692
509
774
516
398
36
853
220
411
98
164
182
225
53
863
303
4
371
259
534
144
906
122
540
493
24
160
553
235
401
181
853
34
993
463
344
368
697
456
883
450
199
796
975
815
120
124
724
51
828
154
642
29
741
299
157
473
192
692
232
582
984
379
43
790
932
123
797
160
929
3
140
98
960
979
106
212
917
622
49
256
594
271
799
259
668
370
960
381
123
438
691
180
530
645
742
198
805
700
474
204
820
173
182
897
462
459
788
925
266
918
398
582
206
645
449
466
460
88
684
983
837
752
698
733
137
436
530
2
261
530
764
153
788
227
187
769
273
592
196
797
516
884
833
26
31
249
151
693
255
739
498
958
597
