546
709
620
932
75
937
364
197
895
308
124
793
239
891
308
858
926
304
675
246
195
384
906
888
656
845
959
994
41
844
209
272
84
370
349
518
795
251
584
130
814
216
762
19
396
415
506
696
394
743
931
316
147
96
702
511
245
913
339
792
550
290
419
552
2
685
666
475
356
797
511
759
90
503
56
368
401
660
359
201
680
207
116
495
657
119
762
573
575
923
526
596
157
551
597
80
370
725
814
552
403
90
154
331
637
664
41
242
126
997
631
53
195
741
188
515
860
814
463
937
354
340
224
465
681
826
841
752
762
672
994
786
431
247
176
932
566
487
225
271
435
775
794
546
424
651
92
182
104
882
320
552
337
121
826
811
531
699
958
475
190
842
140
84
207
242
870
36
946
371
625
362
509
431
679
409
88
232
596
792
647
591
996
632
913
197
268
702
93
980
608
272
715
665
740
396
215
873
816
249
830
113
344
372
931
151
182
232
522
679
788
725
454
830
951
238
684
763
727
447
60
622
138
816
165
955
484
411
242
826
178
916
212
298
431
650
276
949
269
658
483
545
163
795
813
750
316
51
596
949
20
601
145
255
920
157
263
406
73
901
753
108
331
517
806
486
753
882
473
55
914
115
747
199
285
884
292
671
260
468
98
789
488
578
333
241
705
725
288
689
184
721
433
600
199
692
71
943
147
934
114
65
290
171
897
138
822
255
515
299
231
2
367
390
214
987
344
725
719
294
231
47
28
944
431
183
477
246
426
955
637
870
305
677
355
671
175
688
955
665
500
573
476
805
619
428
190
930
474
276
737
317
838
641
795
286
623
544
697
124
754
672
780
457
635
121
105
448
968
399
847
563
999
745
193
164
453
342
418
820
834
797
498
657
978
650
690
707
855
969
832
16
958
11
418
2
483
16
521
828
738
550
675
824
857
953
405
229
460
969
674
952
16
207
867
744
708
593
96
859
499
141
851
391
383
973
935
634
614
683
806
194
430
196
447
34
864
451
534
615
976
624
465
703
660
855
195
902
689
851
184
582
897
481
985
794
538
567
386
935
122
4
591
258
491
855
810
946
421
407
601
846
653
15
360
326
440
808
228
663
885
737
826
523
41
477
393
8
666
664
492
474
266
490
96
236
805
956
375
341
57
251
185
739
836
10
83
867
847
134
53
240
544
778
95
966
455
737
496
211
740
987
254
633
230
618
276
372
458
828
412
815
44
252
260
889
862
707
366
75
652
175
117
896
790
237
907
136
282
973
433
354
469
563
576
246
379
194
316
198
545
95
930
739
166
207
726
812
692
723
30
949
814
743
785
386
656
653
800
661
680
853
480
806
323
242
135
984
457
923
694
694
588
931
400
345
376
677
130
348
224
482
733
561
14
72
202
118
163
1
520
840
683
846
625
946
289
789
602
467
840
619
528
606
127
681
354
278
458
604
304
759
212
340
262
76
582
50
10
301
176
535
761
574
303
634
574
291
356
681
688
108
789
793
676
696
531
993
508
405
429
665
533
635
245
76
47
412
247
361
998
770
196
258
53
456
463
371
118
554
359
832
194
63
832
406
229
560
527
963
256
269
999
334
889
592
949
935
198
170
32
802
777
388
515
599
245
402
915
820
892
153
801
932
25
24
969
323
51
291
885
916
876
658
12
767
711
794
276
399
174
816
588
54
557
922
184
954
926
368
319
212
183
921
803
990
25
947
857
668
536
902
72
259
455
305
317
908
150
526
783
402
548
33
27
113
505
332
91
809
939
622
927
40
56
873
714
319
39
446
460
483
553
323
155
50
489
840
745
574
