611
331
748
330
261
77
92
779
703
777
298
562
756
512
269
449
679
418
967
988
221
425
737
572
980
476
492
657
655
257
942
337
660
743
286
950
408
903
252
837
7
220
423
738
873
742
70
119
862
391
559
719
231
681
346
174
544
411
99
603
765
422
74
904
873
503
315
993
904
958
7
319
691
71
358
241
108
448
335
886
149
264
681
688
591
342
261
56
406
700
82
501
571
249
910
586
27
438
56
743
967
850
593
256
214
778
593
109
544
940
16
783
849
845
434
660
114
68
56
799
955
749
629
446
420
877
60
790
35
55
749
580
92
190
851
96
91
46
330
636
383
348
893
371
635
85
841
406
315
245
241
201
899
933
827
159
439
357
221
375
451
999
989
742
482
736
194
972
2
383
781
385
876
731
587
110
656
950
514
128
611
743
519
592
260
90
29
550
40
990
910
4
269
517
422
679
857
303
135
909
684
156
515
129
720
948
416
658
469
72
