29
693
223
239
659
930
126
582
26
302
39
228
724
248
64
138
756
431
671
740
908
674
504
24
962
652
167
672
43
730
621
615
970
631
767
616
979
509
946
91
722
950
755
535
103
112
71
10
227
159
907
753
368
666
96
641
578
142
474
299
248
358
725
939
923
384
289
914
46
1000
852
824
529
703
479
780
115
112
189
683
728
973
101
355
486
109
726
30
184
186
35
928
616
440
373
573
523
22
487
720
700
850
18
684
294
261
598
962
333
306
957
537
191
471
391
858
697
407
167
666
785
179
539
255
903
910
992
531
106
597
587
915
497
36
982
456
514
191
691
884
417
917
277
940
938
725
701
792
744
650
426
978
674
108
236
421
9
886
173
302
173
297
18
232
1000
222
718
623
286
315
357
849
443
354
384
974
507
702
126
375
779
248
954
878
290
127
492
743
534
377
835
526
453
712
633
270
743
931
60
629
508
919
621
293
671
199
109
495
787
864
28
847
204
512
856
207
579
152
937
822
602
759
538
727
652
103
447
474
570
981
810
691
414
294
481
195
538
301
946
358
941
653
429
384
413
631
672
838
362
757
786
651
83
300
484
193
386
905
218
815
335
262
511
176
146
710
504
178
758
369
978
14
101
205
500
331
913
641
862
330
730
190
849
965
624
467
856
432
704
517
861
368
751
804
991
51
470
429
660
306
233
575
505
414
89
94
428
437
899
537
517
296
52
656
593
766
538
843
150
816
691
383
837
701
768
483
957
249
736
578
364
695
162
393
171
187
80
186
53
565
444
246
981
878
570
863
233
174
451
508
794
66
932
259
356
885
437
920
374
517
945
102
9
148
918
294
952
564
549
588
578
690
564
459
172
373
120
972
470
173
814
882
92
930
324
495
341
825
529
403
323
431
246
18
242
217
915
793
386
484
954
971
64
20
423
121
947
840
18
4
557
458
993
142
228
719
416
827
449
757
640
702
348
341
580
920
22
951
271
644
400
895
714
868
413
375
749
201
588
988
925
46
942
586
659
33
853
344
212
721
28
204
236
305
986
381
954
282
733
566
667
285
442
99
540
948
897
521
647
33
991
208
925
572
917
833
181
253
6
608
759
656
848
997
779
972
597
385
346
513
101
935
628
221
989
179
350
68
501
20
540
929
895
607
210
499
120
453
112
651
483
439
32
741
19
106
619
622
704
778
300
172
54
198
483
648
103
766
734
675
910
883
460
432
477
68
904
718
924
186
291
145
668
135
225
613
150
224
660
432
800
25
999
72
306
266
151
891
662
965
61
354
593
585
594
285
166
438
192
691
257
932
23
63
102
85
404
912
391
632
121
245
50
924
655
686
848
922
396
892
129
942
395
746
443
124
285
301
135
193
266
615
416
647
397
828
28
276
152
19
