209
481
216
167
516
740
467
314
438
435
998
662
956
140
948
999
286
176
889
859
237
893
90
212
834
142
385
918
985
599
358
804
523
600
986
321
851
184
655
558
953
792
654
184
771
268
561
89
182
447
990
612
571
639
692
321
762
402
200
919
69
1000
290
588
980
935
830
965
636
746
38
960
701
538
759
610
600
236
356
847
965
296
800
963
838
603
567
443
816
644
895
270
625
259
863
672
919
458
224
455
870
342
100
665
151
19
381
167
883
632
327
660
342
665
133
602
988
951
874
11
522
777
609
72
826
195
628
370
497
851
334
209
509
852
250
535
222
628
272
871
37
20
351
954
947
35
309
436
50
455
481
140
497
231
921
161
930
390
494
431
797
523
850
435
484
500
7
511
521
737
325
154
152
540
216
571
473
687
957
601
727
252
582
867
280
427
921
232
34
178
261
315
256
634
632
566
488
476
564
369
583
48
455
822
583
52
639
860
679
793
843
261
477
115
134
584
232
926
724
495
224
311
115
440
553
615
988
142
183
373
460
560
312
923
143
309
545
380
442
415
994
745
953
637
833
30
565
81
61
391
68
931
289
394
748
910
931
148
700
168
929
297
660
566
389
266
508
413
551
93
141
920
204
417
770
31
908
377
81
1
119
563
551
347
496
756
937
941
780
425
942
210
168
97
90
484
914
598
902
310
694
867
145
974
995
502
439
672
855
658
847
493
842
521
738
660
946
750
35
255
393
54
112
880
194
130
475
541
884
637
382
989
281
936
539
407
642
810
532
243
499
89
684
846
784
950
864
770
691
115
179
579
927
912
345
913
100
966
146
252
783
927
848
358
912
545
887
784
613
785
205
576
584
553
201
448
880
997
316
28
321
853
796
768
48
377
147
998
273
200
738
61
844
820
508
20
534
858
472
206
422
55
529
29
706
436
689
999
503
294
115
940
2
769
231
221
339
79
158
469
