201
831
517
531
509
3
638
541
565
237
541
491
138
327
810
69
344
175
883
706
765
787
917
857
61
504
411
763
132
97
836
86
801
541
206
922
978
597
206
773
526
757
545
433
819
360
657
782
668
309
560
979
517
474
320
442
495
801
683
64
29
680
669
239
958
555
144
413
185
331
973
665
723
117
764
730
554
934
95
688
172
327
980
809
894
408
483
685
807
657
254
850
948
515
408
465
624
409
724
398
870
960
147
848
142
146
755
887
791
602
188
822
569
250
199
756
818
460
889
218
616
866
594
259
190
494
62
347
66
549
442
553
716
74
767
270
201
236
645
363
558
747
435
737
323
657
234
147
153
670
768
56
933
986
25
264
48
649
841
72
10
846
43
363
677
597
407
943
232
473
562
443
416
867
719
468
952
841
629
803
