199
378
18
800
855
965
53
728
857
929
950
24
722
200
493
434
160
320
867
682
66
977
491
809
877
233
734
357
260
278
765
315
537
519
440
93
677
129
586
861
427
716
57
414
886
554
267
864
814
899
414
288
668
421
379
643
943
798
105
650
407
143
871
402
521
8
221
650
351
931
495
251
54
86
593
593
373
657
145
753
194
558
484
145
11
453
355
738
94
996
772
432
584
465
150
842
263
621
742
277
412
607
108
516
25
874
371
512
236
327
582
737
671
839
816
943
419
941
362
350
459
242
936
695
192
73
618
57
956
39
954
930
676
204
799
526
881
754
439
810
417
969
483
100
438
519
241
668
998
803
311
630
89
244
854
258
975
677
461
632
847
148
964
7
105
601
47
199
259
296
589
360
760
391
661
564
603
795
45
214
770
642
777
868
226
861
752
717
904
700
73
557
441
792
852
806
376
683
812
638
197
501
976
333
263
61
444
561
996
905
57
679
885
425
524
582
58
252
510
805
822
798
305
493
197
775
972
353
113
733
437
319
417
540
225
343
937
577
977
254
279
984
348
56
482
468
312
872
965
521
260
366
531
58
741
107
585
674
446
991
231
613
771
194
804
187
640
238
91
656
798
157
26
804
794
491
401
159
958
273
345
377
140
706
683
740
777
329
357
567
281
587
663
268
259
125
551
22
956
93
872
148
693
739
427
415
964
995
361
119
516
18
869
349
375
265
311
182
538
951
196
570
200
137
164
583
677
514
360
882
104
841
212
287
521
495
32
755
838
830
701
624
841
873
438
416
242
819
860
742
966
434
480
282
564
64
397
689
322
292
655
845
759
711
6
270
1
602
335
248
151
499
721
710
336
951
424
863
472
147
931
131
429
249
885
919
373
757
768
530
198
751
633
404
635
566
964
365
644
322
932
764
603
755
897
201
189
177
22
745
351
561
264
242
153
915
491
943
231
701
152
732
972
538
636
119
980
753
110
143
