562
333
414
850
905
588
857
499
314
140
463
597
333
815
320
576
987
862
545
275
984
757
186
171
797
308
379
60
559
377
838
459
157
181
807
427
114
950
90
547
681
455
423
594
612
581
842
654
467
803
542
621
749
455
900
495
290
381
314
696
783
646
483
466
354
37
932
785
768
769
582
76
193
401
217
173
255
66
596
105
416
280
904
198
912
166
379
769
630
253
624
739
317
386
530
81
669
822
164
926
582
257
362
89
533
10
638
350
912
892
277
17
648
193
224
668
2
260
288
32
878
854
583
317
588
490
724
377
573
135
961
28
512
519
252
930
953
94
715
1
429
6
465
159
530
527
619
649
302
329
880
876
379
838
996
952
4
584
599
419
449
856
914
23
965
774
879
519
147
791
34
703
712
540
102
431
254
956
38
463
608
766
278
769
814
880
435
904
389
706
351
840
591
365
615
896
165
799
155
313
14
891
507
150
589
949
792
831
342
493
972
783
936
768
111
599
66
780
231
502
731
464
332
244
119
171
745
547
466
207
540
598
123
998
66
683
796
386
257
606
815
371
374
45
10
856
25
946
881
342
43
110
149
277
465
600
321
33
587
770
655
970
267
867
587
462
268
205
247
590
888
822
365
839
428
390
983
992
154
915
165
387
89
36
46
894
757
529
454
664
67
838
268
936
938
264
964
237
375
139
483
947
476
293
865
691
810
961
329
324
654
445
872
257
348
307
78
637
981
342
307
753
737
239
522
665
969
760
847
957
605
932
286
445
499
827
915
877
65
881
958
709
536
119
514
92
925
27
138
855
56
558
573
339
129
512
386
594
241
847
631
162
407
712
673
647
235
159
126
201
777
348
620
32
6
877
386
249
938
390
594
809
938
561
575
459
133
980
884
137
497
888
570
313
604
76
594
836
58
762
490
121
650
262
773
558
86
580
510
450
901
165
62
529
818
936
214
824
297
843
686
765
399
221
478
517
867
764
50
377
354
672
336
933
66
999
22
655
716
550
400
88
569
164
29
878
640
467
919
656
128
578
7
305
7
213
533
77
144
522
185
805
39
653
821
258
74
869
93
2
206
393
259
860
899
975
631
395
47
427
719
459
389
135
759
937
426
725
328
639
979
306
301
702
94
739
995
856
793
329
774
640
500
726
94
579
635
442
69
234
233
684
345
824
925
881
44
844
585
608
639
546
216
716
486
105
195
598
298
291
934
601
807
449
456
436
257
632
702
814
928
900
286
989
441
511
291
657
103
763
847
417
529
786
607
305
739
933
447
859
808
463
994
992
977
398
533
665
940
771
892
167
13
94
274
730
682
20
471
549
387
71
482
530
7
333
252
282
915
162
306
445
654
655
355
322
461
263
455
742
252
79
868
687
90
401
379
723
710
452
547
862
819
79
443
142
875
596
785
637
145
554
776
165
314
575
704
690
407
211
895
533
398
492
750
772
483
216
537
68
821
1
110
361
253
437
288
891
816
327
345
5
816
1000
423
834
685
563
973
849
208
488
633
301
436
592
438
82
475
89
981
254
461
673
535
721
644
363
538
608
267
630
743
787
597
604
67
742
112
899
825
172
524
346
187
661
248
490
624
949
191
235
722
73
333
561
652
25
255
320
269
172
792
978
599
114
260
976
768
664
