72
311
272
691
95
112
207
353
872
387
281
837
759
563
611
793
547
614
19
689
906
55
721
813
960
345
338
316
739
419
200
862
893
539
452
452
506
366
29
706
973
302
164
538
881
521
927
460
125
243
529
650
670
830
226
352
182
194
259
111
401
780
763
847
123
524
544
343
988
839
246
971
411
299
894
662
497
473
840
681
132
399
322
456
229
403
839
39
314
16
831
143
333
909
665
785
163
912
683
206
401
947
432
500
27
663
661
294
990
803
604
435
321
719
205
322
794
494
758
490
65
976
330
965
34
661
217
395
519
572
100
997
300
143
812
37
615
287
994
960
606
384
803
260
971
25
955
213
339
103
874
967
270
477
840
888
608
915
141
779
253
552
258
893
167
36
503
737
779
962
581
234
732
484
236
249
277
955
632
883
797
20
569
161
334
445
618
14
906
905
442
651
875
812
662
185
16
752
348
774
662
655
666
100
198
47
211
12
29
448
422
908
977
184
554
683
146
459
875
211
965
627
970
263
278
534
738
548
233
869
19
263
334
797
409
556
654
336
958
348
562
100
927
992
120
81
430
604
239
873
528
146
419
623
237
875
557
726
180
158
889
68
665
910
451
590
762
601
755
700
565
604
162
684
270
550
619
474
722
531
889
580
569
277
832
106
177
937
257
885
111
966
381
910
411
14
944
818
927
974
710
972
289
291
847
44
746
463
165
776
873
13
11
331
440
718
635
417
884
801
302
646
643
109
751
557
21
432
428
90
896
941
532
870
667
840
327
112
811
579
710
59
896
598
760
226
494
139
926
648
785
961
456
533
955
35
91
750
430
770
801
769
764
814
902
107
229
759
134
57
263
185
715
56
424
334
544
67
791
217
844
419
950
40
968
314
62
741
325
1
413
617
951
568
929
936
405
996
922
239
649
355
166
521
965
3
22
707
771
132
204
55
930
621
914
785
564
331
136
777
450
565
299
699
518
449
885
883
26
122
653
741
51
281
759
931
323
815
997
915
684
423
807
462
520
641
682
293
661
828
11
714
823
235
65
70
622
174
218
779
749
783
833
11
120
919
983
706
832
203
962
662
108
216
666
792
934
946
473
697
535
683
171
655
192
21
786
617
816
530
880
16
487
639
384
511
130
332
139
290
363
148
315
114
313
326
39
896
836
294
142
745
719
529
146
331
398
151
769
321
333
768
816
659
239
46
379
886
965
916
70
344
944
960
249
524
790
83
821
86
829
219
942
353
670
408
31
286
861
569
13
502
930
270
388
318
480
1000
644
335
324
520
701
464
869
416
575
851
591
233
696
782
532
474
474
853
24
708
788
162
930
227
274
754
788
787
926
448
889
519
747
662
250
743
800
308
787
714
125
383
181
242
335
355
161
868
640
387
115
498
466
530
49
658
609
826
245
772
208
950
539
907
504
241
243
844
498
838
132
558
552
71
83
251
223
342
830
21
880
669
605
641
49
841
577
259
215
878
733
168
342
209
437
583
647
798
617
270
991
269
2
75
373
824
577
715
465
356
871
555
411
286
85
585
298
607
859
590
681
412
434
240
687
711
47
550
970
852
87
938
727
370
802
316
695
528
16
290
692
433
327
296
477
674
485
952
885
555
51
213
748
330
237
712
958
278
240
221
918
524
382
529
938
469
446
627
223
159
709
530
763
97
852
327
770
24
491
392
641
809
850
163
689
515
493
354
468
596
602
100
553
174
879
881
966
951
617
668
869
601
111
328
917
899
731
810
270
837
989
46
352
707
126
867
503
423
214
699
725
810
153
183
761
957
484
918
112
889
619
350
313
458
986
93
143
493
910
377
636
817
134
545
164
289
377
472
490
262
136
130
135
135
979
308
275
397
365
501
609
587
