630
560
183
383
502
260
618
864
65
470
125
821
867
167
307
963
241
466
264
417
356
430
134
430
413
566
344
160
677
907
635
350
911
909
40
575
69
453
622
930
131
217
332
511
311
729
532
780
143
319
190
181
503
505
828
477
586
863
62
445
559
654
147
560
179
896
578
726
280
341
201
135
405
89
561
173
548
454
663
684
759
337
149
999
257
53
520
677
74
240
283
24
63
790
885
329
702
567
23
106
566
245
549
681
763
339
46
647
82
644
183
91
379
709
224
284
624
709
502
823
739
968
564
209
10
61
689
552
171
652
27
280
689
254
169
800
352
383
295
27
800
876
566
789
578
581
801
820
355
482
143
67
448
484
857
940
954
806
162
252
49
54
589
494
418
943
542
865
207
181
919
313
821
791
87
36
906
669
510
125
426
960
827
357
365
832
528
253
141
456
945
361
4
590
264
480
398
45
616
662
461
437
880
961
54
71
950
993
778
155
877
165
464
520
39
107
134
318
957
71
232
843
64
343
103
141
366
11
747
724
786
666
948
671
625
595
350
628
169
94
301
978
453
48
500
178
378
647
703
673
310
932
229
911
908
803
597
800
872
269
298
296
243
443
20
534
324
270
67
913
961
518
258
561
15
265
216
718
177
728
857
748
426
249
242
376
234
684
438
217
575
357
671
250
796
493
812
545
543
166
622
949
412
564
646
425
807
992
982
123
631
955
812
822
514
621
626
656
363
758
224
372
74
232
152
190
514
736
809
31
847
737
157
475
227
104
197
410
811
964
417
612
164
358
678
561
900
618
951
663
814
904
424
483
635
726
1000
343
47
142
467
792
619
792
943
150
635
701
530
524
173
280
140
307
4
96
903
470
680
790
452
71
565
122
152
892
995
734
141
326
93
376
553
59
326
483
534
977
85
864
894
456
250
63
557
821
427
219
48
403
316
232
709
143
463
582
154
569
932
980
612
122
858
812
64
945
859
23
670
652
417
77
636
457
410
986
582
753
470
744
842
439
386
120
130
514
504
638
131
624
325
822
20
986
571
489
82
710
97
242
91
920
434
530
742
894
727
143
51
452
851
1000
140
637
28
588
667
972
74
672
856
95
548
636
934
231
143
7
683
223
665
801
528
824
358
155
872
99
745
440
279
785
755
171
7
602
226
86
941
196
140
285
549
612
156
477
244
709
304
320
874
373
709
982
101
313
700
189
388
64
149
691
984
671
146
785
938
10
136
817
83
631
593
517
420
882
701
784
461
687
512
405
152
561
205
564
766
397
969
519
32
332
905
420
637
891
765
585
518
752
736
356
534
91
187
606
872
189
129
32
414
610
276
599
577
845
532
894
163
504
367
694
479
488
971
528
262
51
144
690
315
7
270
348
275
254
271
120
54
824
347
831
338
636
547
909
992
653
876
150
461
80
621
890
368
143
34
836
495
565
311
145
50
549
787
306
122
212
777
440
363
171
311
774
889
940
274
507
600
591
442
852
773
807
767
585
762
593
16
381
