447
954
335
737
811
990
620
882
473
122
831
504
133
105
964
229
336
281
120
638
247
328
928
649
988
407
949
554
369
132
988
563
104
897
989
953
719
748
386
834
43
932
680
114
287
923
622
656
157
447
804
813
677
168
514
153
251
538
742
485
175
154
473
95
792
102
988
190
907
500
872
873
683
844
206
785
134
289
834
77
894
381
621
137
664
910
798
154
306
566
476
887
965
308
642
838
21
353
797
916
56
282
820
929
426
253
620
358
986
614
192
352
852
446
956
239
359
534
822
486
344
957
139
713
875
449
94
754
31
97
281
890
874
164
580
744
267
720
203
647
194
431
447
971
908
492
396
963
597
898
951
240
89
461
784
47
16
993
710
109
507
422
617
884
309
405
500
182
402
654
766
990
344
754
587
910
505
826
770
270
496
125
880
42
253
789
374
342
405
264
172
392
112
459
662
477
544
486
287
468
790
895
622
7
935
423
500
715
599
788
558
674
952
578
454
544
190
129
934
260
601
666
241
694
99
175
47
739
897
514
146
529
856
712
63
686
236
248
637
393
590
766
356
896
688
889
951
426
84
29
217
156
891
137
786
75
621
253
808
692
814
94
453
842
947
851
80
151
151
174
