365
935
118
16
928
495
7
467
932
559
41
828
648
694
951
407
751
877
440
698
14
218
691
278
405
223
593
307
831
561
808
218
725
465
638
819
931
250
802
331
168
987
884
901
449
890
202
513
244
921
897
974
983
557
125
61
42
562
267
219
293
191
625
513
925
823
603
754
919
245
728
512
119
177
553
220
501
243
601
504
998
60
206
920
54
929
683
73
144
782
985
931
183
979
33
126
262
507
594
77
768
537
778
31
638
231
190
796
528
312
241
844
121
74
687
335
754
213
661
151
387
251
868
703
655
745
797
553
180
227
626
156
665
288
184
824
880
952
540
748
774
819
829
814
232
462
619
437
584
968
62
118
879
914
32
710
829
492
515
353
442
978
111
548
456
851
10
448
540
993
354
207
79
859
427
458
252
314
763
402
412
441
744
784
49
588
845
101
516
300
556
715
893
103
683
328
46
390
486
942
117
798
504
265
88
651
875
501
620
715
752
834
37
320
3
64
667
352
569
371
19
65
74
64
250
883
199
945
312
219
615
557
444
791
224
707
282
349
61
963
752
215
583
446
912
710
338
94
498
750
551
137
45
421
54
115
950
46
117
24
291
299
343
242
454
547
739
138
715
95
21
324
113
700
806
775
272
186
84
907
296
340
198
716
140
827
944
216
484
9
85
174
98
456
13
82
812
671
266
463
528
643
714
74
893
555
835
128
120
169
