131
139
269
887
726
172
137
720
592
289
597
663
520
237
181
852
651
380
386
84
175
58
589
784
238
662
435
408
849
485
627
852
934
231
90
861
166
864
176
966
244
618
305
152
955
144
918
936
90
915
904
807
797
710
93
852
316
301
337
333
947
168
454
562
519
265
430
737
362
33
189
941
866
280
784
431
269
805
3
270
800
918
964
181
3
664
849
46
637
906
891
560
768
953
179
251
986
125
26
251
909
699
246
738
617
124
801
845
980
836
795
36
776
862
836
782
71
288
741
982
57
236
934
620
645
348
385
468
933
941
577
180
223
891
587
106
474
914
993
215
972
865
985
852
922
308
437
572
152
960
628
198
624
261
753
395
174
928
134
869
767
19
434
862
48
621
864
855
956
146
711
391
294
713
456
809
476
698
502
122
303
572
355
118
201
490
456
623
421
464
571
678
681
5
67
789
631
199
507
633
208
237
32
59
265
44
919
640
363
708
735
2
572
454
306
119
797
665
737
734
8
972
489
367
373
622
771
355
439
171
29
573
468
702
290
694
536
626
182
306
634
882
802
374
206
683
734
579
456
41
661
642
658
635
548
320
616
878
478
807
168
504
856
979
842
271
80
159
518
777
471
482
257
704
289
703
122
288
687
920
262
711
220
779
473
413
260
964
116
56
588
134
8
366
170
412
613
71
456
687
532
127
762
343
892
325
427
709
295
822
122
886
119
195
748
406
685
396
707
831
278
687
421
867
751
279
25
60
90
798
633
903
66
498
589
708
930
146
686
806
944
586
118
812
432
170
49
50
587
201
193
55
173
980
678
625
604
831
466
634
24
675
310
372
780
903
265
279
891
270
784
111
918
78
824
782
288
656
575
734
518
296
672
982
846
57
500
366
747
346
953
6
380
583
325
378
496
197
605
214
65
597
905
961
27
919
278
862
77
107
690
510
745
62
849
260
836
28
673
387
500
150
872
228
337
983
797
423
536
568
813
730
874
310
371
917
927
512
45
724
725
308
345
291
100
203
900
969
266
948
688
846
912
877
981
55
615
762
245
211
878
410
162
554
766
78
982
908
435
767
486
485
624
397
490
38
88
58
47
381
855
454
99
177
773
906
723
3
682
489
323
710
475
616
157
674
469
213
349
789
713
756
827
555
886
847
564
470
620
581
994
812
567
907
571
448
545
643
159
729
485
325
924
255
821
549
47
631
272
665
600
937
33
135
241
740
66
16
18
857
388
845
393
35
11
817
847
821
744
470
50
983
907
93
915
360
679
14
731
633
533
388
821
646
812
446
48
190
674
604
72
376
118
189
953
488
157
210
162
480
204
549
870
734
549
442
565
386
831
878
901
690
797
195
909
913
451
414
313
423
172
227
742
899
426
959
636
529
263
50
537
86
300
682
19
747
357
393
623
75
582
204
676
653
333
808
32
26
215
285
263
108
995
907
846
124
472
391
353
102
753
363
937
351
850
970
539
423
172
675
965
476
661
994
236
212
193
101
296
593
416
30
274
835
276
268
951
687
292
252
540
154
211
834
455
147
892
293
962
88
785
333
296
55
334
668
871
158
340
255
683
692
542
187
283
203
28
935
40
732
10
512
963
25
206
402
373
656
65
508
780
123
444
414
156
454
646
805
420
484
76
849
93
898
743
984
488
774
453
456
985
242
934
125
193
229
812
317
722
831
776
550
224
253
615
935
160
150
414
662
132
428
349
436
991
251
629
354
974
27
789
783
825
808
671
890
902
397
392
309
140
241
618
956
349
411
530
257
794
61
401
413
455
576
519
823
867
432
513
196
156
524
361
154
350
35
177
139
831
36
837
838
58
786
721
359
769
128
58
628
397
200
836
966
966
212
185
978
730
737
60
377
457
305
336
231
595
6
374
415
336
854
913
668
87
137
901
235
208
153
928
273
189
897
814
834
224
392
637
257
185
410
210
454
482
30
644
95
530
853
156
577
63
939
300
873
256
309
166
550
476
917
900
957
389
619
428
274
302
955
719
130
524
467
481
249
128
155
183
467
874
202
131
804
29
291
250
41
186
636
548
169
365
815
921
972
783
743
435
961
646
65
470
390
985
801
206
819
846
418
320
512
360
864
719
515
347
359
204
395
