759
785
302
148
540
401
789
159
448
113
348
647
899
27
791
40
826
387
121
878
216
167
282
39
908
933
225
777
617
816
13
542
524
131
804
926
107
514
982
800
901
692
57
748
857
692
280
822
199
257
208
208
488
75
922
154
844
778
784
345
973
537
585
379
62
818
982
170
422
235
751
967
578
283
853
452
361
218
587
597
781
181
997
183
814
630
726
173
270
562
192
945
870
39
302
303
178
436
40
123
195
280
131
229
137
228
902
533
187
82
640
296
447
176
228
865
199
129
366
670
331
881
311
578
178
55
331
266
994
907
941
671
968
658
57
579
445
460
358
910
639
183
514
924
980
584
993
407
380
550
300
355
214
123
83
500
55
172
317
647
516
281
508
66
766
198
26
8
354
237
290
605
266
546
890
635
691
970
199
588
388
793
162
955
819
162
180
491
945
918
541
650
885
564
107
5
732
800
260
360
162
873
978
18
567
210
989
978
231
136
572
723
96
781
787
988
357
734
915
513
798
433
686
709
578
514
666
715
155
137
278
189
748
376
649
600
234
524
324
652
