808
588
691
403
836
334
340
89
308
172
486
317
696
51
138
853
8
499
828
91
588
819
598
208
215
645
861
275
459
215
811
965
503
396
487
296
523
112
2
1000
94
409
956
858
199
970
539
965
655
942
592
905
322
447
33
412
261
232
33
369
317
661
74
890
41
263
116
203
155
490
158
877
297
111
483
260
24
997
557
53
538
478
363
582
879
984
903
95
677
127
158
325
642
297
247
230
423
794
502
84
501
553
506
134
529
961
984
411
232
557
860
591
796
367
815
708
92
393
41
959
136
248
124
800
142
777
729
979
16
689
957
886
230
798
664
446
679
20
556
677
51
225
84
367
562
396
971
796
825
164
389
626
974
418
779
175
183
880
483
589
390
855
848
599
982
987
617
752
177
203
73
931
865
140
939
321
173
689
4
960
272
347
173
430
596
419
320
856
981
446
297
133
73
28
890
758
266
703
493
510
970
552
15
641
869
134
381
110
305
495
318
181
153
98
484
135
756
585
733
925
309
936
940
810
905
695
769
971
945
406
928
515
411
804
192
779
8
346
115
373
242
75
955
318
164
103
84
781
25
424
747
287
340
167
801
887
34
753
579
704
840
573
349
592
606
422
441
378
189
514
791
434
732
131
421
347
887
267
954
31
519
236
180
760
952
881
377
876
644
831
822
602
558
348
111
968
250
998
26
303
305
852
193
38
730
654
837
335
916
264
353
94
879
870
815
850
52
890
982
222
799
683
80
865
95
205
513
129
393
496
161
158
421
710
728
187
693
231
725
468
791
906
743
427
284
940
350
509
507
448
745
543
481
918
828
546
414
586
570
776
233
642
764
553
330
343
674
55
376
220
288
262
755
912
146
559
215
177
956
588
593
887
400
944
241
130
474
682
353
999
302
500
351
616
740
645
46
591
287
375
560
294
704
369
393
545
669
243
318
364
887
948
956
163
50
635
917
59
622
278
582
121
412
286
301
737
972
230
738
626
379
943
237
239
988
660
680
953
235
569
428
359
187
6
363
456
384
640
330
927
712
122
605
777
550
18
39
199
381
528
484
496
233
459
659
56
102
791
91
920
