595
538
579
304
140
32
811
205
961
587
675
81
752
919
136
219
836
132
210
241
402
753
973
707
706
940
4
713
812
76
284
448
553
703
881
684
903
59
413
258
792
701
350
383
985
596
419
540
890
95
451
165
164
841
910
381
800
243
877
846
640
383
712
308
361
370
517
296
844
778
823
625
642
680
901
515
899
154
207
498
420
731
63
715
434
315
575
283
575
227
734
856
338
416
293
362
278
539
704
845
887
778
607
32
696
588
908
519
625
517
421
774
783
804
462
943
700
286
390
549
792
405
126
291
82
597
145
893
728
225
239
179
533
210
898
707
156
282
63
515
987
541
582
54
699
885
991
6
135
921
308
348
356
308
280
253
581
439
14
1
349
111
162
117
866
299
653
78
751
724
202
758
105
967
511
369
323
755
246
993
583
398
841
657
269
896
877
408
979
65
41
864
224
615
477
880
449
475
661
344
558
995
127
959
841
451
19
756
282
772
569
637
245
696
358
556
94
417
338
556
936
56
619
246
38
961
641
396
475
755
233
285
117
945
934
824
779
483
594
586
74
243
631
450
609
907
379
684
569
718
42
994
177
503
1000
610
691
708
78
359
415
231
200
709
146
301
893
24
157
635
516
577
761
48
583
419
146
549
908
976
23
759
501
369
750
614
266
685
321
393
969
311
704
691
10
554
168
160
2
587
333
368
972
491
146
100
734
204
505
803
605
84
790
933
954
787
79
328
537
274
478
682
789
173
849
573
508
20
474
535
707
89
889
785
452
741
455
967
243
640
422
128
132
944
313
229
989
893
258
24
899
883
580
355
4
168
444
971
900
445
581
826
350
385
518
275
979
107
244
58
456
362
188
67
32
110
991
426
216
155
499
72
599
508
625
853
985
773
957
650
863
408
15
259
117
139
319
402
477
841
215
94
968
6
851
711
995
800
643
752
707
846
438
897
377
919
904
157
633
967
376
930
756
51
558
424
153
250
557
973
417
166
596
320
890
948
584
780
499
591
20
572
382
180
754
856
251
892
629
625
521
817
124
215
557
625
154
315
651
327
7
888
470
179
731
958
353
302
301
723
14
758
241
967
914
724
849
528
944
245
93
219
318
414
542
236
891
22
674
215
991
258
582
924
484
892
999
497
91
686
726
349
87
342
163
630
637
241
438
160
798
385
764
516
340
619
827
591
978
673
858
885
142
196
257
783
66
854
169
110
54
864
937
857
720
784
882
259
569
765
336
798
601
2
653
97
635
225
818
95
634
733
668
126
120
651
801
668
943
917
251
599
610
69
357
398
328
405
227
990
283
456
218
403
928
205
284
262
422
991
