690
185
189
104
121
548
140
576
636
325
603
658
219
298
867
254
697
603
847
791
720
270
199
931
628
27
274
780
850
712
939
699
62
645
254
45
543
979
658
983
694
281
1
184
679
231
275
460
809
285
944
848
639
78
356
192
725
80
686
331
727
996
654
46
592
790
510
303
620
459
964
366
398
661
61
607
949
87
458
144
396
429
781
104
293
374
146
844
381
273
273
310
178
451
225
883
37
223
350
341
55
585
326
269
315
519
829
752
939
982
479
260
74
117
197
518
71
602
403
452
256
570
361
557
259
230
164
347
655
26
621
79
260
982
125
645
232
124
331
156
810
978
367
342
757
993
256
822
471
849
412
214
648
344
493
231
115
312
866
780
717
104
119
82
167
679
942
11
131
668
285
696
181
693
586
130
782
917
17
496
836
642
201
332
938
140
156
920
41
356
305
987
437
686
333
468
55
6
737
497
776
607
825
869
449
409
928
106
690
202
870
821
119
220
11
782
936
100
226
243
643
583
423
748
133
238
274
817
457
763
961
474
845
608
614
465
454
90
644
770
569
282
526
984
720
546
788
831
647
704
94
849
273
919
247
207
808
641
482
496
971
910
249
469
471
579
126
258
825
349
648
512
322
934
92
809
87
625
407
900
720
97
673
453
335
515
560
59
365
470
317
425
21
787
323
640
347
636
897
997
278
582
240
916
695
61
928
340
674
966
991
944
455
529
570
798
928
52
872
972
908
589
455
790
290
235
823
705
761
673
931
289
754
734
539
48
294
1000
683
581
353
282
377
140
817
597
547
593
929
755
81
668
792
732
359
38
923
435
981
450
658
183
417
193
773
627
592
767
296
664
812
252
950
343
266
96
779
5
813
10
315
485
315
968
179
438
921
931
331
66
782
904
193
634
439
253
557
472
238
848
872
195
648
718
880
840
615
985
411
718
302
16
850
282
919
543
34
751
111
276
521
32
546
412
541
300
469
36
191
979
456
185
807
367
874
217
195
279
988
90
145
331
597
48
860
79
896
40
404
652
106
377
893
975
167
815
921
767
235
452
695
195
418
312
590
201
826
768
843
24
168
399
199
866
174
122
976
369
701
264
302
824
140
894
103
33
326
595
117
298
846
841
640
967
226
267
751
309
238
242
709
293
624
651
455
908
944
531
555
424
620
249
250
470
218
248
685
160
580
682
985
547
104
606
899
287
16
527
342
457
629
755
734
306
392
172
15
57
757
244
531
382
676
710
501
396
383
986
115
606
286
261
591
353
715
170
99
642
226
8
587
665
715
384
768
298
917
219
277
553
765
781
380
332
133
308
447
20
900
833
43
347
161
435
743
630
312
66
883
555
284
618
151
274
218
549
612
416
383
183
521
659
701
943
133
451
656
611
45
942
105
27
412
910
548
583
840
943
421
945
924
638
927
565
143
284
399
547
114
550
833
70
997
928
76
659
57
819
879
500
877
583
995
872
514
317
827
419
83
710
990
238
19
669
445
92
277
497
779
547
957
11
258
696
48
520
731
208
172
846
379
771
723
367
850
218
891
666
615
367
861
454
102
930
367
69
160
117
568
839
906
688
279
495
674
689
167
646
244
862
813
920
419
590
722
47
786
812
735
196
243
346
420
46
376
407
934
711
196
419
231
387
675
952
923
783
939
828
309
87
613
548
857
123
361
418
433
28
797
191
892
77
833
963
158
947
657
914
170
170
735
242
37
963
493
272
828
968
975
97
258
823
155
798
590
139
689
395
801
803
323
430
242
910
929
104
443
867
549
310
597
726
102
548
105
21
215
493
54
276
763
37
959
845
346
133
323
483
501
562
64
195
384
996
943
6
28
988
293
865
210
575
888
270
347
138
744
261
739
477
212
728
528
496
634
975
510
553
402
356
302
759
709
872
153
106
299
586
869
237
288
8
39
833
142
185
479
754
944
942
754
511
249
708
626
470
265
796
490
883
191
539
430
932
941
42
247
634
558
555
