738
640
99
46
905
40
245
755
497
376
568
816
515
443
598
580
354
692
181
692
862
153
721
514
116
627
174
596
816
532
357
48
954
603
844
323
248
960
433
831
387
310
391
702
644
904
629
275
61
547
267
202
578
227
678
116
645
222
958
347
323
11
707
560
760
171
61
748
531
520
172
868
730
384
786
753
61
39
355
155
339
402
265
824
538
793
283
629
897
722
341
494
87
417
782
805
66
229
217
206
402
467
717
793
106
86
785
855
423
276
521
319
770
294
477
931
64
931
387
759
843
81
439
952
609
332
609
184
412
808
968
915
634
981
688
686
8
73
11
729
156
199
175
452
209
443
539
67
728
436
465
31
93
10
247
307
780
899
122
886
983
181
2
448
723
500
291
600
569
42
387
467
672
947
7
587
770
922
60
160
718
802
573
770
469
84
754
168
500
576
420
48
229
707
288
423
89
180
627
994
962
559
48
640
732
532
376
995
508
256
260
234
203
377
693
904
622
737
959
886
862
239
892
954
121
22
83
743
772
940
939
681
411
182
17
199
831
534
509
901
127
532
732
45
424
698
427
827
912
875
