974
708
759
630
620
612
878
832
254
600
861
281
977
39
82
334
713
305
205
604
399
345
609
996
160
130
578
163
489
823
174
472
917
592
591
330
157
75
377
331
524
913
904
989
464
14
422
470
487
452
825
299
84
497
310
420
689
61
397
37
147
586
916
568
45
775
425
755
863
534
854
852
385
128
243
243
558
32
466
983
728
45
3
26
53
95
340
238
656
935
66
61
241
745
42
431
253
416
990
78
46
612
780
28
839
995
297
165
494
518
936
68
795
140
423
689
519
625
472
831
391
288
342
633
271
170
981
448
777
152
72
17
229
699
719
140
168
701
537
651
577
201
783
678
586
979
812
676
742
889
954
934
203
716
762
359
288
189
76
433
37
599
119
494
243
67
223
701
598
969
379
713
463
508
866
436
940
983
367
529
702
968
560
798
684
476
963
455
504
545
595
396
234
362
463
365
642
574
57
950
307
135
397
100
662
378
873
87
973
224
604
746
390
201
168
147
725
599
650
645
364
51
852
728
295
736
859
365
776
499
50
333
675
272
321
204
306
469
770
122
10
298
501
382
492
690
650
842
768
357
707
169
261
783
786
696
171
215
951
840
31
68
775
279
450
865
215
790
291
664
47
46
339
172
636
97
786
912
812
665
920
303
934
409
523
701
110
458
372
377
140
817
870
424
834
320
336
477
292
891
765
356
130
176
375
952
203
20
752
24
240
790
608
371
423
232
156
566
741
762
766
214
153
471
198
276
907
243
155
741
750
724
454
329
708
216
457
953
789
535
267
815
158
103
336
411
958
726
219
284
315
68
775
400
660
995
476
370
891
988
300
147
786
742
924
192
313
870
811
374
990
463
445
103
474
806
787
789
858
23
