141
48
608
168
313
298
705
729
794
210
654
805
222
516
896
858
297
911
233
298
182
73
396
864
531
433
552
306
19
458
116
634
265
792
484
310
72
156
664
88
522
177
299
761
129
657
805
44
636
475
181
828
154
358
954
761
816
718
107
40
487
168
798
129
528
664
186
737
934
920
495
876
550
14
1
746
865
934
307
634
136
608
775
774
642
928
231
238
891
244
156
398
900
722
812
459
485
433
189
402
56
268
869
498
758
423
281
330
138
430
891
831
344
911
893
325
125
987
993
737
335
986
313
405
408
233
95
621
778
640
2
162
168
840
166
404
426
393
933
228
260
706
533
78
825
65
51
596
610
176
499
292
839
763
104
324
71
653
479
554
347
669
464
242
945
890
910
255
865
307
204
975
425
887
400
118
806
970
789
183
568
39
528
442
673
393
675
680
973
540
644
169
887
352
581
649
214
115
894
434
810
837
225
168
457
98
956
184
8
995
42
539
251
566
205
534
929
832
940
151
726
152
332
34
49
473
823
646
829
184
797
788
77
546
669
225
861
649
315
444
686
812
826
328
909
411
866
880
552
169
612
3
765
191
571
343
203
77
696
530
15
57
149
340
560
545
515
399
766
546
507
254
431
839
576
289
403
558
51
283
163
963
370
551
978
917
522
641
571
102
221
21
578
919
61
291
164
116
53
204
971
256
385
227
874
168
941
587
364
746
276
198
418
578
678
706
37
166
352
226
428
996
992
182
662
585
793
565
824
265
479
604
346
231
445
773
706
353
106
885
224
170
306
613
405
252
4
376
309
587
832
398
294
546
306
546
725
391
497
820
464
559
500
602
151
288
356
714
932
245
595
674
534
984
906
481
919
597
132
25
714
87
518
992
731
876
520
279
187
588
735
896
353
795
40
168
749
402
130
341
558
745
139
309
580
431
67
21
985
61
192
858
619
902
18
540
329
989
730
219
661
765
738
877
810
434
80
624
454
279
874
754
973
989
55
237
718
533
299
544
271
256
627
930
270
9
45
914
684
75
627
321
982
572
715
875
905
639
458
35
236
491
590
509
80
510
75
866
357
67
914
593
394
835
517
434
809
562
83
266
16
123
797
315
766
339
381
527
216
461
698
33
809
524
305
66
448
134
266
337
445
144
550
391
52
204
715
582
63
433
614
838
183
222
919
902
628
453
173
540
346
807
76
340
784
77
176
608
213
140
815
718
914
557
708
801
830
279
22
773
511
250
605
493
332
742
410
513
63
90
889
24
768
224
789
524
102
398
980
324
24
407
588
493
244
249
544
426
668
104
480
458
214
870
268
632
261
376
801
207
854
359
846
530
34
822
608
309
623
374
298
191
624
489
210
217
23
980
933
361
580
898
537
355
963
643
91
608
719
552
358
528
21
320
667
885
171
156
702
270
883
817
519
865
63
922
351
546
258
117
632
25
650
780
24
881
582
735
743
495
716
224
135
192
578
678
962
262
258
488
479
702
419
658
993
419
345
296
457
199
414
359
269
384
913
940
904
190
180
671
24
826
860
310
26
370
466
669
841
59
866
555
86
133
305
953
888
932
60
641
923
621
664
389
135
142
532
791
256
563
838
535
823
146
380
118
166
151
40
522
770
624
510
299
959
878
672
236
331
238
788
439
683
105
809
449
584
285
823
382
572
145
78
163
668
872
436
640
295
7
988
224
39
515
209
265
397
27
794
207
739
276
304
160
734
716
183
98
478
697
639
201
927
299
605
365
469
623
3
124
498
136
60
355
58
414
277
91
712
564
295
547
763
114
856
59
107
599
567
437
843
767
993
305
527
193
924
264
827
953
28
263
658
979
29
462
371
745
724
765
2
833
979
664
587
774
599
226
381
631
889
729
490
907
65
620
463
697
278
487
9
32
762
403
588
440
672
974
360
99
21
48
119
890
93
292
921
262
827
158
614
975
251
25
359
32
407
610
88
392
230
801
190
435
196
525
308
538
592
73
146
112
800
226
919
873
497
447
224
365
