368
765
922
319
895
439
341
805
790
619
181
701
648
950
929
921
140
596
679
878
111
919
83
62
32
326
173
692
110
435
399
265
16
429
660
98
731
571
759
666
161
912
707
617
973
47
281
203
33
686
217
969
600
995
124
104
55
592
989
651
887
747
803
993
885
444
227
320
815
831
235
588
621
493
875
806
673
47
248
177
584
588
568
106
694
779
967
275
534
599
332
801
587
122
437
854
745
500
27
831
299
723
34
212
909
423
922
695
427
969
80
719
547
98
763
337
659
401
557
538
173
866
494
3
601
113
490
389
543
451
633
559
459
164
230
770
78
950
587
484
212
744
900
558
353
150
2
507
897
869
61
656
321
457
405
594
615
32
181
305
732
100
874
782
912
901
562
992
891
702
46
916
101
920
839
525
857
20
410
277
909
183
515
729
825
362
909
925
411
667
126
743
113
195
378
10
38
959
489
483
392
645
852
271
232
303
426
677
572
165
742
366
944
957
479
288
450
774
564
355
869
514
267
262
869
807
430
457
663
546
238
514
376
513
689
844
116
274
264
300
393
761
954
793
172
16
218
180
371
634
148
606
359
872
99
879
704
869
908
605
995
242
874
864
644
211
927
22
72
94
898
85
191
436
658
598
898
287
967
986
68
653
901
38
103
457
566
801
252
864
