624
68
12
420
311
629
182
95
659
513
591
151
13
381
116
178
664
189
410
13
954
325
395
858
523
514
61
586
134
229
415
992
936
954
821
778
675
909
467
578
10
418
3
614
96
524
614
105
503
673
307
181
485
693
752
711
517
302
984
776
101
666
626
608
248
256
759
15
344
844
493
881
77
485
97
847
485
492
679
259
590
19
592
769
568
409
700
808
415
336
713
738
613
430
902
234
856
44
598
473
883
745
114
278
918
703
978
51
622
401
515
292
953
330
912
107
499
708
59
294
520
645
434
321
376
196
31
193
654
94
410
927
993
874
812
762
897
314
407
481
778
790
941
220
640
733
66
276
103
444
295
65
803
608
17
638
522
454
271
834
679
771
26
785
235
468
139
606
106
240
978
541
799
416
951
436
469
615
187
625
867
978
369
302
697
375
164
575
236
540
196
848
112
500
450
49
297
259
184
223
413
763
724
579
22
241
410
547
588
27
748
146
647
589
328
885
461
271
570
28
318
901
150
672
234
45
596
445
705
18
717
346
248
9
751
162
56
297
293
711
645
605
352
201
893
921
65
874
892
526
530
985
716
629
286
453
943
682
171
730
73
222
158
989
217
99
56
656
109
462
127
59
9
45
228
608
438
297
507
457
724
511
39
724
228
267
115
989
698
576
878
928
231
480
39
717
23
674
149
85
199
515
917
514
558
968
92
25
817
763
210
575
55
835
249
516
820
775
496
934
558
779
681
724
728
388
77
319
185
937
169
203
483
124
146
324
606
226
299
499
990
564
475
269
43
107
621
131
195
110
642
243
235
287
81
588
816
7
328
868
549
989
188
104
402
739
1
38
791
214
104
544
887
246
322
775
902
435
791
345
851
930
993
438
650
836
888
144
621
453
406
689
718
689
610
910
192
94
794
204
336
330
306
966
878
15
218
924
539
332
288
287
668
78
564
672
683
804
797
914
718
424
815
671
490
122
422
770
2
7
349
603
945
753
326
944
741
27
219
832
201
12
980
125
126
463
563
137
811
66
