813
505
361
637
782
120
1000
929
148
979
542
863
669
904
115
350
959
443
261
631
554
119
298
92
399
886
404
174
593
63
162
175
814
992
777
705
11
432
732
988
698
64
742
29
188
281
259
64
212
393
63
285
708
1000
202
508
48
80
394
316
738
866
460
368
159
59
325
635
53
735
229
776
831
479
550
318
47
686
821
619
25
366
887
766
553
825
937
664
697
193
223
309
43
330
134
863
785
859
846
891
51
176
15
950
639
947
369
299
190
177
103
217
918
295
771
794
116
262
981
573
225
444
155
646
896
472
28
167
2
198
823
818
261
265
672
738
453
610
278
178
924
236
553
974
238
948
133
484
803
156
700
993
617
169
481
25
983
85
116
673
215
738
816
378
704
285
790
394
793
373
73
703
720
210
534
910
335
136
694
187
656
932
680
5
94
424
814
531
150
490
973
944
609
762
16
554
750
185
212
579
924
170
160
199
810
784
560
556
326
670
558
732
588
694
763
883
726
900
832
906
606
405
426
639
942
108
110
208
889
272
872
825
712
307
761
351
633
14
466
101
747
242
880
461
180
584
168
566
682
441
776
293
349
95
66
644
82
741
44
813
345
297
644
793
486
16
358
574
647
66
433
623
402
168
4
265
1000
648
699
505
21
606
347
537
300
139
765
118
372
995
18
367
171
28
844
92
633
449
601
212
941
34
421
471
205
592
918
188
293
681
391
672
128
637
265
123
204
814
199
626
431
132
619
709
363
537
312
358
500
961
311
635
233
91
239
491
899
295
72
607
79
427
467
254
149
422
644
187
324
143
100
854
849
120
87
112
337
312
370
642
595
878
445
642
692
356
18
698
59
2
714
687
975
730
628
823
536
942
826
227
226
125
622
765
648
908
596
980
27
131
324
654
333
169
752
877
81
606
637
512
376
149
804
606
879
997
866
717
25
456
930
595
657
224
566
699
640
310
97
130
