549
524
191
108
769
513
687
189
545
255
105
184
696
455
960
764
997
479
261
638
9
424
268
241
82
632
880
706
175
55
996
878
440
673
819
572
45
519
574
336
288
512
710
369
52
109
80
578
221
549
95
133
254
902
699
931
962
571
206
220
236
448
89
72
65
465
166
34
326
539
111
239
765
39
943
217
302
814
845
621
702
791
905
30
766
704
11
520
52
330
522
520
480
793
459
315
905
611
770
849
622
406
133
484
738
53
493
318
512
187
462
113
23
118
861
273
347
37
547
828
562
403
489
332
577
450
482
899
365
215
746
417
381
463
308
115
843
531
131
329
305
669
42
313
349
721
434
188
905
300
572
956
892
249
863
117
934
109
135
743
535
527
789
730
772
923
342
906
270
583
521
324
599
782
987
950
305
739
992
575
852
466
133
941
358
982
5
838
269
37
554
915
801
377
208
611
965
752
491
151
254
1000
501
480
894
906
234
669
591
623
207
341
349
368
196
841
254
501
59
392
113
928
280
393
991
382
156
515
834
531
197
873
981
860
263
437
568
789
19
558
796
369
705
305
215
532
390
105
652
975
697
658
91
688
452
577
462
749
726
11
972
594
562
625
353
752
646
773
835
647
616
29
289
109
405
663
208
546
350
468
940
5
963
941
866
544
762
789
868
585
872
267
186
929
93
693
425
555
263
789
260
79
974
156
956
114
117
136
313
308
644
631
487
356
424
541
810
501
594
447
761
303
389
54
550
959
472
42
629
448
