283
754
336
76
579
765
866
176
280
267
557
421
144
746
255
798
752
752
290
218
315
657
433
399
140
71
761
790
100
640
398
806
764
484
882
317
342
232
135
466
985
188
857
560
618
227
639
704
214
483
96
806
248
957
609
654
528
600
927
675
396
920
549
738
984
214
573
546
326
797
99
217
864
6
219
910
2
578
53
343
867
519
806
130
710
206
200
45
138
84
283
464
692
720
992
692
249
409
45
869
40
824
958
687
736
9
355
181
983
617
29
642
319
202
111
294
996
735
612
488
730
744
915
890
621
728
947
16
57
767
614
953
563
296
674
481
162
787
14
262
181
395
723
977
556
139
357
766
861
532
862
887
749
882
525
712
563
830
644
596
495
835
504
49
685
378
517
860
750
639
303
584
396
247
248
304
300
789
81
664
793
888
48
310
755
840
409
403
480
415
542
260
952
841
666
603
823
502
980
200
383
157
589
909
79
565
604
124
382
471
715
999
60
986
103
8
422
710
14
257
295
31
514
606
901
710
556
210
225
371
581
382
550
898
7
515
303
755
46
785
65
270
81
433
275
354
929
575
507
607
20
602
904
133
703
891
860
329
233
234
445
269
37
348
529
316
876
697
598
81
738
740
306
830
802
238
61
588
623
101
585
236
556
682
855
434
491
964
960
274
905
479
365
967
364
898
408
154
470
898
613
196
765
392
265
406
542
664
168
535
252
257
581
217
886
268
637
259
636
106
437
887
603
465
986
423
881
346
630
898
