811
115
151
294
560
110
402
443
679
573
181
703
394
133
551
587
538
2
894
639
385
544
173
353
254
790
890
83
569
141
64
529
753
807
488
334
576
629
619
833
154
692
429
994
4
573
860
21
794
595
263
376
282
867
373
673
655
560
452
377
855
292
149
421
179
208
782
675
629
125
412
163
211
19
84
368
870
253
721
674
886
500
654
666
72
351
345
630
159
114
750
761
962
981
411
918
307
430
266
225
794
975
822
78
397
969
347
200
574
572
479
806
194
512
636
600
961
274
434
586
566
833
121
90
964
892
159
837
656
187
503
779
924
273
981
831
889
706
923
5
914
905
385
342
777
234
44
585
47
580
228
720
651
524
17
949
123
7
727
496
878
694
77
755
586
173
251
601
28
558
310
440
743
690
885
831
582
175
638
854
802
806
679
968
173
672
166
266
461
405
600
759
824
890
818
884
503
656
737
703
257
445
736
356
152
180
32
477
471
460
143
957
548
246
194
125
797
910
359
433
354
387
673
784
400
130
556
91
761
389
608
178
238
763
524
535
553
477
499
718
375
565
326
916
315
531
461
479
697
895
172
951
850
568
314
227
396
535
431
948
575
43
418
362
145
770
812
975
952
488
320
226
809
823
419
230
839
72
388
956
39
484
37
280
958
335
203
44
21
1
483
662
186
551
489
233
437
346
336
768
282
533
591
359
85
505
920
981
784
660
440
132
578
517
949
672
140
576
883
620
122
381
325
242
474
525
295
684
516
442
72
53
178
862
867
851
677
197
160
455
18
220
886
568
223
987
194
918
138
474
366
486
680
850
189
907
916
254
469
182
6
149
6
675
245
232
20
663
215
718
933
883
270
134
569
45
965
104
518
119
594
50
332
125
626
288
207
993
944
875
623
183
919
986
859
828
550
178
141
336
141
395
421
331
407
297
548
934
151
272
301
454
804
293
410
851
663
581
581
640
36
926
924
428
620
20
928
822
195
711
896
220
139
144
294
602
504
818
220
869
879
384
995
517
447
433
728
851
868
283
246
72
843
607
802
135
168
810
902
316
911
608
450
7
833
24
219
121
40
465
973
715
258
879
345
62
577
113
475
669
72
293
73
83
957
366
266
671
454
822
51
899
373
774
231
399
752
336
372
657
584
183
784
132
889
475
781
73
686
738
460
805
687
74
486
281
262
243
524
293
780
820
364
734
864
874
742
744
78
495
961
932
585
844
795
728
545
881
93
368
671
892
815
66
26
612
716
158
731
279
788
209
695
838
605
439
668
96
714
583
891
288
863
452
737
322
741
83
532
343
505
213
691
620
834
859
538
20
99
76
533
88
324
891
350
685
419
626
911
36
512
982
592
589
500
199
182
842
897
129
16
643
993
206
103
328
956
666
821
352
778
796
56
74
219
515
552
900
220
709
