578
337
474
172
438
476
667
819
289
538
539
988
377
151
619
164
531
428
945
471
731
981
269
773
294
741
161
387
812
185
923
211
312
677
893
695
997
420
744
113
607
440
167
116
313
662
451
857
31
35
888
737
867
979
331
546
581
932
756
733
813
660
984
674
355
40
218
50
284
73
97
443
518
357
691
975
49
258
336
325
217
835
875
79
524
687
646
389
251
756
498
146
386
875
456
271
790
33
624
820
81
449
518
147
299
306
389
256
462
529
720
91
568
338
763
945
320
517
468
426
726
334
969
238
376
238
31
291
663
540
114
66
801
85
702
38
671
63
461
566
688
432
527
864
662
538
521
697
537
281
719
253
156
299
519
746
277
199
793
160
511
455
719
520
784
848
20
313
22
812
24
533
40
727
202
838
734
662
7
316
239
377
169
348
171
60
171
71
219
483
578
257
946
285
963
538
18
263
839
697
197
422
256
227
227
960
675
127
122
353
425
942
599
94
784
252
72
587
451
68
880
704
542
528
542
880
334
90
438
862
642
894
11
873
991
355
938
277
650
187
667
181
228
212
208
601
617
590
919
401
684
310
697
379
950
79
378
314
881
329
857
970
907
426
324
790
772
749
687
993
685
184
166
665
462
861
404
772
114
31
266
463
86
591
834
463
355
201
206
823
324
890
478
842
530
402
143
612
864
78
758
749
280
455
491
873
947
234
419
673
673
621
296
609
270
177
727
874
679
802
889
420
784
440
637
209
852
539
486
260
4
864
984
965
568
358
112
213
746
585
339
222
215
753
421
965
598
192
98
972
866
303
151
100
27
194
498
563
42
133
794
282
931
458
503
588
572
119
965
293
648
279
903
906
369
139
690
808
900
666
442
670
968
22
651
930
735
641
640
926
934
587
611
905
601
13
677
486
152
42
953
729
656
855
161
226
973
8
988
146
948
507
992
993
579
252
432
505
138
579
695
534
646
40
845
393
203
693
94
307
64
668
38
570
839
411
809
415
5
174
128
247
194
916
304
344
715
888
515
604
219
807
109
452
829
926
27
422
561
263
253
22
559
773
724
256
387
677
807
411
612
906
55
402
801
496
904
183
228
242
241
918
235
746
813
38
158
123
500
248
150
897
216
393
4
496
279
656
549
92
999
515
351
286
389
445
37
107
430
583
516
744
168
65
131
314
903
82
284
640
69
982
172
957
595
270
181
895
459
882
26
899
464
769
239
834
200
82
383
327
791
828
873
360
409
577
660
27
108
613
587
95
797
641
626
535
565
942
565
717
939
843
761
552
147
934
769
755
183
487
721
899
921
778
661
529
713
395
981
296
923
881
521
872
104
147
909
740
899
199
