164
519
615
816
545
72
202
345
438
630
68
18
720
331
229
977
590
260
294
428
54
695
954
181
465
139
262
139
346
377
786
338
104
566
172
298
787
646
284
398
224
996
68
402
947
788
546
507
78
940
532
640
454
676
488
544
826
826
654
790
845
546
306
326
685
737
434
236
394
655
383
439
255
894
773
651
16
308
407
377
454
527
14
958
373
815
140
666
632
815
296
351
802
215
353
716
251
734
139
750
628
995
434
472
399
745
742
329
511
411
425
718
232
964
983
459
927
56
124
432
778
92
339
574
213
761
554
896
699
297
664
791
977
935
935
571
239
340
969
858
509
705
460
711
189
492
722
47
98
849
873
745
646
284
621
316
864
504
228
254
479
88
750
642
797
282
375
816
580
673
330
223
723
522
753
215
226
860
226
570
548
386
768
365
487
879
151
463
918
755
776
838
847
745
644
674
863
476
392
425
696
468
441
127
365
957
746
389
373
812
516
10
519
701
879
281
75
566
50
505
181
43
835
499
650
471
372
206
947
850
617
534
479
751
287
481
693
863
809
51
86
371
714
585
580
420
844
594
527
673
142
636
974
981
769
612
506
179
341
742
103
366
715
711
933
943
123
872
136
145
333
529
480
339
344
743
370
210
998
860
251
467
462
77
873
260
986
360
455
933
718
50
474
905
404
487
33
968
17
836
116
623
47
172
56
420
747
178
501
851
854
642
494
241
546
430
128
511
121
898
488
536
413
820
331
877
304
316
152
953
695
924
283
302
279
699
201
735
684
819
608
138
579
679
467
696
604
682
901
580
251
792
794
977
272
53
145
71
842
622
658
204
954
620
662
803
491
585
916
64
361
150
148
487
291
875
248
250
990
485
97
703
417
34
891
191
423
416
12
408
56
787
591
670
514
47
823
182
973
961
438
273
763
543
405
936
691
788
81
504
311
392
639
128
931
699
521
683
3
229
734
941
856
730
820
711
300
262
348
523
933
142
57
859
666
977
120
153
29
648
992
775
563
580
422
882
121
822
139
277
688
896
738
119
242
565
225
540
644
744
489
915
293
65
158
493
823
759
515
115
683
953
911
632
908
608
742
901
863
69
127
103
294
810
526
805
713
423
742
263
706
591
972
241
398
710
796
666
629
771
345
425
779
731
24
270
15
914
672
583
396
196
90
174
446
59
774
777
39
719
354
172
543
550
673
635
582
741
612
703
879
187
364
744
419
457
111
439
276
22
32
587
373
591
616
349
405
643
255
214
262
932
657
524
759
24
511
901
829
258
947
190
686
981
551
653
734
704
439
165
796
207
460
755
699
961
38
877
195
119
473
148
333
801
699
618
80
798
818
936
261
282
72
959
843
649
792
486
889
914
207
550
204
360
845
301
596
29
581
130
88
374
176
544
241
272
514
915
224
869
308
208
172
251
406
461
483
334
607
263
673
184
252
838
719
449
656
519
208
427
939
137
355
261
581
835
202
342
219
632
49
876
805
350
265
741
206
7
468
517
848
221
68
979
308
723
94
237
958
163
121
792
887
822
815
3
190
810
102
534
673
833
770
73
886
874
410
357
557
537
123
434
880
548
331
267
162
871
118
857
315
206
33
260
902
451
877
571
437
944
906
487
564
387
829
291
290
924
926
337
704
825
102
856
846
624
69
513
15
125
690
484
656
274
271
131
63
227
366
860
747
176
160
458
384
862
333
515
901
120
