377
509
278
868
881
492
796
851
132
526
913
930
461
963
725
489
724
150
820
836
846
660
651
316
233
45
659
823
572
175
522
55
922
855
662
663
582
222
999
370
207
827
487
386
59
926
976
490
526
624
254
54
949
101
440
715
971
456
702
775
351
748
32
140
241
809
130
449
588
578
876
625
957
248
231
126
605
514
542
902
20
485
845
762
728
511
252
673
103
799
87
508
539
628
896
1000
17
663
520
187
785
221
488
429
60
112
464
196
727
383
330
177
330
680
819
366
994
235
861
704
512
440
444
221
827
408
813
955
358
517
451
921
112
767
660
409
772
103
228
268
646
532
280
757
145
654
273
352
418
343
