305
96
36
293
100
683
267
610
88
71
706
350
18
789
235
448
536
494
416
669
616
664
220
462
35
459
113
64
684
272
407
460
313
332
168
324
942
22
69
420
320
992
655
782
800
207
692
147
427
762
870
426
851
919
407
824
507
529
36
242
608
737
26
126
860
698
72
909
428
339
893
577
647
574
771
690
22
186
145
123
760
840
426
556
187
182
724
697
728
372
702
976
514
215
791
549
897
751
52
352
164
51
179
413
597
567
870
957
966
734
838
389
313
667
513
885
978
15
974
20
999
608
445
609
970
268
138
101
251
252
124
22
60
708
531
761
343
999
807
547
425
947
766
443
461
753
10
721
13
849
979
24
776
215
371
763
108
197
566
858
155
579
122
156
456
519
791
502
297
63
540
331
939
402
816
126
876
235
655
561
873
795
497
619
236
987
143
532
826
569
486
406
124
663
592
720
830
651
722
563
458
637
964
937
329
682
279
901
360
352
242
657
110
374
205
370
591
116
936
193
162
244
491
491
512
871
110
625
243
853
663
908
512
174
835
924
567
306
184
272
8
115
910
166
487
839
610
477
610
36
521
650
901
411
922
109
947
827
295
3
509
925
456
574
75
999
941
260
819
989
709
889
6
865
731
750
61
4
433
845
796
246
456
451
764
915
735
72
622
444
288
29
347
248
244
927
967
562
42
449
586
899
513
580
803
12
885
708
296
368
648
866
480
313
140
617
301
783
837
777
875
784
373
217
464
675
754
165
211
812
433
136
28
169
29
739
725
389
525
547
853
477
267
932
444
428
821
292
411
171
522
35
306
23
338
555
764
536
708
742
576
998
527
228
287
806
959
979
270
795
101
826
564
991
441
608
101
981
86
1
242
842
659
293
642
309
45
100
886
20
8
30
650
74
156
148
590
175
691
605
208
19
502
624
145
911
366
522
894
459
682
528
658
863
695
918
201
698
513
634
90
956
325
958
714
148
373
669
86
437
736
816
409
676
532
967
228
765
59
813
244
688
360
198
153
896
824
831
745
128
587
275
591
694
992
749
827
903
409
980
198
476
145
559
175
940
979
6
162
600
351
610
451
876
128
921
845
279
43
865
18
968
187
786
422
737
499
222
395
333
88
733
421
388
213
612
251
479
7
466
237
730
151
751
528
627
78
282
371
169
535
612
950
266
756
89
442
196
599
904
4
922
421
395
270
484
898
433
859
931
453
689
39
984
456
124
365
50
225
670
316
252
91
993
143
609
116
731
467
550
687
435
217
972
7
559
133
688
437
446
709
769
80
115
977
615
332
480
888
754
857
648
746
575
488
967
63
353
253
543
314
576
943
12
622
446
814
143
61
188
269
605
960
38
721
105
863
919
493
537
869
678
278
856
25
484
930
628
304
590
915
891
809
202
603
798
39
676
392
603
238
547
390
74
504
806
856
819
623
824
637
360
332
807
79
556
471
369
593
18
705
215
327
370
251
633
771
111
776
210
109
49
133
78
436
971
899
819
291
929
396
356
769
850
145
950
886
87
690
383
851
463
315
493
125
184
854
826
501
215
62
345
987
958
912
493
708
331
356
651
886
783
82
46
151
890
8
847
756
282
541
885
352
475
293
502
577
722
925
380
221
984
873
270
491
641
575
770
580
177
687
146
871
354
491
475
991
104
144
860
268
907
884
480
303
540
404
201
284
5
