22
865
472
328
102
415
825
768
39
180
929
799
194
460
715
401
972
652
813
531
973
653
675
689
32
828
824
704
191
920
179
32
147
510
737
780
846
467
342
439
630
35
800
965
451
456
728
957
459
195
996
648
93
617
614
117
615
945
87
644
2
737
396
153
315
621
918
21
200
685
154
115
741
92
911
946
981
576
329
168
675
332
47
485
515
986
779
296
261
824
913
146
218
959
739
627
285
231
46
659
303
829
728
371
31
223
833
582
307
540
432
75
451
599
434
965
728
52
183
91
411
439
691
515
769
737
146
385
153
164
613
362
611
967
201
861
16
772
525
59
675
535
397
268
977
593
906
233
30
328
