363
123
768
228
596
1000
15
513
229
443
621
23
401
557
157
40
281
908
525
756
788
167
520
354
913
525
52
372
415
630
708
194
442
413
831
451
378
675
997
442
494
19
178
452
961
318
408
844
236
296
333
236
632
256
435
14
168
656
85
376
919
934
793
461
637
103
526
320
902
389
673
939
367
370
692
643
547
952
646
401
244
948
183
868
583
272
939
225
424
159
630
87
748
584
230
476
1000
902
444
40
840
933
600
157
813
483
954
418
961
902
849
285
988
756
993
384
705
387
401
38
893
295
407
330
724
31
719
792
392
829
995
443
885
121
482
176
966
666
369
56
927
918
402
938
888
472
259
937
95
926
95
25
669
154
811
899
348
972
915
855
254
229
354
548
904
979
756
763
442
164
878
645
525
634
998
90
592
356
659
460
254
517
341
782
241
969
443
727
774
264
131
181
535
674
234
524
429
296
893
382
206
318
619
348
195
879
396
104
813
863
343
567
661
675
111
870
815
369
49
28
550
736
951
921
97
927
530
281
500
107
674
702
989
996
514
802
564
108
652
599
724
56
952
84
366
48
254
4
792
159
692
135
411
436
427
983
648
466
7
64
383
956
733
329
899
111
991
284
147
299
873
737
712
499
286
687
908
702
83
487
884
791
52
230
482
9
2
607
982
898
952
978
534
176
592
872
951
603
410
868
679
338
603
421
42
637
820
124
958
934
805
140
127
378
1
305
850
438
12
217
827
475
981
437
623
70
85
383
209
609
933
834
419
130
537
768
804
209
987
461
899
966
979
102
144
76
977
739
229
834
80
288
603
244
347
270
728
649
730
73
913
422
710
461
892
130
389
436
257
431
843
117
284
454
387
689
274
146
157
976
750
611
128
579
497
641
837
346
589
62
842
37
270
514
111
305
301
264
830
679
378
474
238
996
246
506
800
945
567
506
944
814
357
458
952
625
686
845
456
900
517
709
690
3
176
919
188
961
6
202
96
344
58
345
406
5
405
774
690
461
365
774
472
980
148
935
619
765
77
844
345
110
843
20
447
149
15
391
802
685
185
679
814
464
803
618
853
938
831
8
50
350
162
5
101
994
501
50
414
789
540
626
37
523
925
381
619
637
718
824
754
833
347
369
773
947
601
435
924
41
553
894
265
689
857
32
252
886
669
725
264
941
302
873
288
385
242
867
756
81
431
56
26
368
810
479
436
649
570
363
681
290
8
67
634
318
397
757
637
15
605
821
656
955
275
249
30
492
165
923
428
59
167
234
310
882
404
260
353
290
810
997
296
442
131
805
90
820
718
187
54
164
705
518
394
802
358
508
790
363
369
601
32
602
299
589
973
769
881
942
508
417
767
241
349
865
495
577
369
718
189
906
613
218
164
911
187
352
300
166
526
463
566
638
904
734
409
903
537
477
715
597
316
214
324
247
85
561
667
790
6
628
376
725
266
569
111
706
207
500
844
77
848
193
703
342
389
924
391
330
940
561
47
503
933
49
265
686
259
32
65
1000
274
983
983
948
491
17
277
701
802
601
543
525
819
885
505
941
911
378
24
809
242
453
826
809
966
534
556
383
672
780
154
513
561
707
465
907
785
614
736
76
259
136
477
553
665
529
745
330
450
937
132
239
807
595
215
276
530
74
830
861
236
305
371
12
93
950
733
358
529
802
464
64
754
557
69
436
374
426
501
899
356
125
271
751
552
355
400
269
316
776
612
326
538
800
632
375
194
461
311
735
574
751
974
578
421
355
7
426
105
545
561
316
770
88
109
255
29
197
839
127
431
238
392
115
809
43
243
759
540
889
186
826
96
57
901
67
275
770
432
159
376
267
837
686
193
455
227
680
115
122
755
427
868
58
983
175
840
507
608
60
606
974
618
130
527
541
604
994
