231
141
391
915
458
463
40
30
860
250
50
512
506
16
532
528
285
528
822
728
554
389
224
692
195
766
183
912
101
900
602
589
641
705
9
180
399
142
144
150
399
293
353
743
467
526
748
800
402
949
926
484
661
225
34
795
98
577
387
242
734
378
777
778
563
177
753
592
503
939
973
930
920
447
717
516
103
256
332
30
875
268
165
979
293
493
493
780
845
881
497
369
376
315
76
596
463
237
567
28
887
627
666
991
640
345
109
392
509
793
118
182
344
3
543
840
141
696
220
464
761
478
525
676
991
453
629
394
653
920
33
149
981
558
462
645
601
7
818
289
514
12
255
488
744
990
192
159
72
631
105
704
919
288
930
466
102
844
404
857
182
612
323
405
441
772
341
24
646
293
266
508
203
200
711
550
390
46
363
721
307
741
914
13
518
987
481
361
962
158
323
652
441
362
215
96
98
553
898
53
674
596
532
343
423
40
990
724
638
661
294
23
879
962
754
674
431
721
619
983
943
840
176
809
418
456
687
665
595
402
889
996
113
98
502
529
148
239
984
858
900
946
184
675
411
331
71
130
137
474
329
887
65
237
624
311
150
44
675
438
807
743
50
49
774
181
439
642
476
908
497
908
745
318
611
322
894
35
233
591
65
513
861
660
602
30
139
542
600
892
24
452
651
606
142
467
850
437
957
44
546
99
999
891
501
457
703
551
244
463
269
182
717
89
932
633
7
686
332
78
336
59
821
459
827
58
257
326
404
82
370
619
206
948
243
121
395
333
735
754
154
598
527
98
608
800
685
791
422
722
806
172
157
935
720
379
648
910
754
530
698
295
100
123
788
150
31
463
614
305
44
956
424
716
311
330
28
555
155
822
87
106
514
625
992
909
810
616
501
322
84
839
640
863
915
489
844
556
147
141
827
321
852
6
793
677
334
733
517
899
406
44
525
226
235
85
59
726
904
97
918
939
196
312
356
467
729
658
570
30
577
636
352
720
254
656
505
3
542
526
161
70
272
37
284
401
363
132
357
325
138
967
69
585
920
330
980
840
588
191
395
718
498
511
197
476
776
185
786
641
720
237
783
129
921
223
100
155
348
386
179
198
541
33
797
463
28
774
676
257
908
524
703
476
377
444
279
523
293
725
966
225
134
333
977
899
994
992
201
796
991
245
499
713
81
567
220
889
515
689
233
561
420
589
245
7
306
892
1
972
797
509
248
231
256
103
57
772
896
709
100
274
340
404
645
979
59
580
95
412
166
565
763
169
943
560
65
350
263
597
377
285
892
778
32
457
649
291
814
855
288
445
617
52
599
616
571
97
101
881
753
143
727
186
21
514
918
418
359
982
908
445
281
880
48
563
143
275
923
144
