561
705
651
938
648
533
734
449
890
260
172
741
873
921
169
178
975
379
531
822
780
468
443
570
1
995
400
245
973
146
315
785
232
460
628
589
917
95
846
106
364
873
733
180
540
905
25
872
183
981
726
47
180
549
509
484
642
683
797
382
382
714
26
306
492
67
298
533
482
257
312
873
347
249
570
74
418
260
775
890
621
377
314
739
393
143
249
357
163
682
190
270
27
330
42
768
872
637
606
321
793
209
504
304
955
616
348
863
363
129
812
756
980
66
75
592
754
764
488
48
850
330
814
836
738
92
122
879
1
627
951
185
51
130
358
855
86
203
891
964
740
680
735
581
658
354
191
21
362
127
871
918
140
56
883
81
573
575
275
506
469
328
654
938
642
885
4
612
39
519
209
902
692
965
577
793
494
385
165
358
943
980
248
922
894
188
36
265
15
791
779
813
227
677
703
241
619
700
401
953
310
225
259
609
282
775
239
194
975
651
192
564
145
470
786
262
650
877
730
612
960
309
955
399
738
483
66
107
980
800
665
803
496
790
148
40
712
407
234
926
635
463
188
821
531
183
89
350
257
17
853
836
387
265
553
488
49
657
62
80
154
321
935
93
56
578
650
742
407
53
961
489
224
407
940
219
932
58
586
510
620
806
369
77
214
915
578
56
154
92
215
976
868
518
288
708
255
269
782
932
524
643
234
521
812
813
929
345
140
308
44
337
648
392
822
993
991
386
671
436
947
855
254
382
797
661
605
842
322
993
871
682
278
338
750
962
858
783
169
764
676
920
148
263
36
942
334
798
935
490
278
536
963
115
77
933
855
76
216
385
748
207
607
694
462
264
924
843
788
675
914
38
812
615
414
100
879
119
293
466
505
598
132
549
350
868
564
434
312
992
632
607
528
422
305
391
421
777
303
955
212
108
812
968
470
795
127
98
561
31
90
77
834
856
195
541
238
113
165
77
82
209
638
305
84
699
701
320
992
624
976
840
197
972
599
782
916
319
932
280
568
109
716
459
303
811
910
247
996
586
897
585
32
573
418
959
452
839
509
567
293
569
306
194
999
480
670
741
90
530
193
635
852
171
152
880
118
898
251
669
532
302
709
217
922
784
951
532
499
724
179
945
745
357
440
411
51
571
738
829
422
816
50
294
42
825
893
828
543
854
736
764
955
85
346
597
547
384
324
899
468
677
496
569
343
490
776
124
50
809
538
231
381
958
545
893
771
205
482
813
596
174
97
184
806
239
218
622
934
947
619
998
181
342
253
435
840
562
322
598
203
635
448
77
327
468
796
506
538
782
805
436
378
478
245
568
774
316
947
54
442
123
716
898
366
482
430
280
952
964
210
213
458
113
777
184
174
675
941
380
969
349
88
912
963
520
263
210
429
919
612
897
100
525
904
895
939
921
185
182
540
205
244
793
247
459
868
677
736
743
929
296
932
543
540
291
903
308
452
96
510
756
567
897
985
873
618
842
908
122
