406
116
145
139
226
18
758
875
128
602
440
999
779
841
405
304
478
72
23
817
405
985
325
356
16
281
541
691
225
350
630
188
350
914
992
542
51
838
852
401
372
526
323
647
320
501
223
905
191
210
460
940
885
565
709
486
766
143
32
60
408
986
581
136
484
518
954
65
278
867
90
249
985
675
962
554
865
910
365
961
83
451
317
777
37
118
666
885
686
815
168
749
357
912
162
217
64
815
708
602
492
399
181
354
659
570
386
144
306
473
249
525
610
384
904
231
463
599
776
776
266
53
35
333
987
286
124
759
670
298
647
579
747
872
502
309
535
592
938
45
627
698
612
928
664
977
171
563
85
619
496
308
75
564
589
838
930
272
858
8
739
610
529
325
176
897
279
158
748
114
835
115
708
400
164
744
976
460
453
837
887
864
795
164
733
139
772
295
5
364
955
841
424
843
826
359
59
606
868
653
687
976
605
987
547
746
864
96
764
380
259
386
657
940
189
203
987
323
888
622
674
54
502
966
945
641
868
476
583
184
679
205
435
788
140
107
466
336
245
595
351
759
47
55
524
711
225
555
371
557
589
373
860
934
802
572
800
443
30
831
769
756
765
712
980
176
210
678
570
209
260
704
193
451
6
121
251
179
898
680
721
264
210
165
702
406
258
815
911
603
732
478
709
853
7
621
620
544
304
416
670
893
600
740
817
311
19
511
371
996
488
245
899
783
418
821
869
415
194
535
900
164
515
811
675
443
584
4
636
371
689
866
755
569
674
320
891
537
141
4
406
590
293
507
609
812
440
2
724
438
533
448
744
410
494
508
653
958
610
620
703
24
820
443
770
226
648
938
800
645
728
194
972
3
716
867
832
473
370
74
780
359
488
133
952
62
780
300
267
142
91
882
912
275
248
895
777
345
56
172
805
608
268
369
789
888
655
412
985
580
608
130
643
203
813
163
623
260
423
609
152
727
510
154
260
660
434
385
698
140
209
617
385
646
807
22
915
751
857
856
139
597
218
295
723
445
23
69
734
425
364
334
135
252
367
126
312
268
568
470
7
508
879
741
89
31
874
395
630
373
555
42
16
885
58
517
365
64
276
542
112
742
931
106
7
835
426
877
731
878
637
505
226
798
212
682
482
951
76
792
941
686
195
580
848
325
979
484
796
628
997
284
111
46
577
819
637
979
850
518
276
423
409
62
599
635
682
422
667
72
605
644
177
111
149
4
556
191
169
21
578
910
96
568
200
51
209
308
57
374
247
141
10
825
472
72
699
530
791
941
136
962
342
140
136
498
198
145
322
490
40
966
204
348
516
803
508
777
798
977
156
325
263
600
288
28
11
28
849
753
602
956
749
69
319
766
591
285
700
525
76
946
558
59
250
594
979
245
816
316
412
360
602
992
721
857
5
925
505
539
355
167
540
336
544
608
721
582
855
671
548
531
414
333
464
723
815
856
333
616
647
528
381
707
738
835
99
248
881
578
84
523
732
200
513
179
516
230
400
18
978
942
425
564
456
448
180
628
278
553
522
938
89
792
463
53
165
652
73
326
222
885
703
996
668
204
734
475
81
603
207
261
599
490
778
761
677
672
105
389
334
972
905
298
785
913
867
61
648
816
461
162
36
91
630
590
864
375
786
910
991
301
871
450
846
551
811
175
442
538
