812
758
912
559
261
138
130
477
427
225
600
175
567
944
660
447
984
417
953
144
844
688
165
938
757
53
176
2
586
639
580
147
22
411
975
633
54
940
612
585
295
638
829
531
58
340
456
457
953
368
475
747
615
760
283
993
331
672
764
531
441
924
840
630
711
963
27
363
81
905
584
632
555
656
442
675
128
212
683
453
58
691
592
356
583
794
464
282
674
71
796
57
237
264
467
99
677
554
269
549
246
627
194
13
921
808
144
783
932
109
366
872
595
818
548
64
595
319
892
403
459
20
601
861
360
737
744
76
934
279
574
668
211
535
938
366
759
148
818
751
933
92
885
62
226
798
756
252
745
429
180
912
175
937
268
919
744
359
419
586
312
193
372
760
56
231
288
394
722
484
43
605
921
718
400
458
637
932
365
805
930
237
498
147
117
453
643
49
955
139
81
111
744
816
32
145
150
293
740
94
127
557
653
442
463
165
923
693
105
591
777
108
241
542
745
511
284
212
979
786
455
652
856
852
771
815
783
269
208
475
779
402
955
552
598
18
30
541
424
54
964
315
159
524
233
853
360
891
814
43
437
318
442
770
798
474
263
420
831
28
254
373
153
339
89
768
436
339
461
23
199
429
766
736
833
44
289
748
216
628
10
711
401
727
267
633
959
175
166
583
617
780
13
115
739
261
970
323
592
883
799
241
369
266
859
447
518
368
309
154
350
621
469
182
899
842
674
945
504
546
824
61
987
487
725
867
268
885
165
575
621
212
202
471
541
935
451
608
228
204
629
698
117
96
809
44
571
924
706
703
318
791
8
716
799
600
532
849
246
182
307
614
761
897
711
787
33
550
740
216
223
244
341
351
931
966
475
682
482
857
641
74
998
981
238
563
95
782
912
351
996
741
418
444
831
176
843
585
7
543
660
428
439
660
324
291
222
8
583
424
100
209
484
215
867
877
974
137
816
331
396
908
23
368
578
142
678
965
758
875
771
780
758
327
991
116
285
400
879
911
97
451
128
885
334
984
831
6
557
72
844
618
294
209
254
407
385
739
886
821
939
969
236
933
966
883
647
5
684
970
133
55
571
785
825
649
787
926
10
457
747
244
596
389
867
982
512
795
72
741
969
339
968
788
115
218
300
211
877
295
667
17
699
56
278
561
174
663
679
266
390
978
154
366
735
908
945
992
275
394
170
995
600
627
120
936
561
55
470
603
591
753
66
525
973
713
987
866
724
589
163
350
9
949
532
628
461
44
412
693
388
823
351
285
339
345
490
110
557
546
797
568
536
210
108
864
5
913
727
235
782
79
748
710
863
920
591
391
1
310
573
776
570
860
288
889
368
696
925
401
753
434
291
617
831
546
787
792
828
716
252
141
426
349
880
542
585
441
995
645
373
953
258
683
713
35
967
295
689
766
273
760
264
478
369
856
438
212
50
754
620
532
306
995
43
670
635
868
400
833
340
277
933
872
347
89
938
755
905
221
643
676
768
998
411
378
641
85
120
693
143
54
434
941
831
318
881
945
337
185
482
43
869
799
95
229
860
669
659
691
933
816
743
312
725
663
222
438
441
420
530
482
324
100
754
683
376
421
692
194
425
882
110
615
523
54
564
852
86
419
269
344
897
752
252
478
581
186
513
468
440
100
93
922
997
428
197
282
936
504
244
533
595
293
782
970
702
667
487
20
217
428
587
578
45
350
720
808
661
515
566
366
970
692
915
789
828
412
893
222
595
734
402
162
762
30
98
541
502
55
240
819
211
659
300
104
713
775
398
722
99
508
86
470
449
600
129
558
78
401
261
156
179
451
63
247
590
152
853
826
10
824
432
498
17
390
90
76
961
654
824
783
854
3
952
627
26
525
376
214
432
689
557
201
320
651
909
402
745
743
320
33
687
815
209
128
24
636
679
309
510
636
643
225
240
912
950
584
134
39
479
638
24
536
294
442
27
79
783
482
375
919
120
1
944
689
826
144
159
796
650
156
751
656
820
141
771
969
576
56
644
416
769
728
971
868
849
657
758
682
799
912
329
448
573
704
141
609
950
112
32
556
868
770
893
390
485
957
554
455
584
651
313
83
21
970
658
781
451
392
