90
280
17
97
556
241
797
261
438
11
358
143
580
829
928
259
460
358
53
588
608
380
543
500
381
426
135
730
473
646
98
889
150
870
502
875
234
945
482
265
885
677
840
556
787
823
455
332
314
71
746
863
257
865
661
904
799
899
604
852
903
720
152
203
563
637
190
636
978
882
405
66
369
228
740
276
567
286
731
765
324
21
403
706
77
609
981
69
41
394
5
361
253
193
751
626
696
218
139
672
702
72
405
188
115
431
612
77
996
867
894
241
162
712
30
951
432
79
954
44
844
658
71
940
121
472
710
338
486
601
846
418
685
942
305
401
999
741
376
556
510
155
904
58
937
956
949
207
914
753
487
653
566
748
190
242
26
940
237
13
759
268
678
549
968
371
893
804
753
65
314
199
434
270
300
743
171
206
366
452
206
822
607
252
162
817
574
768
997
729
866
441
74
246
728
866
848
649
842
472
648
502
867
78
988
734
10
629
607
719
837
982
217
256
832
996
50
95
136
317
272
934
304
226
286
585
273
322
29
573
94
996
175
180
266
908
818
378
138
612
545
464
709
58
594
497
449
773
871
670
992
200
215
189
955
311
914
226
656
644
871
280
856
548
986
219
450
647
684
644
261
986
540
187
890
832
821
574
613
147
407
146
902
92
153
290
46
360
784
921
40
479
368
386
766
308
427
72
932
491
732
139
530
780
87
659
605
73
70
292
592
862
386
645
708
616
170
93
446
423
833
525
120
394
157
310
943
441
85
591
412
550
225
984
716
116
589
532
22
347
173
448
1000
941
865
828
628
747
355
829
537
453
605
200
830
43
542
310
330
9
646
954
754
229
129
740
847
292
119
51
610
627
614
587
310
251
586
903
372
906
751
388
589
636
12
980
219
464
551
24
355
32
295
643
453
447
232
58
273
577
