710
494
75
861
307
644
667
525
961
825
900
871
998
530
505
311
57
466
91
906
207
160
872
613
839
337
560
17
228
356
587
560
228
136
204
338
156
146
332
931
803
720
523
67
499
458
135
751
953
920
80
931
345
80
378
998
561
778
110
494
79
789
270
436
357
754
370
860
588
992
627
363
879
25
894
772
192
986
102
40
615
117
836
866
338
95
684
870
538
687
794
236
35
283
683
768
834
318
116
165
973
103
868
596
111
564
524
313
226
253
582
565
142
707
583
394
784
860
831
900
422
840
912
521
727
159
104
105
103
435
501
124
69
913
444
144
250
898
386
55
129
331
139
725
427
1
744
356
139
450
422
780
624
860
438
686
489
156
242
439
491
61
540
847
909
532
466
266
303
286
980
245
939
347
175
758
487
237
513
461
522
187
95
964
683
903
69
367
992
975
854
506
295
115
901
553
765
458
695
750
275
405
141
685
293
224
300
667
19
249
176
3
449
263
530
893
934
887
1
258
214
971
408
664
824
331
71
363
942
232
755
250
893
244
532
751
268
953
337
735
352
631
251
978
478
893
335
501
206
29
316
550
388
194
249
624
410
414
115
234
639
544
508
941
337
400
188
15
174
317
161
908
396
242
6
584
143
345
975
973
559
396
782
396
891
164
135
323
248
851
491
187
453
862
814
954
59
703
694
953
969
831
646
568
613
845
900
887
671
623
918
651
483
525
746
395
276
226
647
18
653
258
532
403
611
796
891
204
213
546
920
779
355
822
208
455
49
912
336
272
724
893
910
618
748
301
731
711
182
109
884
752
438
576
755
394
313
697
951
622
335
906
189
983
977
199
474
599
472
795
645
530
685
656
406
5
77
308
918
654
910
827
568
335
778
519
796
61
318
525
493
569
266
306
205
546
264
147
715
157
19
301
156
840
440
104
164
955
673
994
231
667
573
413
977
815
577
429
115
989
9
752
789
930
34
737
509
704
566
470
271
879
636
112
967
688
119
628
622
115
24
798
749
786
370
447
786
603
169
216
675
286
22
853
83
489
355
799
69
842
514
583
409
646
584
850
373
485
453
994
666
351
847
721
27
151
31
893
340
15
888
756
330
489
491
550
316
527
309
16
153
450
946
330
427
281
137
459
191
364
267
413
443
447
474
719
667
664
862
160
512
943
275
163
731
871
794
798
735
917
471
487
2
17
436
281
108
47
624
266
717
212
167
576
673
182
946
647
425
52
123
965
871
842
787
900
34
691
466
25
179
421
72
36
607
57
980
812
259
339
393
685
868
149
500
614
796
272
632
294
