19
502
273
408
296
9
230
841
64
123
555
204
168
890
748
462
428
837
586
4
49
205
69
933
57
221
866
534
68
772
983
320
589
52
267
179
492
750
505
758
270
60
35
903
244
43
4
444
8
797
57
321
873
941
99
889
365
351
402
802
998
931
114
760
158
193
77
726
530
636
68
780
944
462
396
412
30
186
186
373
352
990
277
51
94
412
840
65
524
179
720
778
411
451
328
880
124
924
146
674
145
358
598
592
664
951
626
288
162
237
677
487
280
470
659
954
151
237
684
785
231
532
287
317
317
193
669
963
562
573
137
745
786
685
327
873
456
376
351
999
873
456
831
750
99
726
837
999
268
935
24
546
298
626
327
931
396
222
827
319
833
46
293
837
536
537
702
699
930
975
292
647
417
812
229
276
510
411
413
862
632
429
597
258
621
202
401
147
374
163
521
678
91
224
480
138
824
105
802
23
151
266
583
761
988
984
802
779
552
467
199
125
664
69
182
725
471
703
916
630
245
457
680
144
854
485
750
53
157
191
527
409
158
885
308
169
397
186
220
915
152
374
997
624
841
311
424
485
167
250
691
301
434
626
641
438
117
232
110
855
574
137
275
130
991
458
827
430
203
847
725
833
747
453
918
47
383
30
27
724
432
692
41
45
901
325
290
806
535
24
243
117
912
551
508
154
255
520
543
533
449
918
243
448
799
459
101
98
379
877
998
273
698
883
545
803
501
29
514
652
534
295
943
558
349
444
772
450
305
83
163
876
547
475
402
988
90
359
833
935
817
454
136
630
721
863
473
512
546
579
716
137
336
69
369
405
696
3
766
672
799
143
642
217
788
992
101
217
911
979
266
645
912
938
968
634
147
353
134
166
190
749
575
854
406
440
908
366
217
905
304
299
874
822
789
203
665
996
200
598
343
226
920
387
922
231
542
515
84
1000
239
619
195
444
712
52
481
362
278
326
897
230
616
483
762
449
120
605
352
184
364
505
883
40
952
462
371
117
602
708
138
526
128
698
568
518
118
915
748
818
296
263
39
946
129
763
4
338
164
742
165
680
689
573
219
688
558
495
94
622
10
343
986
323
265
968
540
276
760
493
31
21
232
191
874
779
449
896
536
508
139
63
681
365
642
641
876
281
614
227
492
895
402
928
55
906
178
218
716
9
839
422
799
860
779
693
966
204
684
828
