626
898
948
771
922
443
860
343
544
857
732
636
560
659
366
734
809
671
826
685
802
220
787
630
512
952
971
814
514
842
418
916
252
785
447
842
506
393
242
734
413
877
507
763
189
595
510
255
918
742
686
982
604
256
657
560
21
232
474
358
402
566
570
843
932
463
152
895
655
174
441
413
528
78
118
369
739
370
638
697
708
715
602
903
959
472
584
111
898
844
867
802
829
176
996
505
616
138
659
722
821
414
668
405
689
113
318
15
407
14
272
391
846
697
947
313
942
652
424
59
970
308
282
345
454
80
372
597
270
839
843
439
384
885
653
112
416
292
567
666
273
196
43
829
926
383
455
614
348
992
920
805
518
363
930
71
987
638
127
162
371
805
863
98
424
35
643
441
952
414
779
90
624
515
5
26
322
246
358
997
925
5
121
448
282
274
418
914
407
330
931
310
796
418
991
568
550
716
820
685
882
833
313
91
942
610
837
66
724
291
745
301
898
781
118
960
829
186
832
643
864
727
41
276
206
820
372
524
681
331
266
108
361
495
104
511
402
384
681
567
197
884
303
942
244
783
775
532
473
387
97
636
124
779
686
543
133
178
840
875
462
418
591
91
491
957
802
416
143
726
83
617
643
362
605
751
638
700
867
470
269
878
966
253
724
164
253
355
585
706
113
175
245
248
384
384
26
151
929
311
650
304
999
857
600
300
217
606
277
825
525
178
261
649
345
421
662
362
967
957
301
487
303
867
416
979
330
592
769
108
65
820
961
866
714
861
867
109
222
551
879
437
604
395
977
504
681
847
262
359
456
21
555
599
462
162
961
693
131
23
244
278
303
337
25
86
599
843
407
235
53
132
216
469
359
848
876
211
211
474
521
467
975
238
240
939
254
644
649
349
790
413
86
363
312
740
934
643
520
998
313
405
883
396
385
960
189
240
159
791
668
428
822
603
472
590
20
633
266
813
670
496
711
748
866
265
566
166
839
694
150
387
136
780
359
382
378
894
569
44
115
523
994
179
169
423
146
482
752
116
235
11
539
234
232
692
483
955
131
639
839
865
974
321
646
354
228
681
441
496
120
185
704
358
52
818
965
18
129
169
211
720
42
788
48
157
810
320
966
426
632
744
924
683
76
69
924
542
77
440
520
107
80
344
790
245
663
496
286
110
500
421
485
429
863
40
748
851
391
264
43
303
102
241
375
490
679
521
250
227
461
526
210
17
806
604
771
419
550
331
646
459
101
827
811
856
803
622
430
446
782
499
364
266
178
234
729
141
452
1000
496
28
379
876
289
369
138
61
122
673
274
525
759
765
298
846
647
567
968
436
852
456
750
69
4
338
187
146
800
318
843
161
542
901
24
978
271
551
429
869
914
979
317
847
936
304
993
999
455
107
147
160
119
808
228
248
89
880
868
959
302
269
913
165
640
601
302
383
787
187
557
450
302
156
716
139
133
710
758
43
795
475
928
154
852
662
542
551
843
583
245
510
43
190
682
877
623
879
212
691
103
179
704
502
761
190
42
904
936
810
65
46
518
346
146
313
216
721
841
793
183
627
150
422
268
530
777
678
282
998
115
722
781
923
568
272
317
916
926
536
248
963
495
918
571
103
418
43
156
310
210
699
534
195
398
947
751
787
979
915
580
750
426
724
542
568
959
376
447
667
35
682
239
917
38
106
677
171
625
15
205
227
653
853
859
445
85
847
344
837
974
9
767
510
290
586
891
993
450
673
683
652
63
469
618
564
107
760
447
905
524
258
391
876
887
419
971
757
312
705
17
489
35
948
456
503
110
372
826
683
718
868
807
143
704
357
210
275
838
199
174
126
981
932
130
684
841
797
157
590
427
811
66
628
140
521
274
157
44
901
657
940
88
271
34
982
199
734
638
916
823
225
288
57
893
826
554
403
81
219
851
988
208
694
465
955
515
175
189
462
201
16
275
165
765
540
983
541
740
718
946
684
838
348
320
181
60
581
490
897
800
836
149
507
416
726
592
477
273
679
210
557
541
539
410
470
461
390
418
189
807
997
591
646
247
536
895
220
736
48
772
333
593
80
246
830
891
923
965
120
4
363
631
988
240
371
863
832
649
866
124
520
976
683
262
145
177
116
25
437
264
515
590
854
987
915
145
823
534
357
4
783
162
923
939
465
638
644
230
323
699
333
188
183
544
334
132
689
347
491
987
986
664
843
933
280
101
504
510
444
901
833
525
622
121
405
876
352
761
296
80
819
871
271
997
92
922
845
573
674
