659
630
261
398
234
117
17
473
871
340
593
972
309
430
546
854
660
96
896
425
609
345
40
228
190
910
599
527
544
625
390
897
623
85
225
848
609
955
439
422
916
434
712
946
237
143
631
250
229
715
583
673
870
828
771
175
636
818
761
496
994
345
573
701
532
919
543
996
797
322
755
256
39
273
936
429
562
939
155
368
646
546
965
171
187
46
685
884
156
577
971
663
352
68
59
544
377
528
30
443
388
969
384
971
222
926
468
6
926
504
834
619
458
114
782
172
870
343
886
730
62
978
581
934
722
955
53
559
424
97
435
277
672
279
410
348
958
63
367
824
309
96
463
852
428
295
907
639
980
945
59
905
515
196
498
54
213
478
313
562
937
238
837
898
748
135
734
534
725
25
848
145
262
587
969
404
336
234
694
244
108
830
2
71
959
737
412
408
944
291
333
195
468
571
606
400
195
828
185
919
661
695
19
524
79
543
571
335
471
157
422
131
789
571
399
680
588
59
77
396
337
83
914
376
198
24
681
245
602
87
151
786
712
599
32
494
27
853
670
324
373
268
474
404
283
554
971
313
968
931
431
112
741
217
518
193
502
835
440
309
659
51
277
441
490
608
887
433
182
169
283
478
538
154
108
919
671
280
62
879
596
231
799
491
379
936
116
88
101
255
861
373
442
560
242
756
647
892
813
686
462
202
464
256
662
731
550
627
979
171
760
440
738
55
764
390
493
264
477
817
56
683
419
545
981
710
119
729
436
817
874
301
25
137
982
773
994
126
497
575
882
959
861
343
534
664
109
252
351
751
185
124
683
411
347
722
225
161
878
180
731
995
526
681
118
303
634
680
415
626
18
497
724
867
25
507
360
252
77
899
928
190
861
28
115
116
246
982
108
669
681
634
497
658
292
498
553
492
251
201
605
437
340
10
681
769
950
181
167
100
966
125
535
437
308
963
498
498
70
32
531
230
944
293
300
907
278
325
669
624
127
267
22
649
94
883
876
27
222
902
840
46
246
169
179
505
330
157
727
596
371
747
681
322
191
674
8
994
243
43
