28
663
309
242
973
305
121
701
860
272
172
59
700
98
943
754
796
334
58
860
351
4
317
943
762
59
97
586
631
487
797
656
246
205
63
254
93
124
256
57
474
219
418
651
797
628
826
842
49
701
219
213
32
947
807
381
671
334
384
443
441
757
748
624
312
84
646
795
831
548
761
960
394
440
255
118
672
853
905
149
397
415
17
835
622
805
114
15
268
676
287
630
973
460
928
193
882
292
529
131
412
785
244
16
637
442
188
342
195
260
871
277
136
271
34
684
484
299
232
967
396
234
119
614
167
821
383
195
864
792
103
159
735
957
53
340
756
660
310
98
242
682
150
41
362
627
19
855
88
858
800
804
58
616
923
260
234
253
744
234
467
165
851
92
209
268
291
967
552
381
359
295
452
474
42
976
12
36
60
784
669
745
86
699
709
910
745
266
199
120
162
496
660
68
863
903
609
804
494
44
834
80
723
852
9
368
581
638
800
189
592
5
742
276
383
341
16
480
589
781
148
55
998
121
111
846
387
905
15
406
179
350
150
129
315
984
508
15
35
296
71
634
662
961
396
374
225
238
541
723
559
444
753
614
975
93
82
436
852
732
439
933
718
852
639
676
996
63
95
670
123
904
433
174
680
308
460
824
812
82
127
213
1000
536
678
268
464
211
210
405
299
570
585
716
299
893
671
784
203
915
767
487
994
437
599
123
972
235
231
916
773
516
721
516
566
521
203
803
914
208
246
830
354
883
919
496
930
416
425
44
691
117
328
160
891
560
437
800
186
876
405
151
380
26
704
367
417
184
460
282
704
125
583
551
892
350
988
552
313
921
305
552
699
706
933
367
830
195
162
873
106
192
477
458
987
910
933
176
481
194
127
213
408
227
252
188
153
700
539
108
650
412
905
95
339
241
728
964
726
872
349
401
575
933
184
744
832
708
234
126
310
458
5
307
357
782
96
88
407
855
336
823
801
433
959
792
280
345
763
442
566
75
861
986
321
798
396
269
262
163
496
337
890
799
849
751
777
529
306
27
827
901
885
944
374
858
720
224
934
479
160
322
500
820
318
767
139
936
501
382
