535
865
803
819
978
386
163
639
876
692
562
919
335
742
475
49
746
20
32
101
306
936
41
414
741
471
540
512
111
602
534
775
371
293
79
998
444
938
385
565
652
499
804
568
142
618
111
41
1
582
722
477
495
156
923
368
824
803
316
335
818
631
139
941
297
934
631
782
251
61
580
218
729
702
845
173
141
521
791
859
748
799
376
794
705
266
55
680
119
507
81
584
617
487
298
797
797
558
405
246
836
150
428
382
356
665
910
918
812
117
984
222
295
961
37
782
598
662
93
778
775
779
648
469
655
580
778
330
969
210
379
848
5
616
469
895
151
392
197
644
958
466
269
649
750
1000
218
768
281
129
717
415
407
404
731
76
774
750
810
203
443
335
609
415
19
352
628
618
32
970
235
228
884
183
736
512
97
821
298
254
915
178
323
715
399
229
257
797
889
374
776
419
831
588
326
300
594
953
660
672
972
359
626
217
723
670
676
441
561
860
868
775
877
588
315
930
765
385
964
375
299
382
616
217
231
398
313
482
233
949
771
567
225
778
784
51
924
447
59
348
497
197
455
224
976
88
739
547
598
848
348
989
312
804
866
30
666
47
157
494
234
562
672
961
13
506
432
642
81
667
247
246
478
736
71
841
799
457
880
915
952
28
544
813
476
3
733
447
216
915
758
138
314
600
403
764
491
619
991
299
492
844
408
424
104
931
884
213
948
653
864
495
151
232
88
317
310
314
516
289
709
956
255
998
528
158
452
483
849
478
489
598
666
948
799
957
231
830
755
623
149
711
424
442
148
756
665
767
441
352
409
411
328
595
278
460
52
734
999
392
587
296
320
742
970
933
598
434
96
448
862
640
520
610
32
865
969
28
148
324
185
619
958
733
476
834
525
585
606
197
977
462
946
617
315
719
11
777
337
159
846
183
486
972
35
246
713
121
976
100
266
974
535
224
962
903
370
680
541
132
592
491
995
571
996
34
526
927
235
185
515
985
813
282
255
589
865
515
436
332
108
278
724
719
189
399
736
646
957
937
708
229
749
283
221
893
301
815
542
959
379
690
495
901
332
850
291
187
106
754
300
937
425
362
872
688
433
669
34
210
330
336
788
361
56
508
272
412
833
538
69
315
841
250
885
8
723
125
79
454
923
658
538
382
946
599
861
523
774
936
983
477
112
585
329
94
859
960
778
42
868
695
64
341
665
400
577
147
725
792
8
6
599
168
467
440
408
807
970
455
383
360
968
860
127
215
742
962
264
552
834
137
506
992
827
375
406
735
458
658
530
863
403
180
518
902
327
847
108
321
642
561
22
729
490
987
641
928
762
928
924
868
949
509
483
827
775
786
7
719
85
231
170
736
427
409
434
469
831
610
88
619
505
751
440
847
928
613
780
301
639
525
529
169
596
91
964
478
231
667
750
582
297
742
252
689
589
160
299
608
855
500
83
247
979
46
224
142
31
557
670
204
234
913
283
921
873
450
336
330
719
517
30
569
130
566
594
256
361
360
964
28
169
290
931
260
887
107
691
63
384
62
711
679
187
133
192
217
19
928
763
133
149
487
958
715
107
886
67
379
734
518
438
64
257
54
345
440
30
820
281
973
826
514
880
471
372
456
330
74
531
415
273
704
691
810
682
242
635
319
330
290
418
590
145
266
400
857
15
209
267
571
305
645
470
320
457
964
182
67
672
74
672
538
467
570
938
803
87
988
357
960
763
113
356
29
697
690
633
104
523
642
306
649
413
229
414
971
696
543
771
550
697
453
22
7
953
104
10
275
906
750
963
431
333
80
542
293
940
122
207
62
601
494
620
811
818
44
505
973
205
437
477
390
852
546
906
293
461
890
552
234
12
451
149
269
120
432
562
488
348
828
935
573
666
44
628
770
115
924
496
911
491
355
892
95
443
865
473
77
766
361
484
659
896
922
358
19
537
403
248
530
387
264
883
969
430
559
363
635
273
680
358
171
722
504
302
685
349
896
253
567
179
915
295
24
485
159
153
118
971
235
187
723
117
570
358
390
703
693
400
835
962
651
116
808
641
22
668
743
175
829
158
554
670
503
742
740
162
837
633
37
698
31
480
724
993
160
938
710
