888
520
461
446
704
623
434
182
702
101
993
583
721
76
546
402
908
300
744
860
462
409
756
661
685
81
388
773
465
76
48
569
618
417
179
566
416
171
532
486
79
169
835
105
907
876
324
365
992
523
279
471
115
486
859
848
550
152
610
705
539
76
30
779
929
654
589
302
688
154
751
559
879
743
883
867
577
493
21
487
781
754
249
764
794
673
46
375
42
207
483
301
66
436
397
968
339
165
54
591
448
613
826
796
190
772
453
396
882
151
518
806
263
841
126
459
99
201
156
101
715
376
531
572
490
622
634
228
342
859
481
214
20
811
938
805
880
944
205
973
44
375
875
872
822
753
647
992
569
621
456
11
714
20
551
271
474
130
381
321
507
177
568
96
310
417
1000
486
973
166
883
780
520
756
438
674
776
132
782
741
162
850
932
959
709
285
207
606
1000
566
976
481
143
529
906
320
298
951
780
162
50
380
918
245
597
568
769
881
605
187
323
588
349
703
476
581
449
291
522
641
916
212
354
751
840
180
667
110
500
292
676
318
914
720
657
680
96
465
550
956
285
538
340
533
219
746
653
897
205
730
575
558
147
474
685
909
904
84
485
564
720
205
341
418
790
29
810
630
811
278
59
263
76
440
948
978
22
268
419
269
692
326
725
562
231
322
386
478
700
82
935
334
142
150
198
884
918
580
833
731
278
530
370
95
946
997
227
419
695
970
866
994
954
675
360
180
866
940
708
514
419
495
315
928
675
848
119
882
85
763
298
697
197
988
857
83
356
828
53
495
633
904
126
636
713
939
869
294
446
805
926
195
157
684
398
471
984
34
273
177
743
257
167
165
616
416
144
880
740
97
564
711
48
756
708
776
644
59
606
707
845
314
154
780
508
879
889
217
80
298
428
22
693
89
520
704
352
679
911
655
696
316
528
865
440
912
472
605
692
238
334
551
422
168
155
915
298
498
703
691
339
242
835
754
524
965
573
71
957
383
94
577
543
288
218
784
977
390
622
887
746
812
890
600
704
528
179
362
886
611
958
754
516
525
915
705
901
921
367
173
61
649
47
477
324
258
455
934
964
614
749
595
196
71
759
151
562
469
608
739
827
931
314
883
415
322
957
301
130
820
975
602
804
271
559
665
575
916
340
859
111
565
400
753
402
912
786
516
780
798
727
20
504
105
738
751
147
644
154
408
720
184
693
823
521
218
72
784
147
712
264
9
697
993
654
482
453
996
816
297
242
20
85
297
767
533
605
554
263
988
811
999
528
200
133
625
960
526
708
973
383
456
13
575
865
59
108
63
359
53
628
751
396
456
546
833
689
262
898
259
