925
390
404
55
597
139
157
104
707
966
868
361
748
537
893
27
978
287
99
123
59
473
572
296
443
288
337
671
344
197
520
574
984
635
341
829
285
389
83
214
571
617
701
594
325
156
579
505
480
17
221
642
521
141
595
638
723
438
786
101
367
855
259
927
35
67
238
612
357
861
624
986
365
99
109
200
497
410
213
952
959
691
635
215
669
332
530
658
641
487
343
191
566
272
452
605
387
40
113
164
446
83
581
915
192
855
180
185
177
995
732
71
848
129
371
519
4
930
581
116
734
789
882
147
734
533
956
191
63
966
608
742
289
51
864
434
261
662
440
253
512
326
193
697
236
789
116
795
675
866
527
850
418
61
229
994
357
593
991
659
943
941
319
369
323
696
791
854
863
192
624
876
670
194
569
753
209
621
865
581
861
85
969
309
464
383
938
174
553
786
187
413
836
41
151
582
998
962
962
792
877
996
708
108
596
935
157
33
262
26
575
936
546
861
215
341
469
764
288
894
916
720
101
958
623
155
73
260
619
904
956
986
667
100
733
953
883
156
924
915
711
900
426
202
101
131
606
188
368
558
39
230
703
164
750
754
756
672
181
386
31
584
677
595
274
879
95
89
653
465
30
38
139
236
776
736
363
274
396
83
776
999
395
119
713
901
845
12
109
669
925
772
824
152
209
418
11
122
268
127
261
329
47
717
739
278
627
782
527
475
312
145
950
664
890
756
27
901
409
86
653
853
465
672
387
844
147
617
405
757
492
136
832
323
72
155
822
298
33
911
804
187
10
799
933
305
966
235
70
487
321
620
660
478
19
295
497
104
964
20
541
510
994
450
372
458
84
736
582
377
921
539
530
311
28
578
789
582
473
841
459
642
67
977
978
85
264
590
870
511
684
613
236
916
138
242
619
126
727
42
167
149
901
362
726
955
1
544
590
928
436
719
932
453
388
218
333
819
752
820
819
277
227
887
715
159
164
992
558
553
218
384
780
803
792
488
515
445
965
161
829
229
107
187
182
968
730
254
683
903
879
886
53
193
725
608
402
22
412
814
355
665
996
796
665
497
363
667
331
172
528
956
625
43
523
635
903
664
406
384
602
798
946
20
765
156
418
312
594
489
342
729
424
251
432
490
279
997
611
588
41
768
536
992
18
762
47
555
996
357
416
552
954
685
253
623
413
279
176
528
970
991
446
77
961
690
726
36
322
369
97
880
401
878
46
938
571
950
944
685
374
903
41
241
563
108
985
329
740
131
568
557
265
748
73
380
671
508
415
253
292
289
472
191
976
354
288
944
284
239
364
195
191
68
65
262
233
949
364
313
751
350
863
104
828
404
535
87
596
639
26
267
143
135
527
124
247
290
424
73
239
501
498
536
528
462
120
553
618
843
952
978
953
845
89
636
260
62
524
651
516
908
505
907
423
350
736
738
388
119
935
410
623
773
194
321
232
919
154
852
236
477
639
785
476
838
626
900
414
237
399
677
90
809
349
342
996
805
537
191
