701
885
142
648
207
157
386
306
849
378
761
879
539
440
864
995
253
68
741
323
800
86
900
685
102
214
737
942
566
375
159
184
363
385
821
741
978
348
869
135
89
284
664
997
630
425
389
972
546
185
633
745
72
237
508
983
930
72
32
809
192
889
442
806
346
879
663
931
596
598
50
891
639
217
566
421
418
919
130
317
662
498
987
294
566
719
11
587
744
458
331
571
267
250
741
283
597
620
294
81
763
228
473
410
488
533
223
183
226
946
812
603
39
359
61
780
784
260
154
131
390
740
643
835
78
577
992
383
372
345
942
855
618
867
635
633
880
513
799
685
182
69
842
251
260
139
261
66
730
710
187
146
833
890
695
296
112
608
780
111
912
811
654
666
750
428
680
951
709
409
934
781
205
91
469
607
160
963
338
460
23
612
159
325
781
709
581
821
426
248
669
474
251
20
264
291
499
378
775
136
96
394
474
631
669
541
568
115
584
728
586
421
894
858
393
970
258
796
154
970
277
562
521
713
91
936
765
899
768
46
400
323
69
312
70
108
350
699
556
959
905
254
387
365
78
626
877
33
806
360
710
28
101
775
805
213
361
986
481
302
970
48
215
949
940
884
730
876
697
220
557
767
612
50
523
71
809
599
659
962
790
61
144
699
598
108
816
439
435
412
534
663
522
713
872
348
599
357
398
199
994
796
366
376
863
404
624
305
896
317
454
343
106
131
364
418
507
171
891
855
840
465
416
348
581
294
538
664
188
692
987
23
746
762
114
719
134
964
89
366
15
182
799
601
202
795
742
379
113
681
878
872
379
214
150
957
636
881
229
949
595
709
520
905
295
974
475
116
775
882
84
805
151
300
22
3
866
997
499
905
149
744
874
217
270
762
303
402
62
539
257
870
921
157
400
272
869
16
870
509
352
338
414
180
390
582
38
820
215
639
377
714
631
23
653
264
348
551
249
902
717
474
570
211
483
210
46
806
151
736
412
62
535
201
779
456
622
683
711
179
986
686
189
383
314
790
291
496
825
992
587
957
863
361
902
269
180
453
153
288
348
745
657
7
846
152
685
228
778
381
410
899
808
598
863
400
457
923
555
597
640
828
215
744
163
349
534
209
606
610
755
999
843
673
235
929
34
504
450
710
495
758
883
559
749
144
178
126
69
570
994
100
382
556
315
707
445
766
790
6
693
257
509
908
102
674
500
865
562
78
606
588
474
577
435
994
249
658
820
734
596
456
22
151
31
108
215
458
431
820
405
956
975
270
331
658
970
146
430
323
282
749
996
858
664
117
470
209
28
63
584
483
29
861
587
625
715
255
423
341
794
244
84
693
653
924
876
384
149
734
290
704
996
708
264
168
893
568
803
825
743
145
561
332
470
796
356
471
347
594
174
127
266
502
775
378
985
141
181
955
395
242
660
610
180
119
138
45
387
192
947
464
264
329
199
992
500
531
804
888
133
421
483
297
512
706
621
970
173
438
282
161
846
319
624
983
461
212
37
719
61
368
381
712
293
30
638
42
337
108
482
356
172
726
375
592
110
858
271
694
1
892
733
699
81
41
639
133
663
271
611
397
502
606
966
90
385
50
731
909
968
205
993
869
634
649
178
267
113
932
918
998
163
902
26
327
51
184
673
935
825
507
290
295
488
459
627
966
296
762
295
444
100
926
657
602
442
723
660
871
155
479
751
680
963
902
40
369
878
361
412
855
384
279
157
265
1000
409
617
368
389
688
377
765
670
80
69
504
23
161
507
284
124
435
514
13
872
842
437
664
221
477
384
169
679
970
445
355
495
376
839
676
352
866
936
18
443
250
60
234
623
284
718
495
275
9
362
613
204
884
334
259
880
383
136
7
196
200
132
937
126
660
342
16
901
45
745
551
891
893
199
894
469
554
433
667
479
403
876
672
984
196
871
247
298
474
992
183
820
510
825
942
932
519
859
565
772
677
311
857
633
489
867
884
70
754
477
109
28
39
929
393
942
8
287
296
397
168
424
918
395
386
27
647
832
448
213
448
720
905
400
581
579
93
495
958
423
92
849
151
68
782
969
134
829
432
456
18
437
105
911
521
711
498
420
225
311
241
678
361
81
597
483
3
459
397
355
989
853
26
342
635
180
98
754
579
42
663
306
963
785
615
71
172
642
442
963
145
29
672
