592
801
19
454
895
700
709
978
136
621
415
728
921
987
193
362
752
739
169
825
813
226
378
65
586
475
679
837
867
511
252
658
194
702
329
96
322
535
741
353
815
364
532
737
869
755
931
475
767
584
295
101
926
764
979
59
336
651
842
990
406
375
875
56
543
517
243
199
261
513
66
743
961
86
355
351
434
275
219
490
603
847
588
218
876
819
139
446
673
457
308
347
357
516
866
716
506
523
672
859
102
755
697
378
227
58
227
530
982
569
434
858
573
907
234
946
447
614
428
868
634
986
277
734
353
899
446
472
148
547
814
433
487
420
882
312
684
574
211
35
554
197
506
622
767
47
102
758
319
799
405
521
664
15
94
220
22
784
883
204
552
798
494
363
434
826
842
983
458
869
580
951
499
867
743
703
252
931
176
755
810
147
560
336
587
793
355
202
342
981
364
913
541
160
776
291
689
925
816
874
956
61
395
887
773
88
193
839
122
985
72
164
36
594
238
893
981
970
924
142
809
131
841
569
522
241
631
318
829
633
87
726
577
647
241
62
20
425
455
117
813
496
330
454
7
303
281
464
547
277
959
1000
31
632
505
921
92
336
803
846
733
708
733
227
575
989
413
780
540
546
154
208
228
884
457
865
123
643
390
43
760
743
890
462
973
555
863
553
129
3
643
321
936
3
794
959
304
486
460
136
401
788
902
737
331
261
227
440
758
556
189
725
762
978
16
883
325
921
190
974
309
955
677
511
504
942
232
802
704
664
437
784
165
345
589
646
400
847
572
803
365
935
829
894
83
667
467
71
656
237
384
99
184
14
335
890
222
217
724
351
411
932
344
789
971
449
982
246
953
442
658
612
208
61
629
302
738
317
145
528
711
31
594
977
715
184
177
457
715
37
896
151
296
862
421
814
370
449
518
302
219
56
140
947
30
776
507
753
120
126
413
942
779
666
993
863
549
465
776
112
809
913
780
947
507
977
957
932
462
966
792
759
837
347
679
453
318
734
296
766
315
311
690
875
669
321
400
859
372
902
656
170
36
202
865
701
457
841
334
932
78
130
356
922
423
188
347
308
50
503
885
400
227
161
178
722
812
52
787
413
701
137
273
853
504
641
388
433
857
120
762
840
617
942
335
833
498
628
494
125
967
724
752
527
19
737
484
21
581
301
648
333
857
515
273
192
687
634
830
89
263
577
614
207
703
224
143
181
88
66
779
815
294
559
194
52
674
990
796
765
891
294
290
448
919
731
853
714
190
744
