524
720
357
393
177
294
855
266
467
507
507
170
970
313
414
101
126
172
153
983
318
477
36
518
611
86
527
877
409
650
135
645
953
979
692
959
115
894
280
760
958
278
754
334
824
540
851
921
75
773
416
721
974
901
458
860
354
644
858
18
424
528
822
497
896
948
250
172
366
852
913
566
646
142
386
818
242
285
720
217
72
433
860
647
356
999
768
440
247
683
112
811
522
47
986
964
148
694
743
625
427
132
217
127
146
606
324
676
529
612
890
871
699
838
814
409
404
671
581
476
870
998
626
207
347
74
623
254
120
817
985
654
836
467
592
476
898
22
984
552
678
876
647
911
726
513
906
612
162
173
173
50
338
757
410
423
50
663
738
621
752
904
933
426
711
497
285
745
457
611
119
865
490
200
959
747
102
444
162
603
724
937
801
920
910
373
427
129
124
157
282
31
146
708
856
213
912
829
933
545
714
262
438
211
76
787
269
983
220
891
832
781
169
707
618
513
210
123
688
685
507
257
785
806
381
526
244
480
354
79
225
920
153
231
216
4
281
618
422
433
200
362
284
646
951
853
614
538
106
653
946
678
995
575
913
249
793
182
736
796
488
6
58
705
787
285
506
539
229
205
852
220
521
609
314
610
895
305
792
274
560
120
694
552
839
91
447
106
683
87
863
215
954
279
80
820
548
39
822
399
277
571
49
440
812
251
532
999
659
758
792
796
597
888
477
472
358
839
405
318
613
515
960
471
921
265
462
913
972
698
1
201
353
127
224
339
48
480
371
257
402
109
985
19
645
864
935
237
542
509
629
2
45
589
664
602
604
482
636
591
439
868
456
56
618
890
411
667
539
320
239
351
480
863
324
304
307
388
56
481
226
950
42
816
651
862
45
364
927
342
499
558
960
983
422
421
238
512
399
767
222
375
773
397
439
806
766
702
902
401
113
505
214
530
851
644
697
268
654
699
976
31
145
352
184
186
374
820
576
688
386
82
596
732
267
360
861
620
504
438
715
152
896
256
259
413
842
481
144
408
290
258
169
16
454
789
948
861
512
618
917
571
816
627
431
348
58
869
696
225
343
568
419
269
936
489
623
914
122
663
982
466
442
658
752
534
262
780
509
649
367
187
391
674
233
238
666
944
514
879
529
782
806
829
675
146
828
257
692
483
781
320
334
740
169
260
676
432
801
742
137
148
739
451
872
902
35
98
925
965
77
543
213
837
752
681
633
731
885
650
994
440
475
208
668
900
127
975
910
576
781
316
946
49
849
79
785
213
524
568
444
532
297
673
416
139
177
741
21
716
632
17
746
566
227
539
182
155
385
695
271
317
283
302
519
949
92
435
886
931
5
407
215
907
603
870
946
776
886
722
169
528
230
90
518
51
540
856
163
579
867
348
290
941
302
636
551
928
342
74
732
539
530
851
997
779
40
602
433
530
460
6
725
929
77
187
747
215
756
130
226
531
644
494
433
711
516
278
598
188
351
275
175
965
911
131
354
93
520
615
666
787
996
886
588
523
851
23
142
303
539
883
2
785
535
725
437
659
240
636
98
783
779
450
457
27
184
274
810
943
719
1000
622
993
373
823
6
249
208
188
13
911
193
142
926
5
35
961
972
649
81
649
85
76
244
288
62
334
600
150
773
810
303
47
468
650
935
612
849
786
569
817
516
688
147
404
940
512
815
627
