74
731
607
75
328
627
265
969
486
464
86
959
672
605
50
24
491
262
470
831
760
234
121
233
593
669
782
265
75
807
432
124
437
611
688
20
876
527
860
906
502
714
433
165
432
100
582
6
515
460
146
118
914
458
605
107
973
681
152
671
838
594
127
473
937
383
133
212
790
868
3
585
602
502
865
773
842
725
543
54
171
477
671
677
358
724
509
785
141
771
415
497
190
575
432
516
774
910
664
596
141
334
194
15
4
597
647
830
703
140
194
686
34
933
575
23
793
553
931
315
202
77
199
387
569
98
299
479
428
845
160
773
908
468
670
617
694
933
266
926
966
305
466
466
566
632
751
999
230
527
482
245
275
293
994
367
243
862
111
359
407
147
626
163
984
431
799
58
199
699
809
275
124
684
10
8
131
178
595
249
721
215
49
199
934
596
682
685
30
28
175
673
236
40
557
684
357
637
61
721
449
623
732
781
499
992
962
764
48
523
972
681
374
634
110
161
298
962
878
455
50
368
274
984
894
327
657
88
412
743
711
271
633
990
490
592
717
244
473
471
268
828
623
892
806
421
793
762
739
154
74
654
48
566
379
731
390
53
116
365
948
785
769
3
592
642
549
752
547
800
633
567
526
303
281
804
844
713
546
994
218
837
107
187
507
144
457
855
838
122
11
987
866
527
626
171
800
236
552
528
878
738
294
603
218
213
245
226
128
860
52
270
694
84
11
281
416
167
207
896
172
704
798
3
966
863
749
833
636
246
535
506
752
707
325
848
348
139
410
334
505
699
497
548
319
778
40
615
514
835
337
392
360
922
537
556
430
772
150
18
193
4
668
143
695
725
149
111
151
279
249
593
935
951
917
988
195
725
297
38
558
157
509
289
956
990
287
778
19
333
155
484
431
611
10
312
531
85
575
959
451
157
660
708
552
901
221
586
21
311
655
435
653
835
369
35
88
112
655
89
636
980
892
366
348
253
102
553
109
568
758
179
97
814
164
157
18
459
977
983
105
845
996
594
397
177
71
470
644
648
827
507
154
42
132
638
842
827
949
674
559
942
502
528
852
221
959
940
785
88
930
529
906
243
510
641
16
334
982
900
911
382
273
600
11
838
70
247
765
506
406
381
705
443
318
440
220
206
794
665
79
329
501
657
483
744
644
887
83
241
879
755
138
123
65
968
775
569
107
463
26
417
274
480
565
869
937
745
612
220
174
731
673
521
273
554
931
170
165
773
330
991
903
787
480
587
58
70
101
201
111
825
937
818
822
728
657
151
873
285
518
19
965
20
877
858
69
238
853
989
