890
562
506
1000
580
183
649
539
86
619
412
473
197
541
309
939
359
666
175
169
530
191
836
481
941
399
940
503
1
502
228
405
593
611
542
982
492
167
765
4
212
966
860
707
146
294
707
360
607
809
990
786
273
279
281
825
720
635
687
671
401
371
256
472
216
822
765
689
156
4
26
59
855
755
912
911
820
796
980
702
62
384
429
452
712
717
971
132
448
111
9
108
238
520
131
599
496
651
622
394
729
984
409
259
807
197
403
44
629
291
286
654
176
780
753
121
339
226
138
71
292
756
835
106
135
185
930
560
803
227
703
870
910
575
906
407
205
76
974
110
783
142
77
13
516
754
70
579
775
548
105
553
732
279
130
876
335
146
889
412
633
118
385
549
747
468
626
846
229
301
421
576
928
468
657
379
120
855
525
118
802
444
249
964
603
75
901
746
38
337
26
885
319
805
344
843
427
642
482
72
356
74
162
802
790
101
233
461
345
750
215
846
168
34
764
651
504
178
466
451
161
634
247
723
76
369
555
14
345
619
425
60
415
444
620
253
195
868
567
581
295
891
713
311
977
353
182
676
715
691
286
466
749
229
993
306
83
101
847
210
985
913
262
728
578
980
614
560
132
726
328
665
657
927
725
640
137
511
808
541
304
618
131
856
183
240
460
505
904
512
962
12
449
163
651
608
564
306
619
34
252
420
984
58
241
145
743
215
130
165
917
852
16
681
427
860
413
914
284
794
612
746
282
692
129
714
277
711
441
735
371
123
291
813
845
248
865
1000
763
110
584
480
877
50
822
84
450
236
510
76
54
390
948
40
70
476
699
489
957
435
459
955
191
341
173
701
948
223
768
411
956
241
218
535
691
874
360
307
967
443
704
831
502
596
454
211
183
548
39
772
719
809
344
937
202
428
563
923
810
801
488
754
564
428
333
69
904
349
11
236
212
33
909
719
238
952
692
545
609
844
117
547
50
584
320
993
757
875
790
334
662
852
678
127
999
648
243
388
497
84
622
671
968
512
450
694
841
450
887
320
689
395
665
843
26
198
678
703
839
366
648
303
67
276
889
530
175
747
299
770
626
999
949
45
511
891
848
158
733
571
687
841
72
914
915
733
699
264
959
287
175
849
173
517
434
248
749
666
644
549
487
909
896
152
12
889
557
695
664
973
58
253
341
466
343
287
727
698
481
697
923
560
757
837
622
274
319
248
502
451
22
932
703
616
937
792
153
351
924
624
505
321
177
318
789
521
842
780
617
89
820
649
276
338
477
928
787
472
969
183
973
816
123
961
515
279
776
674
460
755
378
934
758
572
679
266
210
891
868
224
197
597
20
779
42
419
279
752
274
99
311
871
885
232
842
823
519
305
420
954
103
216
587
536
433
978
390
434
534
464
50
901
334
766
301
148
967
769
276
611
940
971
945
243
758
930
497
743
66
100
725
472
605
602
305
116
192
726
951
878
818
421
721
777
125
336
448
97
441
773
232
209
365
347
241
83
803
890
363
743
40
658
265
153
108
407
6
1000
581
847
960
636
526
177
711
784
226
364
336
562
265
234
445
743
66
653
725
61
129
614
256
752
319
309
556
773
434
698
805
17
589
365
239
850
999
110
208
104
514
10
654
647
59
166
985
451
466
621
273
582
349
469
475
199
482
111
470
558
612
76
660
411
871
339
128
133
12
754
158
674
46
13
684
684
453
982
336
848
641
774
915
534
234
37
785
463
515
202
438
359
193
716
721
173
89
45
658
501
345
266
968
198
500
109
913
639
381
595
598
374
183
662
330
844
475
733
733
949
827
890
611
356
559
790
502
84
831
636
334
446
937
787
876
145
932
4
429
834
438
380
454
783
82
178
611
75
152
410
392
932
925
525
790
389
270
256
781
708
12
655
80
293
626
556
564
166
402
174
327
556
305
486
479
424
647
10
995
248
318
224
275
289
675
334
729
35
9
349
702
934
348
776
915
956
566
136
385
553
526
802
728
733
580
444
404
979
681
948
154
695
624
474
55
149
97
20
175
719
902
130
405
659
895
906
545
879
296
933
583
966
826
534
338
112
734
691
399
214
491
67
163
162
22
250
924
938
296
374
381
809
354
622
769
445
284
725
951
176
468
784
571
493
709
947
873
814
625
627
358
191
118
612
94
732
449
333
590
984
871
846
