74
226
136
110
705
572
794
919
568
237
98
858
770
576
869
641
593
781
2
217
342
867
665
899
745
677
798
714
181
389
921
923
496
84
628
227
127
485
257
916
186
387
203
573
23
840
715
813
829
364
261
610
244
498
159
494
311
662
71
886
329
301
533
498
18
311
831
946
395
792
663
96
566
871
530
1000
1
311
144
673
667
348
121
484
782
820
341
547
842
115
558
245
955
70
512
949
118
486
676
724
436
435
241
756
943
188
811
327
282
972
745
102
813
631
250
149
283
206
868
796
381
448
869
611
75
993
756
400
327
485
293
533
677
558
579
378
106
295
404
212
517
215
291
981
713
252
749
576
710
41
990
560
361
859
870
682
513
919
345
502
232
920
957
506
226
775
852
831
833
24
867
175
417
213
310
631
803
233
617
535
527
341
178
923
835
363
672
272
898
974
288
820
128
84
127
95
536
619
945
685
636
334
591
974
375
264
438
131
48
427
586
821
962
531
928
593
316
212
273
577
771
623
487
613
843
858
576
257
322
400
389
43
778
655
80
553
744
679
945
904
917
616
45
667
535
615
226
22
881
555
474
422
783
807
717
915
233
552
564
700
720
866
113
667
678
94
12
135
551
139
255
355
613
7
283
99
213
598
341
434
441
869
203
765
895
88
597
561
783
862
784
231
506
803
207
990
715
573
309
482
264
937
791
23
831
379
861
372
571
754
73
106
199
938
427
357
710
223
398
898
780
613
306
984
844
128
565
542
695
28
372
691
416
586
445
784
55
218
910
514
282
478
664
972
45
555
491
707
323
158
347
783
700
829
577
329
793
216
9
753
89
904
140
101
216
854
533
475
784
987
714
99
336
127
984
365
493
969
160
605
900
119
946
242
331
995
441
452
100
332
37
36
245
633
719
389
970
11
174
212
841
267
846
886
89
899
997
198
652
609
619
401
694
944
99
920
736
287
643
357
610
147
296
549
721
297
608
225
868
894
933
353
361
343
829
3
20
180
65
401
455
863
1
190
948
428
379
674
975
793
214
812
182
70
375
499
597
64
236
972
359
804
314
709
552
378
962
76
927
941
805
534
108
298
96
576
571
497
973
345
301
970
369
716
402
697
826
269
435
980
573
704
16
278
461
187
406
994
3
272
607
346
300
940
431
633
150
990
157
243
683
130
8
252
965
185
139
680
728
240
916
797
298
154
615
296
269
783
842
982
553
629
94
239
562
232
897
597
390
860
832
289
489
522
967
534
291
829
881
295
526
696
111
886
209
461
574
948
573
898
367
963
890
864
777
114
527
897
308
260
335
64
680
23
214
537
809
625
349
548
283
354
37
488
202
368
596
381
35
738
234
897
403
376
465
136
448
334
621
398
668
90
827
454
766
226
341
507
398
996
50
191
502
219
31
605
610
515
280
25
8
978
236
616
280
192
646
248
740
933
627
969
208
970
30
522
228
719
585
652
504
958
562
673
831
922
704
139
337
940
255
237
794
715
630
491
447
83
672
173
986
179
807
577
325
374
269
695
521
370
877
958
448
480
756
645
208
712
463
688
107
15
990
298
408
953
87
251
971
361
348
435
549
357
282
635
595
225
167
496
168
507
739
815
955
393
580
840
870
296
822
931
285
42
516
146
295
913
201
79
336
131
326
296
775
840
868
758
210
907
532
693
727
334
701
849
761
451
716
54
336
146
913
623
971
972
71
518
166
730
586
235
133
89
524
104
61
695
587
975
406
454
863
69
678
369
137
222
850
737
241
947
171
525
77
69
250
2
426
504
930
523
889
721
865
658
399
650
927
240
