46
451
406
711
948
217
76
192
837
766
398
468
887
151
120
638
785
965
893
716
137
162
775
299
224
796
659
206
90
664
214
35
197
39
637
654
387
331
414
878
179
227
985
8
46
773
544
32
271
500
304
13
885
228
986
285
767
18
35
603
105
820
363
405
474
998
307
448
494
169
262
581
264
280
773
684
870
345
851
290
807
19
606
27
106
762
967
327
516
82
69
901
787
580
256
722
457
571
302
233
352
754
946
511
687
947
41
781
701
183
541
51
89
312
190
182
578
371
628
816
81
214
530
416
889
143
165
566
829
984
44
949
338
156
296
863
19
825
12
834
759
893
91
310
899
175
419
27
864
918
48
760
559
355
827
726
617
586
444
69
758
577
529
727
323
751
764
581
558
45
854
294
717
43
366
340
429
734
911
913
170
549
66
980
89
690
32
235
730
696
617
973
521
172
425
15
376
733
462
965
650
174
520
926
171
144
473
622
852
659
60
288
562
32
124
4
420
599
718
866
919
494
692
346
367
881
673
538
497
974
297
569
715
570
867
37
69
970
152
495
650
134
41
423
246
590
998
394
56
821
409
270
259
952
602
87
140
106
60
274
566
38
334
2
3
167
908
587
24
580
389
270
370
394
499
617
992
705
849
360
384
603
424
607
196
797
87
352
350
77
477
646
43
139
653
841
88
597
733
963
613
224
352
914
519
498
904
336
713
300
746
90
147
429
921
289
529
127
723
718
705
655
728
1000
506
690
754
302
548
43
233
744
53
49
419
437
299
466
852
790
413
754
721
40
115
580
521
709
242
307
36
12
673
330
389
657
600
330
78
567
328
750
342
30
836
485
419
222
656
776
242
629
690
731
856
646
927
506
775
540
780
758
877
178
390
44
250
613
218
343
613
400
538
224
841
413
637
944
346
515
213
598
461
273
573
925
51
580
286
667
627
629
78
949
925
368
259
531
244
327
472
550
686
96
976
709
541
353
242
375
86
825
64
491
160
215
100
907
213
193
296
228
528
395
814
626
202
884
730
169
556
151
414
702
648
102
327
54
885
744
457
878
350
508
732
94
70
941
953
904
110
509
355
480
59
221
278
704
383
236
90
136
568
442
112
66
357
244
572
489
890
180
119
546
512
173
211
379
779
518
391
957
27
972
343
541
606
563
422
862
884
634
358
1000
833
805
892
822
947
633
