627
591
255
12
494
700
552
911
506
806
554
215
547
855
976
52
638
73
343
700
271
65
668
367
442
656
26
591
293
669
270
769
546
63
355
502
837
869
715
72
540
475
166
815
96
821
11
503
570
961
540
63
500
762
413
121
310
411
914
66
443
248
302
880
916
522
682
827
324
589
622
388
792
182
17
585
779
280
171
281
4
196
957
418
617
615
375
419
695
308
560
315
400
389
884
910
497
676
548
88
128
319
699
30
612
290
459
114
161
232
625
839
527
829
929
505
62
222
50
289
508
727
808
362
144
289
545
37
991
823
97
264
512
828
607
379
374
113
52
775
1000
561
561
417
994
975
225
923
533
582
359
721
869
999
749
842
998
291
895
810
