219
897
244
458
37
710
582
445
932
368
422
793
549
255
335
617
687
464
706
204
741
604
989
299
630
728
9
562
788
532
166
403
155
652
123
823
95
151
371
738
632
135
924
369
102
83
717
252
900
84
690
94
247
634
179
163
598
543
215
232
699
521
810
483
359
577
274
188
406
635
326
29
758
651
813
319
595
243
794
71
106
32
408
920
380
758
875
751
918
246
702
909
802
511
391
252
176
652
821
704
263
59
902
295
148
184
653
818
428
699
468
343
447
648
268
990
210
179
808
114
596
768
841
328
533
320
717
389
286
284
712
135
275
764
997
532
485
911
551
280
341
775
591
55
642
593
213
975
960
633
2
11
719
892
472
856
74
891
336
104
839
224
234
546
430
663
439
27
791
446
