281
246
77
868
5
136
623
209
696
713
804
57
336
401
516
366
943
882
806
685
782
124
610
846
753
831
208
685
772
419
441
349
300
419
730
113
3
999
94
906
753
606
612
923
739
446
800
282
224
93
73
22
788
21
864
890
418
359
449
401
991
475
940
610
902
538
399
610
969
349
177
230
29
248
259
856
937
956
450
561
699
218
623
971
533
586
323
585
641
54
675
438
380
166
936
517
779
167
393
123
929
998
438
177
883
265
802
743
422
233
724
82
625
715
742
952
794
443
689
222
633
872
830
286
388
898
590
767
449
549
610
164
310
902
391
962
33
160
49
333
529
164
675
955
13
747
33
444
669
795
84
960
824
938
137
367
360
203
1000
333
20
890
628
920
296
935
452
228
598
427
79
586
450
870
434
523
954
339
150
95
820
277
507
163
921
71
539
55
436
866
632
549
67
229
756
938
860
773
283
150
519
52
988
828
203
105
616
549
702
269
829
408
558
983
952
547
339
621
253
328
568
42
357
734
556
5
943
268
127
943
420
739
868
827
842
335
482
591
398
844
352
116
128
495
792
28
525
339
57
767
494
59
122
618
918
66
859
647
581
752
783
939
584
689
816
902
553
735
536
978
40
380
174
280
963
129
890
338
941
523
196
491
47
605
886
234
678
115
705
310
455
851
988
512
874
677
941
233
509
866
