541
114
354
90
183
745
19
977
715
416
357
625
264
961
34
349
459
321
88
49
157
106
709
512
914
844
278
181
877
272
677
343
331
426
808
537
371
411
934
945
851
147
120
915
976
173
735
217
989
931
806
307
704
332
892
466
548
450
636
445
73
753
785
697
143
271
237
152
790
355
908
804
280
75
578
178
832
641
833
223
190
582
652
322
174
445
495
955
120
658
935
575
654
537
82
298
220
288
342
420
782
681
968
277
480
619
647
583
510
909
686
700
331
147
297
27
70
594
471
696
806
570
205
443
932
902
752
913
146
358
356
996
822
105
228
24
703
49
235
98
721
829
902
888
883
14
3
199
655
783
171
471
956
704
571
644
301
785
46
260
466
702
958
545
852
873
865
618
224
984
124
974
370
814
249
984
536
862
165
895
419
421
33
573
712
1
924
247
483
763
758
63
886
311
931
207
589
39
619
780
210
989
791
828
191
403
849
310
351
43
636
585
841
476
384
133
28
201
644
60
873
305
532
763
931
2
115
514
119
321
712
443
168
105
156
930
75
827
543
293
176
841
682
650
48
16
291
681
110
250
601
513
213
860
568
497
882
388
378
328
100
704
140
294
638
790
665
586
319
970
432
116
695
575
103
370
260
637
207
855
402
717
5
882
725
974
999
728
363
417
755
565
366
979
876
712
230
629
175
745
494
426
310
685
723
349
93
328
661
505
81
956
210
717
593
588
6
747
751
140
789
322
573
592
595
770
896
46
412
476
84
48
601
636
713
201
6
844
766
979
305
424
390
385
322
131
5
818
41
491
700
455
716
360
459
535
55
667
763
733
850
97
24
868
889
584
903
929
28
543
57
382
150
959
79
738
69
804
576
724
610
540
36
93
40
493
427
190
277
795
231
880
462
589
63
258
375
889
558
554
569
27
869
739
774
880
509
894
705
820
403
964
731
431
190
477
1
577
263
760
