245
649
14
526
928
59
741
421
545
678
387
997
793
881
185
162
748
175
363
178
478
983
315
55
181
301
639
561
679
653
749
747
376
556
622
236
353
549
932
740
773
522
174
991
94
133
535
143
209
662
15
935
926
939
144
782
358
573
587
239
297
90
217
881
447
997
386
225
954
955
981
390
3
14
117
350
647
869
259
113
488
311
471
467
536
18
780
909
58
794
112
768
144
672
717
708
851
6
297
763
328
333
698
382
812
177
548
360
225
260
987
96
536
833
637
1
175
484
6
199
547
458
471
482
523
865
957
939
219
22
821
816
235
270
269
464
274
625
482
990
666
190
291
996
170
432
712
120
978
715
380
241
309
535
920
131
585
440
99
549
277
768
86
241
312
671
298
447
374
387
521
864
998
482
957
474
23
663
383
969
263
186
615
179
290
72
166
660
121
564
443
47
907
209
79
638
269
688
870
12
1000
744
334
781
166
903
334
127
97
801
667
276
557
374
959
523
200
95
986
787
758
38
294
84
207
310
412
532
538
781
614
622
640
695
841
834
655
79
629
825
961
589
374
165
466
149
962
282
286
960
101
637
808
929
782
31
90
825
661
63
940
783
752
79
145
535
789
810
95
496
217
139
790
60
530
55
806
725
410
261
319
867
370
599
270
624
928
702
741
998
202
91
897
633
826
702
660
892
988
615
802
982
937
813
995
925
169
216
515
600
348
909
422
402
170
615
681
235
992
757
819
37
199
52
628
548
988
67
713
105
913
337
445
356
984
34
971
975
33
273
352
223
388
786
888
33
373
300
648
987
194
608
641
850
26
575
784
982
523
904
623
827
678
461
973
372
958
347
301
381
847
120
946
535
129
801
755
84
647
677
433
935
249
397
268
907
241
800
36
245
435
356
82
244
852
292
947
224
918
959
496
644
561
253
65
100
592
778
340
857
352
691
153
919
866
27
972
605
899
800
435
580
708
952
702
679
769
215
409
817
784
209
402
318
282
588
599
219
215
716
167
458
791
9
745
605
647
298
819
158
645
38
433
249
314
980
316
748
409
64
146
545
180
103
506
135
721
191
774
364
800
985
352
107
987
253
648
57
506
753
736
19
534
614
142
994
43
403
600
689
168
161
33
847
3
840
932
317
121
198
346
756
438
619
744
840
80
402
889
230
333
729
538
113
51
706
159
242
21
154
191
215
943
473
506
480
450
198
418
949
764
156
665
994
924
798
736
611
411
245
47
815
64
600
521
605
155
740
421
745
896
171
455
451
501
803
719
65
207
367
499
136
213
98
236
150
659
879
60
414
49
613
37
110
948
499
940
34
817
628
896
97
125
890
835
487
259
125
425
228
272
892
493
842
995
737
897
797
925
751
829
448
306
256
149
681
308
541
167
920
19
463
237
699
716
232
971
778
820
856
338
124
515
100
510
52
252
696
151
39
524
309
925
250
862
374
925
415
322
179
189
487
863
342
375
255
752
140
722
617
554
863
360
182
174
235
200
263
495
191
422
865
778
451
428
318
435
579
211
785
