630
778
216
724
280
986
414
907
383
941
659
359
44
413
715
22
950
679
173
191
356
436
983
466
566
514
430
675
668
387
526
110
293
602
586
620
318
806
662
243
798
418
88
576
438
36
97
140
618
326
417
879
187
374
878
468
1
826
428
323
973
333
991
388
910
758
758
183
201
526
713
132
70
431
307
129
822
661
252
943
901
592
97
980
474
630
981
234
440
967
379
176
140
214
502
494
970
816
237
752
236
67
829
256
434
625
625
150
636
559
300
731
484
629
133
531
742
233
955
214
641
215
302
136
474
726
25
864
769
548
595
755
364
553
533
411
28
940
881
639
277
458
269
374
122
696
825
843
368
150
514
484
134
189
496
16
265
340
904
972
498
384
666
88
27
972
53
324
8
858
423
336
335
965
285
490
301
110
131
371
463
3
740
788
150
499
846
270
525
571
372
631
264
425
509
364
47
201
254
126
847
876
777
12
88
340
827
216
885
542
738
721
832
792
706
563
676
94
657
806
758
633
307
795
165
453
341
665
332
437
72
599
454
346
659
840
347
86
194
304
988
617
292
706
485
746
668
205
747
183
272
791
495
477
459
825
39
739
872
77
119
890
27
856
749
228
141
850
982
502
363
37
184
44
303
817
352
38
791
148
135
611
645
61
311
659
868
54
515
558
447
22
919
202
969
415
90
559
999
159
549
855
981
561
391
451
77
290
205
665
835
217
236
31
906
301
919
596
744
224
652
228
425
129
958
500
479
550
93
219
589
727
414
66
843
524
193
992
816
42
998
267
565
287
305
339
872
520
603
20
219
818
80
968
309
884
35
429
270
161
125
730
157
693
525
193
189
490
593
802
723
1
130
384
74
31
745
583
617
945
654
328
454
338
949
539
779
9
440
830
242
991
876
696
544
700
302
305
204
54
861
130
948
522
236
203
410
49
693
993
797
660
493
648
917
430
561
37
651
332
623
539
710
498
93
639
211
321
391
780
98
984
158
318
54
518
800
303
769
571
875
82
135
618
354
925
435
442
362
1000
106
330
659
515
925
605
587
397
164
111
171
651
1000
356
435
710
71
587
767
931
966
277
632
621
312
284
223
462
304
744
4
728
829
442
44
41
632
971
439
909
