845
708
103
534
71
210
486
258
659
825
475
361
276
65
38
559
667
474
37
147
542
482
1
515
615
826
292
3
825
224
14
126
575
17
917
632
481
662
939
155
610
842
405
179
660
893
125
946
972
499
495
272
528
831
812
80
267
174
602
338
750
78
830
650
988
877
594
311
768
288
724
553
931
15
30
591
218
66
291
903
265
412
610
478
951
411
624
548
347
887
144
165
810
920
894
919
274
502
713
889
233
323
102
725
364
63
648
45
369
805
469
840
534
763
671
569
329
916
552
588
770
581
553
673
805
580
111
202
531
78
373
250
57
987
481
319
55
821
158
282
660
272
721
945
951
630
686
272
253
518
340
728
823
237
751
795
995
162
22
136
189
348
452
943
400
762
416
115
327
137
744
812
63
881
859
331
83
197
646
200
553
352
743
727
616
978
618
514
446
750
768
955
800
460
886
263
940
994
267
158
134
188
391
352
183
62
672
624
752
159
543
66
857
818
453
238
931
962
21
84
795
113
207
664
830
655
22
572
423
602
488
996
229
712
826
431
389
230
156
316
888
245
517
448
260
358
387
763
206
377
211
659
27
860
146
659
824
738
796
36
356
394
525
177
483
751
2
349
981
425
34
867
752
279
241
456
558
473
671
891
296
946
970
590
52
732
397
817
288
152
771
959
28
597
495
135
318
906
725
322
124
765
472
834
619
784
764
195
417
235
777
499
300
518
173
706
149
404
812
444
202
908
724
465
879
757
83
94
418
679
402
239
407
804
390
759
857
355
311
586
730
772
808
502
652
625
400
195
661
612
934
868
65
156
760
165
587
749
824
978
55
574
413
843
205
731
644
975
781
383
446
646
293
606
419
881
329
815
316
90
483
142
103
596
771
896
227
176
838
667
124
241
195
889
165
401
954
911
124
744
496
289
607
716
55
334
132
552
567
778
692
426
670
543
209
347
153
229
550
427
317
597
609
986
601
818
772
390
882
392
886
3
419
772
414
812
68
300
198
971
204
79
404
495
978
242
780
600
420
640
740
48
5
360
194
406
865
48
94
617
342
942
120
341
863
656
450
808
181
734
445
978
104
233
642
906
573
407
939
251
427
775
419
982
315
959
369
597
793
628
818
722
793
652
205
488
626
687
986
423
750
165
560
815
713
793
342
958
426
664
122
380
237
919
793
484
585
670
582
195
846
681
790
824
730
501
597
715
987
251
637
41
594
149
216
734
648
886
88
903
413
711
333
501
791
948
557
390
303
340
760
499
428
828
248
309
697
312
447
753
867
728
666
793
451
880
487
999
768
6
793
436
191
355
975
127
369
934
666
865
85
176
341
316
309
334
2
607
975
462
761
32
556
5
637
556
212
247
13
489
668
934
976
70
51
131
221
202
515
878
436
630
718
371
603
491
278
897
155
51
507
798
905
242
792
548
269
79
398
786
286
889
62
210
501
525
831
800
219
155
216
595
5
439
710
996
364
208
34
526
341
342
840
692
345
504
809
301
731
938
768
994
714
202
682
608
657
883
891
786
157
282
290
530
574
648
309
600
692
277
749
161
314
107
856
94
176
272
993
431
106
776
858
886
20
817
68
122
576
192
359
192
970
78
445
115
756
231
68
180
572
271
301
501
229
623
148
768
115
583
969
441
605
221
219
329
792
281
929
922
862
948
399
870
288
255
661
165
908
934
163
453
814
287
150
981
162
663
731
353
107
576
281
78
310
143
378
161
518
454
615
622
680
101
531
164
912
364
731
270
797
641
114
955
420
981
87
644
509
650
767
640
731
560
422
580
767
522
492
192
410
62
758
503
714
275
406
272
105
893
369
852
214
666
457
621
975
242
593
749
233
556
94
335
22
341
105
938
566
882
320
520
370
209
507
876
287
178
956
786
676
85
64
625
965
998
748
298
778
285
154
413
786
9
623
787
270
198
573
845
87
387
577
22
549
959
897
811
979
388
313
205
788
241
781
681
306
730
759
895
374
808
466
693
374
827
378
886
629
463
646
965
602
790
73
664
891
736
241
535
543
294
735
213
956
494
240
442
534
259
895
928
765
18
261
960
908
73
634
466
