828
394
529
898
35
41
911
252
68
502
154
510
846
189
702
178
161
681
223
121
390
389
419
782
278
291
735
941
996
513
730
6
749
818
598
774
260
175
286
16
595
1000
95
304
749
815
718
194
462
653
873
471
644
156
725
144
340
969
241
739
115
896
825
73
899
990
52
465
137
717
520
274
285
348
191
253
11
46
868
166
859
233
167
425
726
289
579
711
501
910
24
125
534
554
144
10
341
211
225
87
17
126
709
130
732
295
465
879
635
907
716
923
86
922
515
691
330
539
752
316
815
308
708
560
455
903
940
354
958
499
163
546
455
844
186
164
776
818
848
381
157
96
537
511
697
788
470
66
172
987
425
581
886
439
45
652
571
86
838
728
228
42
753
753
715
746
148
635
475
25
588
562
966
144
564
364
82
809
757
189
982
965
802
497
346
13
755
595
923
96
789
282
508
306
203
980
499
115
515
228
473
80
113
499
598
98
837
771
42
733
879
485
498
633
579
608
676
123
479
77
64
614
877
478
557
335
185
617
884
329
104
519
669
158
262
312
881
272
522
86
170
434
61
691
253
979
6
2
325
366
300
35
816
754
751
938
239
200
726
191
262
885
275
530
668
566
717
594
739
714
78
349
72
866
234
241
536
935
241
525
181
313
48
3
183
37
87
722
947
723
422
487
980
166
699
345
780
392
262
687
561
938
518
204
159
988
8
927
754
473
735
199
884
350
927
7
443
57
798
458
44
859
716
84
693
694
342
467
301
504
551
232
932
365
536
87
833
97
924
946
554
76
729
574
74
802
965
72
7
78
677
810
690
570
645
558
254
305
128
234
893
146
404
449
77
200
325
193
984
390
765
974
209
647
210
1
205
155
186
770
412
737
272
645
961
718
952
602
493
204
559
818
93
771
289
939
385
279
105
546
201
934
938
981
508
212
478
765
40
469
595
809
747
641
32
464
893
885
950
3
525
507
92
189
672
773
985
651
511
700
92
315
41
856
684
6
91
238
629
157
539
326
188
859
976
209
69
280
339
290
693
419
428
1
292
62
390
877
692
1
881
592
646
355
467
925
539
793
712
393
160
493
722
596
966
992
108
982
26
721
334
104
692
953
206
442
251
173
49
330
241
661
243
680
389
118
687
543
41
17
72
696
512
88
970
53
559
514
828
313
311
154
229
110
9
259
851
671
644
886
906
542
147
668
3
407
104
921
652
348
4
637
217
516
727
819
565
896
548
11
510
627
533
389
333
606
305
103
981
943
48
74
582
749
313
932
92
442
255
3
811
668
701
60
974
324
120
46
768
257
361
425
121
378
765
416
404
233
191
650
435
864
727
380
999
407
36
458
26
422
549
942
351
522
373
719
668
808
288
658
870
304
839
296
717
448
111
84
964
913
703
323
969
163
28
790
251
539
479
87
425
40
570
977
325
730
382
259
642
754
136
33
611
900
608
59
381
861
850
401
667
746
419
710
529
325
679
319
306
232
601
358
991
706
930
362
335
490
725
227
76
874
394
880
70
60
191
39
363
661
799
443
201
302
356
554
620
134
966
822
656
803
705
680
100
346
588
332
315
597
739
986
653
532
877
299
502
900
632
833
597
980
939
294
281
292
700
898
636
823
846
227
319
699
640
423
160
507
598
390
654
182
227
255
397
393
254
7
645
511
490
933
516
65
660
596
303
147
418
539
177
976
612
227
430
477
125
45
616
955
426
247
203
271
626
642
476
538
414
107
