726
921
730
93
880
70
333
289
578
702
934
95
25
593
236
815
654
239
765
505
562
249
212
980
808
393
623
472
317
158
652
946
823
4
317
24
730
694
677
401
35
816
958
289
746
385
934
102
623
109
562
336
782
884
61
652
278
178
121
831
899
985
600
415
768
506
198
373
717
178
331
397
838
834
282
856
785
484
23
805
822
532
269
266
232
300
172
607
337
365
730
391
145
944
907
370
847
785
372
36
602
11
434
902
345
351
539
401
389
862
478
638
2
60
540
328
337
33
871
255
187
418
843
279
664
945
860
867
637
238
496
737
302
451
810
198
747
30
107
125
336
568
617
305
819
930
74
842
647
748
533
118
582
66
153
34
706
115
434
757
517
381
269
601
496
817
842
488
971
594
538
15
344
432
656
926
869
129
842
571
18
60
66
975
25
874
628
68
892
271
895
926
540
400
299
787
207
953
763
458
215
753
933
106
994
670
635
434
359
618
918
676
275
537
421
346
857
789
298
427
135
698
280
397
32
188
852
78
448
372
