381
145
58
814
292
229
568
149
273
27
422
498
789
528
84
125
256
601
904
293
889
21
658
338
944
844
816
802
602
442
631
814
98
299
34
680
992
432
280
800
117
377
915
779
274
568
867
1000
394
346
544
503
324
260
287
343
448
641
812
164
916
318
449
474
900
34
594
884
695
472
72
845
805
106
846
912
827
160
689
188
912
414
353
577
908
94
377
816
292
502
777
749
607
140
24
497
667
205
575
59
582
437
819
133
258
391
916
412
402
998
905
741
714
270
338
579
41
352
738
254
620
476
645
738
759
530
442
712
634
606
493
177
547
135
988
320
92
982
851
666
58
214
659
550
632
931
157
983
109
477
485
625
407
315
321
363
717
267
516
745
499
358
674
496
287
187
521
231
316
168
78
225
157
292
253
585
26
938
146
40
624
243
316
604
551
582
503
237
408
403
112
735
53
656
593
142
153
171
617
357
413
558
89
997
555
205
503
859
779
77
946
269
272
936
789
874
575
138
26
148
287
735
841
783
590
41
461
867
56
669
378
555
4
151
126
92
550
293
514
315
594
393
934
6
149
706
397
242
95
254
213
205
907
617
276
894
496
29
50
135
29
576
62
682
265
568
557
212
425
182
296
509
162
209
580
996
136
250
688
867
976
879
372
758
587
798
168
63
702
959
308
7
79
743
61
508
256
868
795
190
909
815
190
21
780
48
622
256
469
647
708
486
826
736
655
452
810
105
236
213
45
275
61
354
692
117
634
54
201
211
484
469
503
309
319
673
680
427
54
67
136
285
332
518
199
718
691
367
336
831
836
166
360
155
68
399
892
142
546
485
781
348
598
149
306
447
810
910
690
255
806
24
196
731
660
149
887
740
887
730
66
93
478
693
930
471
273
716
118
308
95
483
54
841
514
321
241
385
515
255
993
420
609
90
806
175
444
986
258
685
689
558
55
438
861
6
812
106
719
623
118
618
9
598
144
268
359
322
405
513
654
680
340
89
837
265
37
29
452
712
