180
378
638
724
983
56
807
118
727
150
966
446
337
519
675
495
879
299
897
354
799
983
652
305
540
519
363
979
255
967
374
264
291
455
799
555
524
879
667
361
758
313
877
274
475
748
525
118
939
230
671
483
197
64
986
979
131
26
154
286
339
758
384
149
766
429
670
516
488
28
107
820
36
210
574
222
451
690
644
183
451
361
906
793
238
223
907
699
95
418
401
688
413
100
163
695
126
761
733
648
466
914
31
343
186
176
564
384
306
633
498
574
582
799
671
1000
695
546
49
161
210
53
913
585
49
570
347
578
941
624
478
156
778
670
332
163
563
748
140
705
604
109
1
63
238
751
721
369
307
832
209
645
612
320
532
27
192
790
331
299
109
901
474
965
838
308
327
122
567
836
811
409
914
366
317
174
237
370
106
269
358
178
161
394
647
906
396
487
506
475
751
288
306
668
488
700
646
757
318
239
867
231
392
542
667
238
348
674
642
170
692
689
697
965
869
994
98
618
140
562
539
929
882
370
791
85
399
30
730
925
363
764
843
639
645
875
282
335
262
660
834
774
921
758
868
194
336
794
51
103
210
822
885
219
706
797
665
80
741
900
766
372
284
576
879
532
31
919
377
862
969
524
366
779
492
199
633
279
453
158
1
812
349
196
344
365
527
26
810
279
504
744
275
990
700
81
15
572
327
737
20
576
229
4
842
174
910
316
591
512
822
67
724
486
762
552
430
843
563
167
106
518
62
535
527
320
210
149
329
291
30
759
89
43
387
319
742
267
359
757
444
713
256
548
368
535
446
988
413
413
452
165
949
620
322
79
144
665
852
506
602
438
52
516
30
710
767
86
66
331
