144
80
651
127
991
730
877
203
48
531
258
863
298
299
12
675
379
552
62
51
47
235
5
68
889
62
486
816
865
255
482
164
568
289
61
742
247
559
472
346
913
80
280
125
799
871
67
625
169
799
942
130
846
71
557
969
732
676
573
391
501
470
232
64
242
498
302
572
28
873
14
135
600
418
539
705
505
770
555
745
125
746
998
233
128
653
489
133
388
593
557
679
729
969
660
561
731
737
65
878
991
135
906
449
144
919
909
625
82
596
407
881
295
934
97
200
576
985
768
812
72
237
573
838
658
990
742
520
248
793
100
670
4
517
713
565
535
593
734
603
328
336
528
489
616
745
325
459
145
121
237
594
641
576
871
888
602
152
170
202
