961
837
785
892
294
913
311
775
199
308
789
508
829
52
326
915
361
272
401
324
322
590
932
890
918
32
94
212
674
27
447
205
133
383
540
767
454
759
203
612
503
982
490
811
820
325
534
634
204
727
560
594
191
595
960
984
359
61
947
910
220
146
949
155
914
648
954
543
239
964
872
979
673
802
429
860
903
583
962
633
552
716
357
344
863
787
362
974
376
149
881
249
135
865
404
89
172
558
775
75
408
362
845
534
528
613
996
81
721
688
723
538
65
920
695
463
588
631
159
175
758
176
283
549
688
969
797
774
938
990
643
975
94
923
134
538
177
748
491
263
490
881
735
513
643
580
551
950
519
71
980
873
484
974
142
988
561
414
546
738
730
689
808
64
408
246
720
77
227
413
546
919
257
444
151
117
261
864
205
942
948
866
201
875
70
826
323
167
220
200
541
88
814
590
665
6
447
799
122
676
935
37
965
473
935
659
452
807
105
23
341
735
592
121
204
981
316
758
664
600
486
372
287
683
51
522
730
939
19
820
581
529
280
307
280
41
620
90
175
448
967
768
506
517
172
477
240
629
354
511
692
402
912
546
81
336
629
739
948
411
495
869
886
602
225
832
503
725
384
888
50
383
662
5
93
394
798
474
900
523
892
868
840
23
399
142
10
49
191
677
916
337
774
12
700
312
482
746
987
824
554
95
633
303
578
822
206
315
619
420
948
904
4
796
961
561
378
780
900
423
339
160
441
108
133
822
708
617
317
614
535
335
670
582
211
101
159
437
829
445
663
376
362
876
240
588
307
135
547
689
440
187
123
646
757
833
436
227
138
836
95
465
393
217
908
794
582
934
313
609
962
836
680
438
870
792
515
809
648
855
836
212
389
458
257
569
394
927
568
560
55
13
962
315
322
432
185
490
979
347
649
933
900
125
65
727
158
743
587
31
215
728
813
826
877
546
684
657
324
37
715
54
323
244
400
877
726
776
101
41
464
628
111
196
628
166
688
345
412
755
814
968
559
582
2
406
595
26
131
523
156
715
57
227
65
382
973
733
518
229
850
823
352
884
661
538
326
772
596
571
871
117
248
654
365
819
938
942
899
502
136
65
196
515
482
69
251
110
437
895
390
872
452
799
830
74
614
272
54
530
809
610
301
936
603
657
360
58
784
223
98
966
734
443
726
586
558
700
67
374
50
653
842
550
433
424
336
380
738
735
697
506
955
742
307
601
309
128
681
770
634
668
615
520
139
962
775
260
691
757
663
922
636
15
81
777
701
702
34
469
193
811
372
419
908
155
667
469
781
361
660
644
923
220
721
991
411
373
412
933
398
710
435
808
440
100
275
762
630
468
364
989
172
16
608
240
265
901
720
53
24
255
902
399
918
600
638
952
964
450
856
930
885
739
51
700
633
351
872
187
390
581
866
365
293
45
990
626
535
927
