583
7
986
162
138
574
496
109
740
794
371
591
993
222
333
365
548
217
110
711
905
66
455
659
183
65
907
969
855
308
28
326
34
620
82
283
314
362
726
748
366
741
906
585
825
666
776
613
163
387
77
616
631
959
480
664
125
115
947
376
3
395
633
802
599
431
655
310
109
726
96
888
439
596
950
60
136
248
757
824
767
800
580
791
944
526
554
559
732
689
897
65
905
139
340
343
97
838
889
929
425
59
282
5
632
95
543
550
878
167
876
376
467
433
484
236
913
4
463
699
342
111
156
445
807
418
22
565
623
936
562
556
113
59
527
540
300
585
997
56
793
584
526
348
153
597
303
69
336
586
513
836
18
582
163
582
69
593
91
52
549
287
375
320
667
598
128
434
307
710
868
324
250
708
239
341
823
977
755
331
319
81
786
17
450
208
788
170
205
60
619
429
257
273
649
318
42
304
890
194
253
281
758
674
450
750
731
24
835
647
324
173
925
729
127
974
766
609
680
539
63
28
133
948
39
402
534
879
472
827
412
100
893
125
1
202
326
788
835
304
146
144
211
368
571
463
629
426
524
702
675
773
630
780
22
891
262
595
823
437
768
31
330
84
508
975
910
194
638
51
947
4
771
208
432
997
497
214
881
866
555
863
940
428
859
770
583
97
294
861
200
974
790
729
374
492
993
651
619
299
793
660
899
388
63
595
958
587
534
163
216
635
709
724
257
270
413
542
49
627
498
52
790
434
919
873
916
752
362
822
462
163
194
541
459
141
638
729
580
903
666
705
30
304
143
682
720
986
626
141
882
916
672
769
6
848
244
807
481
229
628
116
452
939
607
860
753
185
58
971
22
163
611
790
593
675
399
536
792
34
388
567
625
376
657
574
956
637
264
780
167
544
834
99
640
292
43
816
633
934
579
320
557
168
785
832
587
474
988
453
623
610
102
467
782
143
940
49
752
332
822
723
602
464
273
772
9
74
597
946
481
1
298
755
43
921
841
112
647
903
546
223
696
460
210
351
387
982
149
433
364
676
159
619
32
894
928
42
835
608
406
51
338
322
906
675
25
845
751
443
814
64
749
462
799
350
4
513
639
419
280
83
915
862
926
177
840
999
365
605
398
448
83
397
794
90
840
627
413
466
786
249
892
572
28
929
798
342
8
649
839
221
189
642
267
285
875
418
184
452
754
47
53
495
727
975
922
169
876
264
941
22
258
416
17
641
671
84
456
999
165
186
199
846
145
769
498
613
261
837
793
543
569
601
764
37
997
773
969
716
237
750
238
671
477
661
999
753
568
500
570
671
50
606
77
926
262
629
645
420
673
707
139
101
64
988
234
646
172
716
729
521
876
370
118
100
850
862
69
3
288
208
945
851
191
663
499
438
462
193
650
404
190
280
653
77
466
808
628
94
193
475
724
183
87
12
686
669
483
633
773
733
300
55
482
928
32
203
174
223
880
846
424
292
685
778
513
551
671
89
290
139
957
484
748
242
667
938
317
54
264
563
166
439
673
693
733
190
574
25
395
496
318
826
950
128
931
286
819
164
297
469
464
261
369
64
418
351
374
3
74
912
428
456
552
443
849
364
87
845
497
359
895
568
224
71
51
117
420
811
156
539
633
110
484
916
587
337
773
938
34
389
669
51
321
399
181
475
132
603
258
539
804
109
322
488
523
230
167
215
341
365
181
769
665
520
757
611
165
799
73
442
466
516
952
638
220
888
496
899
958
771
873
529
930
809
859
113
341
809
889
132
46
716
72
90
641
606
633
611
168
414
56
703
28
963
374
515
590
182
359
932
392
777
540
257
205
503
939
849
66
479
127
878
460
448
476
56
527
268
945
877
122
344
778
85
137
265
125
470
679
757
791
746
399
793
302
862
556
995
185
261
714
81
697
559
804
588
293
192
388
489
889
49
324
654
392
360
567
960
161
481
288
674
459
859
383
350
248
349
504
247
118
248
442
184
93
584
783
669
532
967
373
336
850
881
596
578
410
481
144
502
851
181
681
365
922
611
427
182
599
207
1000
16
745
682
12
609
450
332
869
383
445
134
473
35
795
532
832
336
580
383
275
617
712
747
458
366
423
721
873
304
856
734
276
345
694
55
796
206
825
283
134
226
365
6
846
109
69
626
32
512
83
814
204
3
634
615
224
554
167
909
266
647
558
482
214
33
178
546
648
513
69
952
871
619
701
239
255
392
882
460
656
389
448
177
939
467
296
498
