975
977
581
724
679
668
805
576
319
58
341
549
878
64
537
969
284
491
197
191
892
748
618
292
567
888
110
483
649
852
974
13
626
729
281
82
277
547
727
555
579
196
756
95
776
543
922
280
125
161
756
779
595
534
951
434
312
974
810
763
292
461
359
748
736
561
154
541
842
572
559
501
959
421
630
564
375
306
804
383
478
60
350
114
791
105
927
926
169
132
803
852
584
114
563
275
212
997
714
296
525
657
898
940
876
731
871
937
747
547
18
634
222
11
939
127
218
963
261
261
407
611
158
529
955
346
164
140
343
865
12
835
564
641
739
557
743
440
795
743
284
747
569
204
242
186
641
608
357
437
950
373
377
959
56
225
575
919
488
228
154
689
265
867
57
427
34
836
943
664
372
573
345
528
107
601
613
762
458
924
975
556
858
766
715
864
649
397
375
83
760
886
237
857
463
127
786
205
331
112
72
533
473
616
948
852
505
420
671
430
633
598
334
474
545
216
103
108
67
481
842
972
473
972
288
27
180
364
946
853
130
364
467
166
332
885
187
8
924
75
265
573
209
325
628
365
282
739
390
160
225
675
168
32
672
118
156
521
239
253
23
610
184
465
890
221
626
902
51
339
753
378
969
991
735
315
894
843
613
344
725
243
906
50
529
648
931
151
835
204
250
46
883
779
436
134
811
568
782
573
643
745
445
225
774
411
340
180
652
372
540
953
495
714
749
896
801
848
664
942
124
95
883
702
164
797
386
311
481
477
567
913
221
162
808
965
854
337
7
904
192
204
748
485
722
506
18
522
524
16
778
918
163
713
971
674
288
886
509
67
571
357
906
777
354
510
302
856
425
72
853
721
916
517
134
384
176
389
512
727
831
508
436
267
284
626
514
240
858
732
362
251
91
629
319
241
892
453
382
753
400
916
947
90
317
610
956
911
487
802
682
56
772
681
730
584
376
229
521
894
193
375
314
988
576
754
270
31
229
351
249
763
674
725
936
649
233
93
864
565
394
315
872
203
87
255
706
714
535
723
475
10
435
461
25
618
708
307
385
479
452
960
774
236
100
215
61
529
979
146
131
224
456
624
523
712
359
60
300
123
76
851
813
353
923
433
477
21
342
544
246
380
15
569
144
774
65
864
412
414
4
467
556
203
313
640
402
277
563
208
359
780
191
583
86
54
290
697
855
82
5
486
489
969
967
633
725
175
123
352
327
225
908
664
874
507
344
536
946
423
956
604
382
491
162
720
422
755
79
471
565
909
471
830
597
512
514
793
726
368
995
100
933
498
974
149
218
731
479
144
922
113
49
108
15
249
697
404
816
159
977
533
368
822
809
835
324
344
989
25
485
311
755
671
852
765
402
883
420
596
888
355
481
66
815
982
931
372
194
729
601
299
366
362
854
201
537
338
381
696
992
228
920
288
281
893
876
740
994
343
369
332
655
944
3
112
286
858
91
266
338
101
572
851
954
513
446
671
254
815
416
736
853
410
102
424
580
237
844
741
404
313
44
981
728
703
844
43
102
28
870
954
419
166
939
852
447
104
352
341
408
927
170
916
843
171
830
49
234
433
103
878
591
321
810
765
847
752
261
480
588
970
145
266
363
755
300
849
878
902
307
733
861
313
933
885
221
607
694
888
115
790
399
898
285
912
230
600
470
810
607
306
723
247
420
346
842
516
706
923
911
827
711
307
251
286
654
832
33
597
61
272
9
526
180
180
746
759
992
941
553
1000
31
57
100
633
590
170
622
567
224
810
658
374
755
408
570
380
258
790
888
906
712
61
597
244
160
659
802
61
69
466
68
277
593
582
362
99
69
664
149
321
283
600
886
365
373
670
939
86
78
580
107
670
717
738
660
762
27
91
347
980
236
16
68
102
517
620
937
102
853
562
47
554
56
989
17
252
884
513
87
152
614
74
736
57
33
777
614
295
