200
57
847
873
443
686
796
872
956
946
525
718
910
798
179
784
509
97
743
704
471
10
841
529
400
954
904
251
371
930
697
636
710
478
562
706
261
659
621
899
206
970
456
132
695
551
739
364
988
746
951
360
115
739
224
994
710
847
43
135
267
295
812
678
86
155
729
183
649
57
407
327
890
940
646
131
497
503
171
957
638
168
953
219
587
975
967
502
349
820
609
950
609
597
98
134
136
332
362
196
150
188
728
585
704
323
492
774
802
686
185
293
618
768
222
75
426
198
758
186
64
277
203
313
86
639
44
697
882
375
135
481
128
310
748
69
818
609
782
202
517
516
220
589
728
493
166
298
822
741
239
47
610
338
163
673
325
761
793
332
283
748
190
965
619
161
655
441
325
514
732
397
566
865
446
803
919
886
301
22
308
533
938
533
598
280
260
171
432
793
768
362
825
958
465
664
761
987
629
477
162
570
154
737
660
470
596
417
489
357
281
487
964
450
9
964
402
603
423
922
54
914
443
573
315
509
306
972
881
173
405
205
891
853
163
986
646
193
172
720
470
216
548
173
716
779
117
782
107
805
528
850
695
560
152
652
628
649
663
225
986
372
446
233
380
219
269
527
606
123
196
913
38
985
622
167
379
527
681
976
550
786
169
766
866
553
25
146
330
725
841
992
646
174
265
144
314
457
710
532
886
741
448
858
447
676
547
872
53
738
752
59
231
291
241
304
692
412
64
342
644
753
358
425
476
625
13
714
941
513
102
672
842
958
548
178
197
498
805
241
334
754
422
743
244
52
630
443
137
796
907
946
170
334
494
376
873
101
642
576
259
507
746
703
6
854
354
102
1
394
83
641
245
126
501
218
577
157
121
502
528
502
42
628
273
652
388
744
305
590
88
593
131
573
207
325
40
44
116
886
981
1000
162
329
164
693
682
994
160
766
945
13
244
139
654
332
140
1
280
771
585
458
431
638
49
853
687
12
477
46
316
852
990
538
960
96
698
190
88
499
737
880
103
711
765
913
565
811
367
308
243
928
438
41
111
664
890
601
271
271
209
753
984
667
471
440
422
576
290
223
463
268
365
32
717
202
680
118
137
677
544
31
47
968
472
92
25
303
293
595
783
445
126
7
573
561
660
913
716
997
367
810
119
176
835
374
145
207
498
420
817
794
972
97
664
102
247
528
733
240
983
306
484
570
646
589
358
647
118
453
246
191
532
562
891
813
267
285
744
530
346
705
148
913
966
289
823
771
502
718
379
907
919
359
332
522
342
249
862
944
259
478
39
340
473
950
258
497
139
914
356
95
314
718
207
184
180
946
121
745
94
767
598
628
842
578
955
837
18
645
77
95
107
85
920
602
149
732
39
862
