350
722
329
227
90
607
804
218
644
468
757
916
928
149
377
60
695
113
465
763
34
616
312
280
643
499
411
46
687
920
168
530
517
307
79
367
478
830
939
623
772
261
82
24
468
928
593
43
691
450
138
856
320
49
607
34
814
289
390
674
684
230
742
678
298
685
451
629
625
243
924
779
459
788
621
221
494
60
658
548
134
772
545
832
101
607
249
957
707
723
968
345
25
552
535
116
931
812
745
909
15
541
100
217
959
277
577
785
588
925
2
999
623
433
787
776
92
575
644
748
120
269
397
357
406
231
686
333
649
395
234
211
619
967
311
41
950
908
676
23
723
814
467
220
206
451
666
769
95
62
323
717
244
391
728
466
437
419
277
28
544
520
191
798
822
102
955
37
268
232
960
169
433
502
708
115
72
619
368
864
53
298
461
133
606
385
976
492
955
298
