370
763
711
95
332
255
723
511
959
56
612
878
728
366
409
725
586
839
68
10
140
780
181
46
926
630
703
130
584
674
783
246
285
277
477
405
400
910
221
157
140
751
665
55
291
902
303
322
522
347
504
709
691
848
906
641
377
471
372
11
84
589
758
280
879
375
726
415
966
420
342
334
370
996
975
463
552
742
488
102
284
378
953
423
98
501
986
260
110
987
305
464
31
747
860
45
835
35
63
108
127
842
311
39
335
487
793
615
749
695
737
476
991
180
782
732
54
172
27
354
981
314
987
765
398
522
938
40
645
732
444
356
295
367
769
240
989
127
188
502
616
203
249
318
411
742
322
170
53
791
292
713
566
368
984
499
772
516
488
153
983
64
476
149
631
584
421
318
446
599
860
156
742
187
27
243
435
869
205
566
947
873
671
699
887
556
102
613
201
896
823
973
297
471
475
352
608
809
687
78
617
357
249
92
532
302
690
94
968
673
15
466
574
661
110
145
995
341
482
350
521
57
345
749
616
334
609
645
862
826
70
628
495
747
213
255
520
712
982
376
514
596
53
865
670
331
841
892
203
500
251
11
37
466
938
848
30
899
522
979
855
822
193
387
228
359
419
390
151
177
165
564
48
597
144
995
741
131
64
243
427
222
400
28
961
836
477
223
68
887
997
264
963
498
79
914
72
527
551
76
897
341
416
352
863
99
453
753
448
149
11
221
894
668
528
59
169
400
163
590
687
157
416
602
171
402
157
129
1
161
932
788
171
739
871
825
158
473
271
287
189
481
903
769
492
285
922
354
685
817
773
993
638
77
431
510
89
558
932
851
20
466
388
677
847
499
586
935
274
31
325
458
762
615
355
429
128
103
492
288
145
592
650
949
736
557
64
111
219
977
330
397
469
865
140
98
607
339
919
182
347
837
835
422
556
546
926
858
400
169
549
270
402
516
901
55
76
29
229
596
239
599
674
105
327
962
816
303
150
69
299
208
702
845
499
961
323
920
788
905
571
324
92
225
147
154
465
25
414
942
597
981
929
562
155
253
422
213
452
229
451
98
402
965
246
777
115
552
977
513
588
971
552
986
683
177
264
7
123
616
464
66
258
974
279
999
80
982
360
466
891
654
74
463
582
304
361
18
404
414
501
275
114
77
444
437
471
684
273
148
34
723
402
682
513
528
302
666
467
455
431
369
349
831
276
883
533
897
407
245
864
638
546
737
184
989
276
461
128
160
697
37
412
587
193
224
209
14
653
775
929
237
252
159
541
294
650
438
677
538
792
602
854
291
399
287
840
388
677
493
643
155
563
521
613
799
407
44
396
146
819
176
15
246
179
862
904
268
531
246
830
946
182
663
134
438
221
418
888
631
443
491
281
396
458
677
245
755
412
605
