304
442
457
600
234
393
51
961
881
57
21
502
462
545
815
232
517
789
324
24
685
870
153
359
794
985
659
7
603
20
165
623
583
958
857
692
295
929
956
225
731
627
341
405
23
468
988
311
598
670
529
39
785
680
658
538
656
301
881
622
472
802
320
43
976
73
860
960
117
944
404
405
48
413
501
747
935
396
802
954
209
520
468
761
386
21
799
713
696
735
585
825
174
146
277
741
894
482
944
849
231
977
157
242
2
617
438
48
20
612
276
266
779
621
210
610
562
69
925
890
212
943
972
652
996
128
394
118
740
750
786
892
655
353
635
98
882
160
698
104
494
694
609
117
199
813
979
471
680
981
811
735
938
174
740
797
14
961
847
845
193
453
567
69
839
695
60
406
696
562
178
556
7
996
156
89
96
130
334
39
169
964
507
370
750
25
905
544
462
78
551
893
339
1
273
971
918
720
620
668
202
375
94
407
927
148
947
440
442
811
159
106
479
649
925
726
83
527
712
967
813
311
215
359
792
369
758
727
625
914
327
432
555
113
837
95
487
867
621
457
580
951
488
31
134
515
290
612
631
580
173
277
42
351
549
224
940
594
608
717
750
932
314
279
279
136
138
343
827
449
28
362
298
695
151
796
200
718
146
815
924
5
409
620
847
359
652
504
92
851
897
288
653
373
899
173
959
417
497
545
729
898
249
208
955
195
222
146
803
747
691
563
993
21
184
512
844
311
638
271
224
832
451
614
936
610
418
80
426
727
558
194
254
775
609
756
53
705
626
495
706
147
956
314
281
260
337
277
304
584
357
681
903
588
104
587
411
812
517
360
489
55
584
618
18
672
739
744
402
356
213
111
988
891
82
445
394
220
650
166
881
843
563
681
409
144
260
816
45
52
695
211
374
513
900
19
486
468
82
827
17
333
683
365
926
980
414
592
19
685
861
887
429
54
935
336
44
60
869
75
377
450
1
709
358
784
689
814
259
989
418
269
60
78
940
272
132
209
615
757
251
964
321
249
118
105
838
259
991
176
516
342
124
147
289
985
382
205
267
439
715
247
789
572
52
796
47
991
490
338
165
733
723
824
447
156
86
527
993
1000
328
476
227
1000
646
374
447
991
804
17
524
713
647
621
789
30
343
838
60
850
711
832
51
457
370
962
773
466
864
640
856
847
885
723
550
178
656
725
293
690
691
500
709
656
496
555
591
903
168
668
405
751
895
140
150
671
391
569
195
265
509
321
311
36
613
815
572
207
896
837
