725
504
77
551
64
284
368
612
133
693
807
195
674
458
725
544
153
45
755
753
374
206
547
782
402
211
593
330
321
568
837
648
573
787
21
340
315
656
354
685
652
480
511
69
212
664
580
592
845
714
782
891
164
430
900
80
759
379
878
199
673
974
744
114
421
273
451
787
92
25
347
981
788
927
505
72
446
795
135
532
35
155
76
587
11
763
226
475
42
587
964
887
806
19
560
283
606
239
560
479
85
759
968
761
55
675
287
910
841
792
435
231
417
606
345
985
423
194
743
12
957
147
934
121
689
795
60
561
338
170
973
7
257
872
643
471
821
128
41
598
83
280
262
319
805
468
165
436
302
399
909
371
525
469
375
286
370
482
369
700
956
198
211
689
763
269
923
323
449
680
650
531
914
473
931
9
924
868
260
308
637
251
804
448
335
688
531
148
686
966
117
607
199
614
292
692
910
919
143
891
529
631
3
605
692
404
128
967
205
851
49
896
144
601
121
703
67
819
852
406
534
111
280
298
810
847
517
709
558
864
369
48
617
149
822
157
104
86
511
369
789
37
217
230
165
580
668
711
165
56
820
730
455
919
956
204
475
190
760
618
804
336
325
749
75
28
82
163
825
178
999
397
798
863
850
197
753
317
229
654
442
632
363
428
517
801
425
313
945
938
714
88
584
585
380
169
566
437
667
9
970
327
273
198
882
938
546
718
628
974
789
990
600
190
340
825
678
902
416
55
427
105
6
490
762
192
338
264
942
621
989
643
513
169
186
898
55
36
527
11
753
425
491
500
165
224
305
457
430
197
104
332
77
429
641
725
528
164
183
423
677
34
404
914
863
257
273
17
818
866
227
375
992
653
105
33
625
314
190
249
695
472
547
364
457
231
377
428
221
286
41
485
495
284
816
532
301
463
292
630
287
362
31
991
609
550
247
274
822
313
632
443
196
410
897
753
72
314
466
631
148
701
113
698
136
837
660
120
478
370
781
907
89
432
424
313
655
179
312
621
14
383
726
545
512
232
500
700
208
692
116
774
860
373
258
373
77
408
987
477
622
954
486
677
302
817
542
78
871
677
717
699
636
426
317
720
50
315
839
446
651
835
512
949
870
315
403
158
956
612
860
377
381
490
32
750
561
642
535
307
903
694
186
54
511
540
520
855
283
436
750
769
560
259
482
633
836
626
356
475
962
644
89
342
892
16
400
897
138
286
344
571
344
772
138
820
892
983
447
592
617
111
452
658
934
198
902
806
242
4
889
835
100
772
403
389
305
342
133
616
3
713
514
923
386
606
504
205
887
291
468
205
211
293
583
752
64
67
864
630
222
303
517
590
325
328
910
910
84
280
248
221
718
931
744
98
576
731
254
998
665
384
970
785
334
702
294
951
73
41
157
535
787
787
76
221
11
392
23
472
908
212
144
999
358
107
584
73
254
429
689
312
940
24
819
283
685
391
421
980
85
723
959
481
109
894
814
592
725
770
177
335
839
19
604
147
858
840
2
516
311
284
109
752
368
783
922
945
443
612
160
834
705
129
213
755
351
452
843
721
960
28
287
434
245
46
639
119
528
399
582
734
982
576
190
469
641
573
611
95
472
210
64
492
180
476
622
604
836
883
14
905
208
707
365
120
525
280
876
5
960
150
613
103
377
738
82
632
551
35
815
860
471
804
785
347
536
472
620
767
963
823
538
62
100
679
147
401
293
880
230
789
811
786
275
955
939
185
274
705
810
202
335
788
881
231
309
702
692
288
12
108
622
747
155
278
146
628
986
997
655
146
717
889
766
14
500
531
569
906
60
106
145
141
357
370
298
796
289
817
414
844
90
306
898
969
33
252
748
273
533
405
174
615
934
644
770
418
428
23
142
932
836
926
613
31
764
336
585
483
402
359
412
554
890
792
157
73
282
406
24
135
637
829
275
532
972
371
954
65
269
18
877
949
54
95
221
548
352
934
875
743
114
171
616
322
261
732
860
651
821
767
77
688
707
482
301
632
235
993
113
325
869
693
381
388
202
31
294
163
98
711
215
876
520
580
512
206
784
30
543
33
90
938
958
428
810
486
421
879
841
524
216
154
730
372
124
435
177
886
513
356
950
791
878
283
929
610
90
384
522
558
282
602
434
734
765
278
646
216
688
707
280
43
356
69
6
610
480
436
988
666
432
522
654
947
474
383
377
168
656
631
96
407
775
615
231
274
337
864
361
975
395
650
392
268
862
763
275
741
342
744
817
688
795
11
333
640
340
139
