392
770
531
956
459
977
430
456
44
503
791
640
359
133
632
543
488
399
577
849
392
440
864
401
354
67
176
830
691
277
265
787
267
938
965
680
795
66
14
567
93
491
890
257
329
732
857
8
950
886
874
776
144
222
516
237
658
497
911
143
560
451
871
172
642
28
866
136
55
382
994
530
644
876
470
657
763
75
138
724
450
632
187
909
207
145
849
335
190
368
478
254
886
384
623
483
321
164
274
728
643
689
143
484
578
769
751
302
119
868
628
158
856
375
337
609
797
43
73
953
43
793
518
289
574
44
307
106
425
528
941
915
594
773
998
86
282
845
455
435
3
29
353
915
570
737
987
784
887
69
947
465
77
230
659
884
230
1000
859
701
526
183
914
960
864
372
525
549
504
54
174
873
996
748
850
564
676
850
724
601
279
467
596
749
151
841
264
129
411
631
122
185
676
358
936
595
767
422
264
171
700
937
105
46
121
447
395
690
554
612
922
10
550
571
300
198
439
485
773
414
809
215
880
20
869
735
329
88
317
895
152
881
794
421
383
835
81
720
471
411
342
391
286
188
895
13
312
869
101
695
703
680
702
982
626
353
350
932
804
318
699
31
674
63
281
973
375
892
728
729
33
128
204
869
780
539
624
724
23
495
844
731
425
821
250
523
892
783
845
510
947
511
98
134
830
268
463
104
96
648
807
99
143
658
270
741
64
985
501
784
407
845
139
366
552
547
42
280
297
234
391
536
805
850
437
945
179
666
143
555
232
374
603
700
594
411
330
204
244
666
474
339
368
731
16
451
758
329
77
39
872
960
683
538
224
127
281
488
185
495
