696
41
761
510
897
491
481
647
998
931
161
816
980
178
668
674
522
226
636
791
941
802
558
509
399
99
898
770
370
756
42
763
907
863
542
533
481
338
565
606
4
176
241
498
558
736
238
135
391
731
662
280
83
16
957
434
751
38
494
453
697
431
474
914
78
701
197
489
295
779
32
296
603
800
564
766
474
292
684
614
198
424
251
605
990
644
273
884
770
60
983
320
47
617
829
414
489
108
218
339
138
129
517
540
551
576
289
155
63
438
967
636
19
72
344
9
998
987
561
188
900
655
946
697
612
793
699
5
354
431
932
273
90
744
943
447
624
218
66
846
222
123
424
778
203
616
857
121
58
821
704
976
316
141
451
23
24
66
725
538
227
503
121
456
169
596
604
567
1
398
256
669
6
859
146
172
751
91
629
453
728
21
212
362
399
181
661
634
442
767
625
586
798
726
144
103
816
926
660
254
374
307
713
359
70
833
773
213
682
478
431
875
659
252
589
457
140
805
725
316
699
973
982
196
408
447
940
768
76
125
723
532
212
213
463
163
294
143
83
816
647
191
97
857
24
909
909
920
598
366
719
48
313
204
993
427
223
775
968
65
569
509
435
264
939
561
930
313
109
887
454
502
872
648
950
747
416
73
293
153
913
467
116
699
659
307
588
233
327
251
484
970
285
956
188
319
509
612
369
998
357
117
58
327
749
639
376
708
238
460
625
414
901
865
940
598
991
659
283
713
104
66
120
14
989
508
805
468
508
723
830
467
327
351
441
976
408
757
771
100
812
882
539
449
64
842
914
899
301
338
994
661
251
540
277
914
179
359
526
912
888
475
716
89
55
875
605
62
147
541
680
299
953
436
678
4
95
617
209
743
137
106
524
733
790
833
162
185
511
513
517
533
839
748
451
504
986
829
78
284
484
893
684
645
955
888
793
639
84
404
680
201
102
333
907
842
723
256
659
97
780
429
622
434
799
141
994
94
797
987
257
167
417
122
20
887
890
330
138
64
904
641
767
748
362
461
258
441
945
646
813
972
11
311
782
323
9
906
213
186
431
249
34
117
975
501
207
796
698
140
974
353
208
678
436
439
922
82
289
692
280
709
761
538
92
786
828
596
242
784
848
857
376
630
51
488
76
185
265
256
796
442
988
233
930
708
899
53
448
52
615
228
792
483
941
879
263
27
683
131
4
558
268
377
517
664
515
579
983
989
331
220
525
569
761
704
375
88
491
958
714
124
758
955
1000
775
109
941
812
384
