980
799
154
449
3
617
459
573
881
492
980
241
623
926
194
644
443
751
546
97
535
845
597
367
781
693
294
394
668
989
289
608
998
849
780
884
876
711
146
48
132
801
8
913
482
303
873
834
834
545
519
640
15
823
367
904
686
389
912
489
27
183
392
306
453
52
23
342
786
644
481
503
848
188
855
575
796
363
310
236
331
1
988
756
594
74
110
541
573
501
97
323
264
931
497
231
697
154
75
378
921
272
679
730
976
850
468
177
402
296
787
415
69
667
420
864
560
327
193
3
159
292
709
981
750
68
531
610
506
312
797
656
42
30
91
644
868
372
949
895
162
441
87
566
511
447
368
365
54
30
689
399
336
339
687
964
991
671
242
309
635
433
208
817
735
563
82
5
610
466
100
127
714
517
786
117
91
88
5
374
100
872
57
289
441
592
81
75
295
26
414
547
333
178
554
312
231
860
957
865
230
661
215
476
508
393
996
667
443
144
344
264
656
938
974
11
791
736
643
908
645
123
555
546
671
970
570
227
389
489
618
635
456
434
252
67
370
245
472
387
567
524
993
992
614
40
663
837
458
615
234
825
843
222
241
429
519
693
813
638
11
522
961
395
717
660
475
718
883
593
498
499
418
648
511
543
943
743
850
602
368
323
871
848
278
318
395
141
475
346
272
601
652
639
115
842
626
656
745
961
866
737
661
36
589
112
933
534
675
926
850
228
284
612
503
650
150
767
571
476
540
866
76
450
995
516
669
962
101
545
533
949
748
322
514
37
568
318
111
432
695
381
500
876
988
579
364
900
256
834
28
719
742
387
701
176
733
128
557
930
376
69
529
998
214
878
659
175
444
682
968
583
344
650
709
214
966
948
432
778
375
874
775
876
983
880
890
722
661
755
446
326
543
93
580
247
86
500
265
212
153
835
79
18
531
72
294
489
814
7
338
761
309
274
760
770
598
479
801
447
202
714
387
486
132
51
317
915
884
188
788
913
87
692
625
648
68
809
699
926
556
421
569
711
710
243
42
346
686
926
376
646
662
444
729
583
243
304
440
29
64
577
129
877
337
601
166
789
271
234
463
929
608
807
10
744
634
178
271
372
649
423
169
766
299
793
714
351
141
452
11
541
774
424
335
246
263
515
953
955
586
188
858
601
513
845
993
425
261
841
526
273
318
471
989
872
759
222
843
59
590
827
283
948
852
649
462
610
346
268
959
830
954
66
855
47
895
85
368
672
930
233
392
984
862
206
547
107
202
558
22
341
78
257
748
419
597
697
822
309
479
692
203
756
651
732
310
314
572
108
457
980
773
894
601
36
547
20
773
628
556
698
124
458
271
548
221
485
944
960
646
215
32
244
841
24
880
206
338
34
651
941
419
92
428
526
236
147
578
452
529
613
208
697
335
654
616
282
508
658
401
385
987
717
807
543
573
99
744
80
318
599
211
92
460
953
969
120
830
510
334
691
659
194
376
276
241
32
843
581
970
439
253
462
417
647
925
563
875
324
497
239
64
288
869
660
335
215
21
781
169
708
237
343
187
841
534
640
951
827
657
294
80
262
311
987
717
449
772
425
295
37
373
419
879
226
923
520
372
729
