386
658
681
438
513
894
739
889
652
288
661
251
683
749
917
976
865
325
960
385
406
732
490
883
217
410
499
634
276
265
354
540
490
544
384
423
320
416
476
622
881
673
537
39
554
989
47
366
252
388
142
552
469
89
182
18
287
215
551
896
989
152
442
704
936
623
235
639
557
223
969
192
686
286
65
94
240
812
678
990
22
815
881
291
193
18
647
365
772
713
861
721
945
549
863
514
559
883
686
48
185
311
753
780
612
214
380
999
287
623
849
868
515
110
637
85
733
678
691
870
243
137
673
352
197
743
196
996
939
318
916
912
2
100
344
605
951
848
758
866
361
606
422
621
198
743
984
816
435
842
401
11
396
12
436
139
50
328
999
773
96
64
102
74
449
77
797
641
908
623
696
58
294
576
303
755
559
795
122
685
728
847
269
282
101
810
426
351
428
182
651
516
942
93
19
547
896
853
412
330
796
9
408
864
629
673
350
200
569
327
578
42
690
963
245
679
374
749
664
970
832
980
251
63
610
957
735
8
443
547
575
456
11
482
351
763
629
508
701
425
123
824
534
862
399
227
860
495
992
560
943
315
758
564
441
124
758
719
874
412
256
889
462
404
402
531
595
879
214
588
35
293
149
964
794
496
396
699
857
279
144
873
464
452
421
523
788
779
703
7
741
829
538
799
592
153
492
693
879
592
911
167
528
913
720
650
432
176
226
120
422
80
99
553
322
511
101
601
145
338
412
403
950
127
111
465
561
357
730
599
610
962
344
203
258
837
619
822
13
977
90
962
541
68
533
360
401
159
772
656
740
972
942
267
906
401
708
526
688
799
549
173
431
866
282
445
680
449
818
464
438
190
841
756
937
204
845
205
268
649
919
938
789
661
967
156
675
197
791
749
637
97
677
856
710
182
763
867
228
252
793
91
239
587
937
643
834
689
399
787
790
34
428
449
101
607
70
595
124
404
514
370
992
1000
553
383
155
600
495
505
25
264
926
67
688
341
155
157
877
223
592
310
984
937
946
735
97
652
446
828
913
69
952
385
226
559
327
877
881
576
61
176
19
138
924
827
765
185
968
101
179
626
877
667
536
319
900
848
739
454
711
282
557
487
788
67
123
301
542
65
960
801
574
649
492
265
30
696
892
945
463
510
850
957
824
406
997
315
494
467
854
900
397
759
909
801
464
480
545
827
711
825
150
80
745
857
337
516
251
264
866
386
553
421
371
576
238
637
896
3
245
613
723
514
365
690
690
184
272
591
820
298
400
374
794
100
611
105
407
156
854
711
201
520
974
541
964
149
530
169
481
817
152
621
489
297
311
539
827
953
844
898
285
551
224
450
452
572
273
382
883
67
696
77
898
187
670
880
167
26
190
798
656
867
642
6
603
603
937
636
378
104
770
592
811
511
877
301
58
261
399
43
285
44
111
193
355
747
375
892
23
262
615
815
923
418
565
151
294
323
514
875
518
860
171
696
932
10
330
724
247
538
528
886
98
151
80
855
27
247
361
503
960
613
419
733
724
322
577
208
392
275
489
649
90
902
220
373
923
323
482
707
638
644
118
660
825
144
331
631
512
75
32
218
788
213
549
260
544
239
787
460
477
514
549
559
672
249
753
726
373
117
745
713
784
275
353
708
447
118
238
495
38
558
741
958
635
510
123
428
511
816
848
425
338
805
196
679
813
659
707
685
982
172
697
297
844
107
192
875
390
669
494
926
952
432
187
785
25
383
836
744
325
201
648
352
260
427
608
594
165
731
320
650
29
937
864
575
133
869
378
964
699
411
637
984
944
617
954
172
785
529
713
640
328
311
504
238
715
43
486
156
586
746
447
931
844
170
217
551
688
939
560
277
532
321
457
813
993
452
510
85
147
241
10
217
615
734
203
36
943
466
886
764
398
36
240
616
704
872
814
157
157
735
812
298
476
220
538
952
820
134
851
876
183
762
480
122
703
16
494
40
94
574
316
608
635
101
838
924
290
918
769
893
86
908
109
492
353
820
595
757
940
575
736
354
48
737
951
497
547
525
242
781
843
815
759
316
120
343
746
717
45
155
138
732
432
807
727
177
421
653
752
416
22
269
818
702
438
457
516
81
616
20
340
983
957
785
101
950
302
442
509
926
762
390
483
60
872
303
618
779
691
984
781
909
295
261
660
332
123
645
977
167
624
424
904
601
185
46
175
368
805
770
520
920
287
331
874
419
281
291
495
634
922
672
515
861
724
151
