586
692
944
160
548
779
939
722
209
935
683
364
160
897
912
232
579
753
525
531
42
994
746
574
154
775
176
108
608
834
284
958
314
27
708
865
261
533
338
846
638
684
949
926
732
746
785
217
680
618
655
424
916
231
728
911
769
327
494
488
785
54
372
76
676
992
920
492
188
612
866
565
808
591
549
247
644
900
306
605
911
285
52
427
640
715
89
302
22
225
723
520
778
434
64
959
137
144
829
330
462
744
454
856
896
683
451
741
261
297
166
866
680
35
585
454
959
239
510
257
457
475
344
42
549
654
889
374
177
200
578
29
158
168
922
856
86
866
183
634
903
398
659
828
949
722
170
432
275
743
217
651
274
134
266
176
66
309
62
634
186
313
1
741
643
358
596
315
602
220
83
337
738
300
843
474
438
439
104
440
31
141
200
363
745
249
63
795
483
656
145
375
869
50
337
154
836
900
355
486
901
153
315
928
553
203
273
589
770
663
753
933
864
626
53
113
105
752
634
760
505
149
325
77
927
792
742
269
508
42
845
133
15
555
802
896
974
291
178
951
39
522
136
996
431
143
645
481
304
680
889
81
168
587
276
394
537
268
757
260
697
891
688
448
917
772
689
150
276
607
701
545
788
994
875
604
146
928
59
83
424
852
232
992
800
648
252
762
243
559
300
188
15
442
679
715
546
64
43
505
849
205
185
616
73
758
319
842
761
157
821
64
402
57
133
563
626
322
146
590
797
184
524
795
428
391
843
330
24
166
340
7
305
199
198
127
219
291
886
184
204
631
629
510
449
919
761
600
747
368
514
842
242
717
567
591
841
855
343
659
31
80
15
39
70
422
879
648
539
371
130
900
588
951
197
332
153
365
901
855
17
462
587
342
877
251
291
900
662
172
974
69
215
634
640
472
505
282
455
121
183
555
232
523
562
148
469
135
339
162
74
577
756
894
136
342
735
713
937
981
515
29
807
80
270
970
192
999
942
248
116
958
985
686
381
580
228
995
886
73
737
434
696
201
85
713
766
504
714
133
770
770
85
172
594
435
443
970
827
611
513
621
725
459
628
744
837
705
903
969
834
198
941
696
907
235
897
996
853
510
987
304
108
865
269
977
694
266
577
613
193
114
818
712
769
423
171
303
727
392
141
933
253
607
349
556
905
607
189
471
674
994
886
634
59
666
366
664
113
703
243
216
51
852
819
971
955
726
172
294
904
701
311
971
631
365
96
536
790
351
574
499
352
382
11
817
499
893
758
386
520
640
449
712
273
214
495
930
418
643
542
358
367
987
299
299
963
23
287
625
171
470
722
253
602
993
293
673
667
331
157
198
691
972
539
923
906
333
530
237
933
639
720
287
815
743
897
380
432
445
120
38
117
74
467
156
433
538
894
823
360
872
229
379
206
992
519
314
648
929
890
85
406
560
149
876
79
998
605
843
679
146
227
91
202
109
558
299
988
934
