212
973
204
978
650
693
226
354
43
969
484
564
184
35
418
861
297
952
83
231
798
309
573
449
514
1000
788
133
367
624
82
910
588
263
908
37
465
165
791
487
253
550
530
823
433
580
82
353
863
527
974
816
573
517
594
744
851
470
324
139
538
888
896
878
273
840
180
499
324
25
775
737
304
971
127
857
297
165
651
561
446
489
646
440
678
197
1000
267
741
358
849
351
801
238
674
526
678
61
288
543
364
700
115
893
133
89
523
652
220
690
841
492
787
455
615
794
63
747
666
685
396
593
805
626
19
334
242
690
551
938
991
749
584
750
979
361
788
920
557
22
965
117
927
638
51
830
776
536
167
194
773
111
484
877
751
27
40
222
229
657
39
456
183
510
629
629
228
930
294
146
658
445
489
527
644
165
128
297
949
274
553
611
351
481
650
798
400
896
519
475
372
820
582
550
169
801
423
460
36
806
287
28
25
842
64
761
308
310
661
652
960
966
71
700
636
730
335
797
486
440
784
293
472
199
386
912
586
841
794
185
120
535
952
833
34
787
939
567
976
864
545
87
10
781
659
34
731
367
58
984
624
664
188
743
520
413
642
35
985
819
198
884
109
830
633
282
137
855
237
793
441
881
913
92
451
115
101
486
366
921
413
5
631
448
35
385
536
902
637
899
34
518
760
221
199
823
195
770
222
374
459
240
498
158
631
5
626
188
4
187
396
487
909
38
824
637
805
563
834
767
522
526
901
31
344
861
101
31
337
324
666
273
465
168
709
3
466
370
644
684
721
480
683
531
271
701
451
46
89
429
63
219
502
403
414
403
315
255
171
205
50
805
939
736
582
810
561
950
865
345
666
501
737
998
285
416
374
987
808
986
332
430
489
273
63
617
896
50
635
625
153
67
372
242
219
482
103
328
110
536
104
900
895
113
808
303
906
947
939
860
560
834
300
277
358
990
964
31
65
329
642
286
117
374
696
549
691
257
306
880
491
449
572
162
351
570
854
740
944
406
901
759
466
44
137
802
628
773
208
755
495
862
657
599
942
947
434
937
550
184
571
243
210
968
496
353
496
86
679
414
710
650
861
302
853
436
441
32
669
751
553
950
795
422
821
185
301
544
146
907
337
294
858
200
386
161
922
447
93
650
667
151
92
593
10
691
248
402
994
855
292
104
489
520
555
581
871
226
822
201
269
218
392
509
514
842
593
643
842
526
652
849
514
768
563
327
942
589
402
280
651
892
564
530
282
560
161
933
382
124
704
242
839
580
8
23
999
932
330
370
232
337
35
186
133
910
464
727
100
230
149
540
398
881
502
187
878
282
9
576
987
736
631
20
715
960
507
760
139
887
509
555
330
557
246
732
74
685
782
684
821
217
971
49
346
376
114
488
163
515
657
952
623
456
488
698
196
319
254
738
403
471
348
899
880
286
625
987
714
225
566
558
463
762
437
579
35
60
338
51
61
510
26
747
287
343
211
972
905
812
159
216
951
844
277
558
553
63
486
405
354
907
250
208
851
271
442
142
339
217
85
443
331
641
45
364
381
211
202
197
335
528
859
514
239
58
998
506
167
18
271
58
838
199
550
843
585
301
398
746
763
951
327
974
171
532
125
333
30
116
681
561
560
114
294
412
788
197
366
248
842
138
743
557
122
162
449
352
331
14
840
783
27
465
680
43
175
952
729
855
