305
755
98
147
283
964
188
836
776
102
261
933
298
255
293
410
70
894
916
407
856
117
808
455
727
941
286
755
349
818
207
735
354
686
383
244
384
232
350
249
586
879
975
999
262
933
727
601
199
406
538
414
254
940
236
56
403
704
471
320
254
925
141
844
848
748
488
304
585
174
768
974
551
704
619
341
404
791
59
271
975
308
169
722
814
869
719
196
90
753
455
913
363
446
570
474
738
176
354
853
634
665
98
907
240
822
218
216
185
653
219
397
566
299
725
16
751
720
252
981
119
172
348
231
48
755
958
396
693
180
392
79
145
635
620
411
113
699
561
756
509
193
40
242
434
645
159
104
461
174
288
576
799
392
435
505
402
78
60
868
556
565
99
280
848
830
712
833
5
993
417
195
828
915
262
815
545
679
745
792
600
929
356
196
16
415
640
388
699
691
201
397
397
980
457
710
191
492
615
92
656
641
601
279
809
782
716
389
257
425
846
228
744
83
66
132
255
331
435
357
809
461
325
427
913
997
15
213
23
49
622
287
657
549
2
953
20
861
879
559
256
328
446
571
791
194
166
605
787
766
850
272
72
291
305
660
50
76
196
292
710
229
339
268
660
643
360
402
725
962
216
344
375
98
841
282
360
719
788
943
711
821
815
30
278
257
107
149
244
657
455
453
728
676
491
320
933
101
565
414
48
250
740
181
450
523
302
104
18
320
786
525
844
11
221
161
505
599
78
433
100
537
517
621
927
100
554
149
297
695
495
202
159
146
371
311
696
734
929
873
200
366
993
157
713
184
337
336
542
244
549
261
703
222
889
463
261
284
461
517
784
541
608
637
532
815
619
101
447
443
224
627
450
897
892
726
306
709
654
293
261
106
991
816
701
150
683
915
966
617
988
478
962
342
530
700
364
721
999
204
598
759
213
591
705
242
554
667
511
801
113
459
496
46
451
95
110
394
641
651
397
111
169
472
984
300
450
836
826
994
831
580
666
979
803
969
622
352
388
348
65
258
298
853
337
345
418
440
771
558
819
235
451
816
667
387
177
389
262
814
174
808
820
539
302
333
71
280
806
564
680
861
193
967
634
343
770
858
628
824
64
415
331
471
22
836
254
994
813
802
28
344
445
737
936
961
122
187
980
303
247
857
431
219
993
253
743
526
961
823
