615
800
743
562
840
11
895
785
237
372
74
90
400
529
73
92
628
254
58
811
836
135
824
159
53
171
59
405
595
29
810
980
118
983
425
560
196
924
457
384
200
304
132
623
845
234
853
827
496
614
399
678
461
681
717
191
415
540
72
994
655
430
81
445
84
475
979
555
722
737
271
536
710
749
494
747
488
837
250
1000
978
725
638
615
775
656
714
856
760
630
788
328
373
351
913
89
342
444
61
485
785
755
552
332
595
915
67
567
311
569
139
285
939
421
420
161
656
616
33
19
640
755
623
370
480
248
390
93
38
6
254
717
993
940
403
114
622
134
289
141
703
542
446
364
436
364
156
972
881
552
507
77
121
424
597
339
490
337
181
269
925
984
760
607
363
909
137
536
133
820
754
738
225
965
855
541
341
785
213
666
959
1000
175
107
299
856
78
10
985
270
18
545
360
8
564
170
944
501
249
908
958
177
297
811
646
949
764
217
405
691
706
855
271
242
947
653
312
833
624
432
959
53
411
368
371
709
463
256
383
551
273
417
880
436
956
167
874
613
647
516
52
402
506
700
1000
798
833
22
622
413
130
804
769
153
29
268
758
52
475
290
284
996
176
87
621
440
271
696
168
649
203
752
236
99
932
74
468
792
914
813
462
387
542
857
333
70
731
198
247
617
69
931
10
59
606
186
813
688
632
936
712
867
109
187
52
223
982
691
960
501
237
348
938
649
347
880
286
102
204
634
388
149
875
14
650
613
693
660
335
565
74
291
900
266
760
873
278
184
487
857
830
726
133
883
335
543
364
575
973
378
724
965
892
96
16
339
476
675
946
243
290
609
482
337
167
576
16
376
607
436
40
167
10
929
935
369
931
244
511
78
405
778
226
577
528
572
220
647
821
82
585
706
302
818
479
180
848
659
238
330
96
917
322
725
347
322
77
709
764
384
292
604
967
233
869
506
962
28
298
473
328
254
260
837
264
748
215
85
744
404
356
393
456
335
161
662
711
276
255
91
33
68
821
657
274
389
528
496
773
382
197
873
517
801
269
809
220
347
94
616
625
809
264
577
369
609
203
920
944
413
636
520
507
769
635
501
171
253
563
145
405
858
532
177
358
371
70
485
243
348
76
391
405
426
187
271
78
107
153
462
979
444
509
565
921
447
44
299
589
176
437
699
440
171
323
512
196
734
937
497
927
363
329
431
858
163
856
683
849
55
371
653
170
627
55
189
351
146
889
369
378
834
350
833
204
164
720
921
357
645
251
304
705
171
485
990
555
991
387
641
