997
524
49
510
32
921
913
60
918
319
443
657
872
78
230
931
899
763
552
889
600
660
587
147
843
654
150
587
563
245
52
789
209
160
273
176
542
194
767
630
490
168
246
667
955
874
983
378
122
348
687
568
876
714
940
452
366
332
670
203
145
412
293
425
886
691
220
836
126
346
60
259
284
830
700
777
166
434
936
290
252
169
143
723
788
57
932
702
784
434
398
158
465
766
471
569
34
913
996
171
598
950
582
153
520
224
645
105
749
566
537
761
293
326
28
629
958
592
118
788
683
413
792
558
293
521
920
481
907
423
