869
754
948
488
248
794
281
261
31
968
209
334
588
784
808
869
636
215
765
102
555
388
174
87
406
425
933
878
212
978
858
583
398
344
297
413
632
425
693
327
245
220
511
712
418
702
588
294
459
916
877
479
891
373
963
155
688
198
744
965
290
902
458
923
802
428
36
264
50
487
886
796
864
357
798
852
200
653
255
128
664
496
353
349
132
234
596
229
389
224
520
623
791
734
762
135
995
505
335
741
422
477
113
301
642
262
863
203
19
694
671
825
35
375
590
566
809
562
644
167
54
494
470
676
771
23
413
858
658
452
217
848
119
336
164
308
977
624
679
628
609
837
622
323
190
922
272
576
992
451
931
736
77
893
281
631
49
486
45
271
296
28
64
962
175
664
914
419
498
198
565
445
174
628
196
642
783
468
806
678
387
802
242
681
587
212
690
823
266
121
768
533
165
719
186
66
285
552
312
701
692
133
377
776
799
331
449
419
569
318
400
664
13
691
290
187
446
62
22
385
397
663
935
780
778
369
690
747
614
701
752
558
524
218
685
160
594
619
887
231
246
844
538
824
900
941
970
612
631
822
927
974
869
955
307
826
1
873
760
764
795
752
714
248
921
627
884
336
869
61
206
266
340
327
535
989
557
497
536
134
840
872
209
688
646
101
634
170
683
640
443
744
211
697
183
874
461
686
456
733
99
630
196
829
651
692
169
237
334
988
246
683
552
719
46
358
823
91
280
296
258
143
443
6
966
146
115
631
372
642
773
469
38
809
192
487
464
922
807
420
775
361
191
430
737
982
704
792
55
238
307
546
979
852
778
269
548
516
784
176
498
537
812
890
670
376
267
885
463
121
656
249
963
433
601
364
885
177
717
324
928
883
88
217
23
608
597
677
683
842
63
515
212
867
594
659
335
768
547
822
619
512
471
258
612
688
254
252
111
948
613
128
977
926
901
902
774
348
494
265
3
399
741
427
217
421
475
707
622
667
375
559
315
37
115
386
394
929
539
989
449
12
419
742
1
69
948
696
417
392
44
667
178
717
882
1
272
637
908
521
90
964
654
579
150
373
575
426
378
63
122
50
225
498
642
471
827
463
208
167
663
236
704
616
80
210
750
47
831
457
775
124
190
813
409
722
507
873
318
870
701
272
398
689
695
672
152
839
547
55
447
177
647
211
372
71
143
692
491
870
161
744
731
629
876
597
822
937
342
746
227
493
335
871
320
887
315
945
745
169
463
637
595
917
496
262
242
28
494
723
725
163
383
176
112
593
516
711
590
283
435
505
783
329
99
267
521
199
200
51
755
100
873
949
626
926
954
707
262
262
618
290
977
195
858
598
243
511
451
297
558
398
773
74
69
670
678
428
61
243
190
935
884
772
879
899
341
556
684
423
