226
42
845
870
254
986
59
350
796
437
364
593
298
959
98
471
60
936
538
11
710
596
836
178
399
971
68
29
111
865
115
735
155
148
59
567
388
326
49
70
958
773
371
504
581
825
823
564
881
8
4
644
760
974
38
824
92
634
755
870
276
779
901
175
674
788
359
320
889
716
556
780
840
532
60
44
163
113
148
178
778
902
835
509
377
970
490
527
329
1
512
407
740
105
409
792
14
869
199
42
841
493
196
143
421
977
509
594
203
215
100
294
301
191
188
121
836
145
204
607
765
101
973
816
587
352
435
478
92
492
748
588
138
531
306
849
72
141
135
323
380
686
289
810
812
48
568
879
150
898
217
414
699
369
793
253
192
81
780
772
404
377
690
570
776
264
841
141
580
462
609
943
796
989
700
31
480
59
667
767
36
590
936
417
995
5
415
559
481
697
824
796
923
510
633
697
766
134
367
51
694
684
864
449
366
940
65
122
210
884
137
764
986
733
13
36
463
681
833
621
436
922
268
715
50
780
289
983
730
360
935
34
367
216
402
420
877
199
235
893
311
151
166
451
651
677
847
900
693
425
456
891
189
76
189
999
94
569
68
511
421
211
685
37
506
608
437
286
369
80
843
417
941
953
728
833
784
304
877
609
414
601
887
871
262
981
86
113
447
174
745
461
735
580
630
579
204
759
156
41
812
636
763
76
752
773
380
707
793
953
