12
418
326
22
793
186
442
243
123
377
831
922
302
234
785
343
857
525
161
329
642
818
513
694
931
688
265
557
24
16
533
396
85
720
801
450
195
471
820
930
964
645
439
620
980
231
828
716
52
919
766
478
396
595
535
400
381
925
98
831
201
604
997
604
996
792
619
623
356
969
588
219
68
793
526
691
673
45
676
874
451
57
926
857
72
116
399
169
777
201
709
296
56
738
513
202
716
20
100
974
773
798
14
470
412
407
382
5
883
683
231
846
251
891
672
442
917
816
551
629
895
20
505
572
241
89
900
543
232
411
35
913
450
583
678
428
646
305
503
160
976
440
735
647
464
389
525
20
323
757
357
997
78
315
884
360
456
855
402
522
471
270
555
963
566
444
867
953
732
333
884
23
603
308
638
696
178
511
496
506
425
855
208
880
467
59
611
830
697
357
183
826
459
26
988
963
722
862
754
618
33
901
423
718
965
163
698
829
280
795
799
667
874
448
305
288
566
722
715
306
132
967
331
287
548
396
957
681
624
573
301
504
796
716
668
777
231
48
764
899
328
247
293
550
239
946
664
967
354
421
828
58
814
341
330
671
878
916
259
30
852
711
369
428
830
94
250
417
684
85
118
964
323
922
749
911
229
499
523
343
455
3
262
421
669
17
262
552
434
924
597
722
655
565
570
753
918
661
164
466
377
332
94
112
209
875
16
247
404
685
390
266
718
374
420
770
486
354
618
361
444
67
302
618
766
625
582
658
885
776
118
840
650
704
801
746
290
480
612
47
709
224
349
373
831
539
811
108
637
677
29
607
390
857
806
449
921
373
844
140
557
318
691
549
315
299
849
404
560
229
129
327
620
431
898
400
100
316
578
277
96
612
163
339
553
280
677
443
116
671
122
500
754
556
526
900
727
79
310
897
329
233
340
247
845
192
426
183
318
264
350
381
225
200
265
502
536
381
520
243
754
958
771
975
524
174
350
207
759
838
797
631
686
136
126
846
597
899
794
971
358
231
545
739
378
366
704
68
345
451
192
805
866
691
984
308
224
468
170
258
527
118
683
837
848
414
228
174
692
349
415
203
817
977
139
491
663
205
179
511
267
286
171
202
695
551
217
507
546
48
314
335
448
957
432
164
282
189
641
490
43
24
329
165
430
954
954
31
404
905
926
207
401
629
993
834
342
892
40
751
946
830
375
368
771
924
934
2
425
551
690
995
439
754
491
120
816
818
939
300
264
273
696
821
923
240
81
868
169
432
