586
39
708
811
992
533
574
779
912
241
448
94
603
342
924
505
204
428
33
820
8
975
202
871
379
790
500
549
327
626
699
502
29
137
205
30
286
915
298
592
237
982
445
460
232
146
279
51
853
899
580
485
640
935
485
335
284
541
895
240
657
141
781
816
862
141
791
151
169
388
416
248
803
575
522
322
57
718
923
730
816
253
868
995
212
686
879
341
423
875
707
523
934
926
889
829
927
320
122
332
717
479
704
655
666
507
862
785
477
433
129
170
908
99
527
444
842
949
601
874
171
504
161
9
369
394
562
707
61
499
947
721
807
656
83
113
952
783
625
799
237
269
252
736
629
558
394
368
746
335
972
70
933
584
18
456
435
286
164
173
321
725
966
202
363
911
502
922
788
470
150
603
223
591
199
734
466
369
442
860
459
788
864
576
208
971
158
972
929
242
991
418
68
438
448
879
492
313
813
464
159
108
460
896
556
518
815
756
824
222
776
272
641
903
691
30
88
416
468
695
486
917
241
938
250
768
883
288
384
836
139
250
557
944
26
208
117
185
443
380
