969
280
648
210
937
406
428
921
403
911
192
869
652
836
656
767
466
668
601
190
279
667
488
209
705
203
906
992
872
962
366
200
250
568
432
85
737
582
279
359
40
749
148
980
753
556
599
556
57
658
610
959
842
533
697
228
688
682
725
615
382
714
179
176
666
765
509
891
318
794
154
684
397
813
880
495
761
273
46
521
584
847
608
292
188
433
890
704
430
362
643
395
172
609
648
606
943
736
616
614
720
862
702
409
509
898
529
870
133
986
108
86
403
719
351
973
371
606
224
631
918
707
107
305
586
775
205
801
990
399
45
205
306
552
631
875
818
599
779
663
83
920
386
93
707
54
556
666
825
382
91
317
898
828
588
40
917
290
989
84
689
382
11
350
223
694
148
945
245
440
630
498
388
679
903
972
258
649
230
301
745
755
289
68
979
226
856
686
140
86
723
275
807
919
963
847
425
755
462
628
629
780
331
859
986
73
727
698
386
937
925
167
143
483
807
997
803
980
292
747
415
2
822
899
127
637
503
578
556
148
795
261
498
775
136
734
191
626
985
58
684
645
754
805
81
850
2
303
328
39
838
352
876
932
985
776
518
276
936
43
377
734
643
831
246
116
524
836
763
503
533
949
93
533
533
512
639
405
355
589
776
575
604
534
693
330
417
710
77
11
313
652
475
307
572
775
130
77
791
595
406
84
85
250
916
927
686
529
515
220
524
283
637
899
859
37
596
491
823
921
201
281
591
837
330
23
98
301
288
853
171
265
18
881
101
471
283
388
206
325
357
104
547
461
255
215
814
441
520
539
167
300
92
61
107
166
342
526
817
43
370
479
327
7
239
749
383
834
645
208
453
852
501
682
29
580
819
891
210
958
2
470
264
876
971
464
805
420
629
488
753
678
213
921
704
169
142
525
753
820
791
13
547
381
768
808
542
14
782
340
499
32
14
637
314
64
821
321
548
417
699
236
925
534
347
728
331
741
170
440
820
43
676
81
28
765
379
351
15
194
683
839
895
390
345
711
544
187
62
208
706
899
426
26
644
59
527
563
993
629
78
453
352
606
513
140
544
500
184
499
449
230
552
138
612
661
896
157
86
263
426
358
135
52
811
316
280
802
37
414
839
513
234
43
138
971
897
946
849
389
712
36
655
318
865
449
760
46
127
426
991
755
341
434
148
924
943
740
743
849
933
244
731
642
748
683
117
972
95
744
144
312
962
85
91
678
583
209
360
695
976
132
199
344
750
304
724
725
55
690
652
103
864
911
555
170
135
169
814
457
