185
242
113
836
292
934
88
687
634
462
486
273
990
239
863
672
360
707
227
626
374
534
39
418
466
529
142
783
154
879
830
161
921
909
104
164
838
905
845
557
957
221
620
700
6
344
197
506
688
743
871
893
239
90
570
330
5
821
769
148
408
47
645
661
712
918
387
481
757
365
9
93
542
513
168
485
781
808
844
352
558
644
510
703
612
729
700
333
40
680
62
243
305
377
500
614
434
740
34
121
251
504
88
993
111
615
752
87
294
523
719
255
474
895
194
148
70
884
292
878
823
721
733
395
570
319
182
752
791
236
754
9
191
682
178
41
535
447
915
664
869
810
206
26
663
313
363
578
503
958
549
602
584
247
419
477
819
337
941
455
27
895
773
159
747
108
43
700
478
138
796
429
791
653
58
845
551
162
10
640
6
993
820
265
791
538
359
222
941
243
487
755
795
316
166
832
388
603
750
762
525
353
827
710
888
497
607
801
413
871
172
827
384
870
676
953
918
25
645
733
493
903
702
340
206
986
866
720
59
166
833
2
737
308
46
940
638
246
628
164
71
116
159
1000
42
863
311
14
184
65
22
46
224
370
841
639
911
395
426
494
313
167
320
689
98
848
726
198
847
532
936
930
984
430
491
800
935
20
467
235
580
276
800
693
878
803
575
726
801
796
70
361
632
340
601
455
397
472
271
932
21
764
973
820
87
717
388
762
730
240
505
665
516
350
812
610
455
958
969
62
764
700
96
397
979
464
384
356
579
146
397
346
135
931
505
221
145
66
644
482
594
447
205
24
102
805
862
576
985
443
721
596
834
678
547
515
762
114
235
23
506
22
51
273
775
768
708
23
609
140
699
598
614
359
890
424
264
579
218
454
454
895
119
447
260
191
431
804
551
852
89
325
430
882
538
676
913
171
872
115
812
973
436
171
431
301
915
924
423
986
619
871
73
292
965
141
282
3
637
669
247
185
992
391
188
711
754
332
103
295
748
665
28
8
866
190
172
560
685
637
345
434
472
487
929
844
783
213
207
52
522
647
105
990
947
462
753
349
953
592
502
734
233
885
794
611
195
660
531
759
875
36
693
339
77
684
623
419
977
610
455
16
412
679
513
918
845
885
487
213
181
998
685
182
158
643
11
211
922
518
252
723
817
182
675
887
592
297
450
636
490
239
776
828
611
359
766
732
748
894
603
165
615
717
73
369
19
744
897
415
95
408
397
831
699
697
520
198
698
114
602
836
589
890
392
335
276
887
888
466
160
51
700
230
542
52
250
298
488
151
566
663
934
765
858
675
207
583
846
163
145
674
449
193
705
835
454
497
562
891
125
929
194
974
982
92
423
118
446
243
73
105
136
345
77
595
248
410
175
867
436
375
590
833
186
198
980
28
457
218
698
796
346
126
776
861
177
651
345
669
176
729
420
429
788
84
290
206
153
614
155
770
360
134
108
596
74
735
532
761
449
821
271
501
36
821
791
823
354
574
928
440
516
567
109
881
596
929
513
943
997
662
885
19
988
886
751
188
996
860
90
294
524
66
670
643
938
535
146
652
886
218
563
233
331
632
635
927
989
859
493
296
681
621
261
199
962
896
462
52
270
128
556
777
923
235
409
475
164
595
105
69
521
418
619
25
759
839
779
983
40
920
274
334
888
347
156
40
469
397
3
665
465
15
389
258
166
990
159
829
932
937
762
242
738
352
831
521
800
233
551
76
350
108
387
155
402
268
406
511
208
358
81
434
300
125
459
840
493
825
812
632
228
43
315
913
363
965
144
831
161
15
422
240
554
521
377
589
801
480
309
568
396
62
153
137
455
427
696
46
497
774
144
754
281
352
50
879
241
382
578
613
665
521
542
54
794
147
177
743
81
86
466
39
5
303
53
907
741
299
553
662
47
941
867
473
680
460
417
143
12
689
321
964
711
456
878
691
95
644
610
90
860
440
267
241
537
394
552
123
183
866
434
21
999
387
103
451
724
249
466
976
30
559
509
484
941
511
210
221
802
97
778
683
527
227
797
683
598
502
839
351
322
238
886
562
967
889
89
942
212
709
62
666
617
803
7
48
771
777
883
207
899
855
400
581
698
940
255
300
