283
450
153
345
431
364
53
427
306
300
366
114
916
343
353
554
838
64
462
825
732
415
939
594
422
208
153
811
575
936
388
101
657
34
503
963
186
850
77
574
879
402
536
350
908
558
364
404
651
401
494
102
510
34
333
695
718
381
134
563
803
954
98
476
673
99
36
255
138
832
980
548
259
6
89
698
729
38
618
802
238
725
197
107
600
637
87
990
41
744
178
67
310
292
732
503
309
560
27
474
786
91
82
847
321
630
562
487
836
104
779
283
18
968
158
276
1
157
958
306
274
725
28
466
788
232
157
620
109
913
780
953
53
177
183
458
436
617
689
432
385
531
540
436
947
108
198
904
391
236
501
669
560
717
300
969
538
214
502
932
481
765
310
85
185
226
403
453
91
405
608
457
803
702
948
711
272
263
942
742
552
532
361
116
114
190
799
887
774
5
230
579
111
712
733
412
238
808
221
60
844
736
661
484
520
879
567
797
73
827
941
156
985
881
110
327
976
335
744
968
885
714
223
757
798
906
260
969
683
647
676
548
643
482
459
519
517
442
725
498
179
906
764
808
122
305
377
228
862
620
273
369
677
511
921
416
73
62
88
502
986
368
18
655
484
174
954
105
177
56
235
433
58
449
939
443
171
175
104
749
268
472
67
533
952
322
660
332
814
414
396
897
495
423
127
718
911
235
68
758
211
404
999
544
487
796
615
441
178
489
356
63
999
257
603
246
188
20
507
340
902
364
925
81
3
938
537
782
955
802
914
857
575
70
507
959
377
581
250
859
929
439
303
396
934
244
246
993
223
715
382
296
571
230
252
686
907
191
996
818
789
566
932
599
42
346
575
715
618
894
376
469
603
820
234
696
760
319
649
145
295
51
158
570
539
198
797
20
747
66
9
648
385
539
733
926
89
223
741
188
49
928
208
943
786
68
517
687
884
544
44
698
399
696
579
984
191
372
234
682
305
475
723
505
288
462
164
489
631
819
941
389
136
217
40
374
925
711
101
750
646
100
915
796
962
465
742
677
381
816
315
499
956
271
243
339
612
106
764
343
870
198
645
691
705
433
19
481
826
154
553
117
556
932
230
992
908
332
620
218
575
400
600
386
128
753
65
832
572
18
561
894
357
140
372
144
266
414
867
650
833
599
717
614
113
159
875
498
871
138
235
951
235
259
469
843
173
389
969
80
935
481
310
409
459
849
90
524
115
948
663
309
817
647
336
792
329
979
921
672
22
914
791
503
284
27
347
762
149
404
520
922
915
614
422
398
359
192
498
738
76
1000
642
867
17
885
169
219
571
926
251
732
605
662
631
718
777
39
59
461
682
384
870
83
419
695
305
303
375
351
115
417
606
826
692
48
664
819
500
230
525
422
169
520
366
43
568
387
397
614
5
574
531
32
817
189
255
125
659
841
949
290
975
994
121
815
589
989
37
673
914
267
36
382
956
750
957
875
838
366
811
603
430
83
626
14
798
548
830
285
820
501
242
51
999
224
901
290
707
28
637
521
934
477
765
416
671
812
991
397
114
865
487
208
769
796
664
332
548
786
156
684
249
162
385
320
604
947
110
172
594
611
137
515
172
148
569
483
666
77
71
226
879
288
665
103
569
627
789
949
993
970
801
771
862
103
349
32
147
565
271
844
883
19
474
854
750
240
39
225
385
639
999
931
890
938
445
436
672
888
95
801
584
184
491
260
244
388
887
689
336
21
439
446
214
688
851
274
56
399
