733
254
130
997
802
829
25
86
54
155
253
123
471
96
741
247
320
174
881
528
927
364
928
665
100
965
193
475
579
489
821
835
103
637
982
328
194
116
516
293
890
700
343
535
524
133
940
712
925
29
392
704
174
817
552
355
900
800
310
470
368
228
508
938
213
341
689
599
469
454
891
741
872
491
338
978
362
126
425
982
441
188
762
372
447
845
769
335
310
821
634
376
134
583
62
42
130
542
901
744
237
164
553
998
894
635
750
772
644
266
28
782
120
606
849
486
400
974
231
908
507
804
329
660
114
196
989
529
88
623
916
269
731
282
648
760
677
506
51
779
423
447
992
195
736
559
407
265
458
517
702
163
32
920
766
261
992
950
419
772
423
544
112
122
291
921
699
615
768
685
325
407
49
242
480
470
323
31
430
874
676
143
564
950
4
921
904
742
377
254
473
446
513
2
969
765
160
622
181
598
387
396
785
92
531
683
899
361
845
578
858
617
634
390
336
61
311
629
19
597
773
926
395
484
558
401
524
220
217
834
805
866
855
370
527
12
630
483
353
977
31
287
592
723
600
764
424
72
956
573
391
621
55
630
21
927
770
301
597
279
741
121
58
407
941
1000
44
151
112
46
238
116
360
136
173
644
512
967
591
531
943
492
157
935
944
731
540
580
334
389
881
780
491
554
843
574
199
124
57
764
731
747
926
221
457
954
697
461
770
22
620
617
810
965
745
77
996
144
973
608
900
550
98
772
958
981
253
241
944
849
862
97
691
307
612
480
233
509
489
741
86
915
311
770
758
809
59
202
3
894
388
42
735
905
980
869
85
230
811
864
576
73
381
366
802
550
926
65
789
860
722
576
213
496
302
959
727
427
525
537
856
507
68
427
657
357
234
207
101
848
622
466
489
476
760
655
509
369
337
924
636
607
519
305
927
481
169
237
417
726
761
87
474
207
859
556
138
936
834
485
816
494
1000
195
509
444
902
485
752
631
361
908
448
636
618
614
205
810
622
806
759
685
333
869
71
677
632
492
392
670
131
487
921
384
880
836
879
713
948
344
285
627
368
973
285
821
71
835
636
345
579
311
713
516
830
750
19
718
716
486
254
579
458
334
94
87
384
254
620
1
728
992
786
189
452
874
362
974
389
524
455
260
657
738
186
953
652
132
265
16
189
550
67
274
977
602
640
186
27
704
861
501
276
652
490
550
809
167
161
687
277
996
25
893
393
694
800
272
48
949
302
19
703
387
610
281
876
499
63
77
85
242
475
9
723
492
799
481
874
570
697
808
818
357
553
588
302
353
481
991
670
345
292
475
797
707
889
246
359
374
854
209
585
411
224
108
353
507
750
23
337
743
83
844
815
981
306
903
917
510
93
968
170
249
777
46
738
6
486
791
848
289
373
138
758
357
285
249
1000
199
559
683
213
355
286
616
686
715
77
649
310
659
685
81
436
811
469
396
962
38
438
575
194
96
92
559
145
632
793
778
987
730
861
564
526
337
185
135
89
330
650
699
495
682
471
92
189
678
608
494
908
878
323
990
705
352
247
689
416
183
680
279
765
971
53
278
469
37
759
603
153
623
458
329
120
90
149
306
739
660
223
201
307
248
574
717
410
439
82
296
452
215
276
161
248
873
871
450
265
326
823
576
479
525
797
144
540
463
372
821
973
22
336
884
127
150
755
110
707
476
290
463
25
703
942
875
847
311
369
855
655
304
160
542
540
131
809
397
163
717
453
847
126
101
153
492
5
411
413
480
184
789
510
881
125
273
745
30
825
459
854
225
621
261
184
42
510
720
773
193
292
121
161
716
4
212
764
948
755
101
879
80
394
132
846
89
98
784
30
190
314
989
152
799
285
923
352
395
206
970
909
917
17
870
417
346
308
296
764
116
363
617
298
839
589
568
777
365
664
184
964
295
880
152
785
57
110
402
914
442
335
759
26
391
204
224
209
18
228
505
510
221
583
192
363
18
238
814
226
383
49
997
510
937
556
161
986
815
977
283
