587
247
928
982
891
492
985
972
755
532
742
349
549
337
993
858
79
139
21
679
424
623
286
231
44
211
630
994
815
478
103
768
981
953
868
57
112
858
260
733
223
794
394
73
115
323
127
543
651
99
173
260
936
887
768
850
889
813
279
315
877
692
670
675
414
400
268
891
95
159
732
426
363
211
267
346
358
884
910
298
475
282
198
678
861
439
771
29
18
734
433
144
489
626
480
320
420
327
329
748
470
948
13
442
718
384
617
822
421
915
642
827
736
504
996
805
66
680
205
106
290
560
910
275
14
403
263
409
206
46
997
706
154
293
261
220
441
953
555
410
358
374
212
566
670
31
192
37
853
826
972
90
35
200
263
432
356
505
21
604
714
70
114
292
551
82
478
696
456
292
244
709
406
717
338
866
451
589
877
461
742
133
296
127
172
10
699
773
830
628
643
758
456
589
34
890
876
417
862
270
397
711
35
791
949
846
515
613
307
373
26
563
617
773
707
553
233
23
14
927
757
177
992
643
354
846
633
611
539
366
560
996
666
457
458
991
742
669
94
399
490
718
723
463
523
485
518
615
762
867
36
254
293
802
257
46
945
749
984
659
35
720
997
51
630
12
230
613
379
297
659
462
375
735
883
196
45
823
578
633
370
985
453
118
888
6
201
79
491
158
392
29
447
463
547
633
393
745
688
750
379
951
374
994
530
561
21
280
549
352
192
527
517
337
307
645
646
272
195
114
574
792
422
752
676
945
872
462
618
287
546
721
896
558
850
705
667
562
988
803
963
960
806
156
571
24
551
380
222
952
311
957
788
610
58
4
485
894
702
201
592
159
368
350
864
163
548
293
831
122
623
860
894
889
22
869
202
382
812
516
172
639
531
466
403
454
35
722
373
250
58
742
495
187
374
262
151
764
669
858
285
911
106
526
560
109
40
239
741
173
49
82
468
677
982
107
673
773
938
658
471
38
724
319
469
612
319
807
40
232
751
816
989
767
608
990
996
783
280
858
403
466
418
745
729
649
959
598
235
182
433
189
72
301
941
168
214
288
937
507
66
163
533
456
929
777
678
531
976
968
321
618
655
951
167
20
330
245
717
240
35
949
167
261
400
480
837
600
362
628
656
867
961
628
729
668
284
600
991
630
771
139
39
207
102
110
75
642
987
742
483
80
987
428
284
762
183
962
973
757
715
530
836
547
628
41
137
389
971
52
471
727
56
979
534
747
458
446
357
985
204
527
580
957
412
351
215
168
991
12
977
246
476
341
568
748
378
847
454
124
983
132
574
658
735
363
528
219
871
609
659
647
618
464
180
476
269
924
601
366
864
759
865
650
214
417
188
279
483
163
801
664
554
988
316
866
862
720
404
873
269
896
100
506
700
857
975
546
267
379
304
420
254
573
799
487
39
539
540
34
43
977
821
35
389
945
356
14
716
772
491
589
907
855
734
602
581
725
775
402
918
560
556
133
163
461
792
61
657
989
410
627
699
514
548
654
180
188
443
959
606
671
220
235
980
296
615
322
635
88
891
392
106
191
450
794
43
297
53
418
255
874
255
698
980
912
929
623
384
357
598
444
442
938
491
157
242
589
718
434
656
26
955
75
694
871
802
644
391
844
179
787
547
64
188
87
264
880
583
545
455
814
649
713
199
236
561
816
369
100
823
819
871
744
454
168
953
698
889
450
881
315
646
21
735
954
902
231
988
373
