41
596
560
879
538
495
293
933
835
18
455
249
263
691
872
310
465
948
860
385
40
944
876
431
9
282
973
455
143
284
386
225
528
323
535
880
402
969
493
786
561
293
623
532
178
151
715
255
257
555
419
435
864
193
572
45
397
202
309
141
608
624
241
997
677
746
741
325
462
922
363
929
626
864
24
363
615
880
115
537
53
253
542
444
173
442
747
670
994
956
50
980
67
312
910
443
635
485
101
901
495
141
924
286
593
805
557
902
745
555
506
536
200
696
59
331
791
521
871
998
5
930
167
407
12
604
1000
453
157
805
598
567
276
728
708
8
588
154
73
372
27
579
666
554
777
333
481
455
201
710
606
807
78
639
861
487
4
755
633
636
254
69
144
590
251
67
728
310
461
311
152
867
88
104
242
402
976
353
424
491
382
884
442
198
87
85
119
58
904
441
930
550
607
951
510
358
917
115
83
936
152
575
605
729
714
652
437
567
152
117
540
595
837
512
249
266
267
12
470
651
516
219
663
107
826
355
791
478
389
925
423
103
270
303
918
761
47
490
876
692
125
351
121
773
187
77
657
959
525
830
359
527
88
235
180
919
568
170
407
310
609
103
60
146
244
245
860
826
267
351
489
482
890
876
190
68
380
371
246
886
831
497
543
942
889
87
226
442
528
492
932
138
835
269
773
705
709
228
987
615
420
971
595
855
127
599
50
128
951
223
88
372
517
713
753
40
298
583
500
224
914
690
402
643
635
494
778
279
675
258
26
177
788
639
22
330
324
723
103
882
298
280
791
704
329
438
509
258
130
236
764
541
861
502
758
443
28
377
415
968
720
395
5
895
810
930
113
688
969
886
828
74
270
930
672
366
643
551
57
873
75
803
766
711
99
895
691
102
236
451
828
132
643
924
198
785
347
832
796
82
291
155
111
385
753
751
147
324
439
250
158
134
434
557
52
262
205
340
234
1000
244
589
343
534
186
216
428
416
680
235
615
206
18
416
494
107
431
541
60
967
371
811
8
515
48
464
963
62
569
405
646
67
612
976
251
629
358
875
214
2
616
118
540
888
966
496
83
432
307
96
806
917
142
383
515
998
123
13
230
113
143
728
741
998
286
75
485
453
124
758
37
398
43
264
268
391
811
543
981
679
105
313
946
951
784
376
274
612
657
886
988
147
27
129
4
658
30
388
657
45
961
402
832
459
150
94
353
190
466
188
60
367
84
877
938
312
524
716
418
241
360
344
514
671
681
842
24
7
949
36
923
987
520
837
322
149
188
138
410
221
295
486
138
347
16
549
571
573
341
573
555
847
192
620
488
494
827
277
400
177
331
386
596
206
30
185
80
625
398
234
299
987
700
646
17
984
254
568
553
631
197
258
952
911
884
89
503
39
673
36
875
508
803
53
319
197
372
319
422
222
468
168
573
621
647
195
385
946
235
815
305
834
649
229
470
351
775
754
781
114
31
237
115
971
674
342
877
901
408
76
555
336
712
234
542
340
601
177
643
909
148
696
279
614
283
894
436
860
210
956
517
217
849
283
887
602
846
828
873
52
877
616
615
333
944
825
18
352
658
175
578
390
365
604
133
191
650
680
595
538
337
200
469
626
601
504
265
918
617
998
835
732
692
638
669
707
654
738
221
808
370
766
27
54
67
843
718
268
437
712
620
547
299
184
821
864
730
916
316
936
298
388
88
152
319
873
920
1
665
279
79
450
385
215
914
176
714
133
586
961
589
686
120
777
929
495
523
730
484
473
505
178
952
479
975
499
743
397
144
919
122
321
322
682
592
464
577
217
879
599
481
567
335
658
804
369
110
425
172
477
400
333
424
154
728
925
40
568
564
367
445
785
953
937
334
220
243
249
865
269
169
205
477
106
205
156
590
180
801
804
88
58
693
281
987
900
324
933
544
993
305
463
148
833
535
992
49
889
364
12
113
236
720
311
680
501
105
852
524
594
393
361
17
3
685
562
538
312
845
631
812
57
619
712
217
983
903
284
960
594
459
430
646
144
250
897
786
871
179
275
599
515
305
382
943
397
276
831
646
90
952
274
779
98
323
296
374
790
37
237
