133
941
232
71
825
364
661
359
708
707
947
388
983
768
975
891
273
871
414
12
668
223
415
88
845
499
915
834
262
361
782
788
58
278
824
673
530
460
516
76
837
987
306
980
805
868
550
266
626
619
461
120
243
875
99
313
699
103
108
554
585
900
945
130
440
270
283
457
924
254
318
471
280
408
509
40
364
419
56
360
521
869
493
224
472
832
138
635
202
498
494
348
809
614
510
12
944
491
522
708
742
160
484
337
848
651
547
493
246
959
487
702
333
305
938
74
570
771
598
735
921
739
228
256
971
307
907
925
300
918
831
411
723
496
400
404
911
27
592
136
288
5
327
864
42
477
478
154
57
560
716
713
438
393
377
602
358
529
431
737
841
200
870
879
354
819
621
795
69
712
786
882
688
389
544
483
450
836
949
127
85
678
239
566
800
607
375
409
306
421
15
953
630
468
304
653
842
330
891
530
827
2
312
735
746
23
775
479
253
295
950
376
927
796
276
40
374
536
860
532
903
644
307
932
457
468
33
855
294
468
753
230
279
505
157
600
982
648
992
568
965
451
41
807
294
495
904
442
5
288
198
890
928
677
719
222
766
631
213
785
946
468
113
698
907
513
635
270
203
295
721
236
107
844
848
192
34
220
793
952
20
547
16
103
265
780
930
790
998
376
159
893
655
964
935
445
233
174
380
199
558
715
57
230
458
631
100
836
749
552
95
58
629
77
804
962
126
470
92
666
830
995
952
560
49
814
313
871
560
850
665
200
509
880
279
190
196
337
634
736
119
728
964
150
450
969
876
918
398
699
99
29
899
100
877
916
144
134
421
10
302
946
49
448
425
994
798
665
750
968
29
98
486
313
538
227
877
18
791
194
347
731
140
975
742
942
336
329
967
70
737
513
890
888
353
752
950
474
448
260
241
30
712
627
728
116
858
512
237
976
519
525
112
449
414
442
626
284
662
204
342
137
20
255
366
50
663
736
318
20
692
294
186
958
770
346
505
152
586
367
380
11
766
949
243
14
687
49
125
744
754
1000
78
596
510
952
577
636
17
454
559
360
529
526
214
517
957
210
663
590
428
449
363
502
146
902
452
444
951
286
129
903
55
759
738
452
947
342
835
984
937
98
657
629
441
554
939
787
62
898
121
95
423
192
251
69
744
40
132
466
513
269
599
219
589
238
617
197
408
795
672
413
108
610
794
533
364
915
196
945
933
864
849
787
407
303
103
212
171
552
39
758
557
175
430
78
624
740
800
201
662
679
900
379
793
288
252
474
554
180
738
420
925
972
381
759
337
195
324
782
617
216
249
512
39
769
251
23
850
930
982
966
342
667
434
505
424
76
387
758
245
193
505
414
48
817
343
911
527
200
128
626
514
132
771
251
262
896
345
623
152
709
353
869
465
1
461
225
606
964
98
366
44
532
168
398
708
675
553
191
405
961
778
780
937
295
323
729
208
718
24
184
879
282
775
548
755
394
577
953
656
775
488
675
417
948
84
896
307
319
731
387
499
110
224
17
809
419
393
309
197
299
459
860
548
938
18
254
832
727
743
123
599
51
932
841
582
823
939
672
808
876
734
529
994
40
8
215
104
474
456
260
468
625
298
517
794
673
530
908
387
159
428
737
997
329
202
420
718
292
49
741
604
169
193
122
481
317
340
790
657
327
250
62
287
188
826
820
52
356
894
622
631
650
434
605
947
982
485
486
338
892
57
561
617
382
184
785
326
681
890
877
734
496
208
562
395
547
477
823
162
342
710
747
389
563
709
195
320
775
941
957
807
835
832
121
381
148
666
720
652
332
147
506
357
43
353
131
495
378
397
172
991
302
965
922
482
272
420
303
