193
274
511
987
151
829
935
996
781
780
581
209
911
812
689
400
164
940
970
809
938
800
679
943
606
970
357
671
378
595
750
711
636
473
847
485
186
262
275
210
880
970
870
52
194
377
749
615
139
118
313
349
529
170
23
877
527
907
137
16
174
590
83
967
720
886
408
328
963
73
594
792
197
805
586
287
46
890
472
111
3
160
836
533
531
787
6
930
677
83
697
589
637
371
977
592
940
48
370
450
488
119
420
115
773
522
488
737
354
767
605
474
406
423
982
995
79
350
899
394
434
236
550
808
696
125
490
22
246
190
656
827
566
481
563
975
575
942
529
401
338
246
365
966
684
46
79
734
927
628
718
591
846
216
217
622
864
805
158
453
503
823
380
659
575
398
834
98
465
98
230
319
183
240
483
275
92
71
260
296
591
823
374
962
149
950
581
371
584
393
166
475
764
561
271
956
909
309
396
786
340
15
538
521
4
212
202
411
636
946
169
242
216
533
284
615
387
98
323
687
784
34
876
977
580
656
272
456
681
158
263
672
748
813
133
260
530
231
441
551
508
600
867
284
25
215
786
627
312
833
653
893
93
445
136
759
772
813
899
218
689
638
894
275
293
117
957
771
132
216
406
51
613
182
510
971
602
664
337
458
248
114
579
28
660
556
367
75
950
601
34
982
742
151
721
68
731
718
480
918
961
604
888
523
339
707
314
995
917
257
417
931
865
661
533
60
526
969
29
564
202
892
658
838
557
717
198
179
950
780
100
495
718
956
727
383
791
236
792
65
751
679
4
903
970
402
732
572
924
115
156
305
655
67
569
464
8
450
510
470
488
476
811
280
880
227
923
590
954
419
195
218
645
335
845
429
123
495
327
600
526
51
67
442
875
13
125
732
618
780
500
976
469
484
951
241
869
386
764
795
564
176
943
789
103
84
943
396
62
275
953
197
2
153
676
749
848
344
253
516
861
543
393
842
166
682
106
526
161
541
52
896
332
861
180
21
891
592
144
882
996
928
44
275
786
553
2
598
371
900
886
883
749
979
904
638
291
30
939
747
250
495
532
347
986
44
417
165
837
672
952
561
500
63
312
386
306
361
297
786
765
350
396
306
633
276
696
107
541
980
212
494
910
106
57
949
323
929
191
326
223
413
956
941
439
905
662
203
14
470
505
75
530
979
841
474
743
417
108
902
864
979
981
451
375
288
243
215
33
9
395
235
247
895
143
610
782
291
380
317
596
706
907
288
161
711
311
590
874
752
167
488
724
954
556
410
83
247
572
466
863
69
48
701
900
438
372
666
205
303
7
959
552
657
875
177
291
447
121
401
599
728
243
460
238
584
816
848
134
226
419
28
593
48
679
279
395
234
354
761
273
474
696
905
204
494
545
387
972
85
55
948
495
297
859
951
110
543
322
996
904
368
27
761
814
415
345
137
74
891
663
974
853
570
755
345
776
93
283
802
305
627
923
410
120
851
417
522
374
750
