830
793
827
771
228
390
855
111
105
386
204
37
740
524
845
389
874
816
110
167
557
330
273
215
829
401
948
472
254
177
263
360
346
970
201
528
57
441
517
427
240
942
553
34
598
426
84
494
273
584
846
264
286
68
469
374
574
592
632
950
902
623
184
429
900
370
776
434
463
669
289
830
640
236
803
448
62
741
186
965
677
233
256
943
572
272
576
775
474
298
315
976
996
328
485
175
126
687
470
495
30
844
222
143
342
724
288
544
171
41
235
471
406
615
85
860
772
130
271
754
270
978
658
611
895
290
657
708
197
410
624
350
830
868
119
664
335
866
800
657
752
613
489
656
445
671
500
846
178
602
791
450
193
920
431
951
182
574
745
879
68
687
201
577
564
602
321
103
679
101
545
963
588
657
247
187
614
770
350
245
970
436
122
214
424
892
926
84
960
984
1
482
404
15
183
304
236
607
731
414
241
342
346
958
59
505
316
542
139
19
135
629
193
413
495
540
610
159
603
859
347
107
589
800
383
850
614
485
316
708
849
205
419
720
163
810
882
325
722
889
707
31
387
306
903
499
393
81
309
755
47
5
692
891
793
297
260
186
408
601
195
282
457
347
337
895
852
554
878
883
788
657
838
704
327
905
83
471
183
100
913
174
651
9
269
374
38
299
783
161
215
473
363
236
513
188
644
304
435
275
82
835
921
664
481
301
240
55
635
263
122
148
13
174
768
314
679
866
971
719
781
893
793
492
642
288
515
795
16
742
119
795
622
692
759
707
853
307
671
46
264
995
220
533
161
855
776
835
715
427
426
313
476
414
107
659
138
926
839
835
188
404
46
928
875
688
136
788
380
52
214
293
47
419
351
403
405
709
435
621
535
784
329
279
665
743
165
382
522
661
928
84
149
194
102
10
61
786
168
494
543
652
271
918
403
186
620
711
849
118
783
365
941
871
492
470
689
843
375
708
908
177
222
446
536
967
868
695
515
940
785
644
97
256
670
695
289
246
913
821
173
457
307
265
553
753
101
657
685
530
313
143
340
281
979
373
253
208
391
924
835
527
825
84
262
23
120
445
665
610
748
528
632
207
432
84
465
370
933
292
286
908
664
186
37
338
118
946
270
951
681
122
946
733
45
561
91
378
594
133
645
822
431
326
754
738
796
620
527
572
471
462
777
55
810
183
458
211
555
175
338
974
60
658
841
627
187
139
104
906
573
630
351
511
646
47
489
590
964
766
662
960
820
200
721
681
94
725
796
394
636
358
480
750
540
726
244
877
354
545
247
98
667
754
32
237
120
26
451
496
396
613
734
781
139
653
632
267
162
351
404
555
869
221
807
953
384
752
869
278
344
290
445
857
237
571
334
412
668
887
88
553
360
794
694
907
617
930
9
161
555
903
394
896
658
317
237
86
979
970
535
895
779
159
209
389
949
948
575
166
607
374
482
344
938
335
631
296
611
96
826
361
442
342
805
2
981
336
804
252
604
533
169
619
968
732
713
781
63
835
413
605
131
139
834
505
37
867
138
167
558
400
451
130
180
613
291
567
366
674
104
858
47
351
239
151
485
23
81
936
626
610
954
835
977
401
270
64
408
175
959
20
850
793
774
854
608
441
451
938
325
829
98
167
993
498
88
280
766
482
31
313
607
197
107
949
152
890
237
745
346
874
463
699
786
435
498
697
552
392
668
621
267
244
415
851
405
653
979
837
967
591
480
147
868
397
403
612
712
687
691
299
571
782
772
942
546
110
775
512
449
27
529
477
332
741
525
891
990
899
385
632
842
258
372
392
184
379
939
817
170
604
445
721
67
629
694
820
589
683
