255
580
396
894
106
85
519
8
961
383
856
10
969
10
606
378
435
815
366
328
225
292
64
421
502
782
23
298
423
211
250
720
986
550
951
402
671
256
472
252
201
880
238
360
804
259
911
433
453
585
20
300
357
871
971
407
475
761
509
743
165
317
994
656
968
408
147
659
210
979
64
667
989
354
383
312
580
136
79
555
304
550
386
48
945
751
127
854
872
986
759
191
89
165
895
776
344
7
764
369
407
365
514
216
39
312
978
364
730
506
708
603
241
746
80
429
835
437
110
181
726
646
118
722
609
384
780
518
623
286
934
946
287
967
644
104
532
687
269
540
214
609
387
785
951
35
491
938
284
983
193
137
191
184
593
122
553
448
85
234
185
609
73
129
6
630
129
378
904
194
707
959
233
741
772
364
383
56
807
985
548
246
477
739
86
973
315
723
561
570
343
214
392
164
328
249
465
900
876
874
406
874
59
79
190
220
139
304
16
559
996
463
44
717
64
746
632
643
727
524
971
374
954
545
242
575
782
212
890
50
754
912
469
673
278
333
370
48
939
832
656
587
444
382
613
252
634
812
843
494
244
92
124
670
967
582
625
18
145
441
868
763
24
754
114
929
948
303
939
248
749
34
986
315
964
858
914
991
466
365
973
484
629
847
838
175
897
1000
304
362
236
288
282
294
942
232
7
541
443
311
802
133
647
507
503
169
627
137
867
121
242
320
364
844
518
515
734
67
776
747
493
485
968
227
990
581
923
694
663
155
