222
82
609
337
338
695
925
119
104
317
536
968
988
205
446
679
630
237
834
970
32
768
44
628
266
903
673
978
806
956
694
775
131
790
586
413
412
402
577
51
970
536
162
237
921
467
421
543
364
659
593
414
45
44
224
642
833
387
699
649
926
311
323
575
750
211
497
336
731
289
286
86
463
594
738
762
898
276
485
4
934
519
279
483
921
914
715
34
653
610
352
150
358
958
510
514
426
430
284
436
518
376
700
118
441
622
311
297
255
830
725
625
290
424
129
457
223
336
496
233
242
938
839
640
205
53
785
175
592
520
244
164
708
678
90
500
184
82
659
607
710
370
459
322
200
918
847
928
337
283
288
8
411
75
704
678
986
364
273
562
519
250
527
235
392
637
354
101
262
960
758
44
379
111
603
597
411
535
919
26
133
971
73
175
968
684
25
32
794
28
533
134
585
621
914
633
282
525
955
789
506
695
243
23
965
677
41
559
378
375
352
837
375
123
500
291
674
998
801
352
436
731
32
938
563
722
625
556
146
265
13
613
287
493
988
377
401
493
938
601
870
510
756
284
211
133
448
182
205
18
137
211
963
672
103
988
129
222
477
812
801
709
147
472
523
877
609
889
912
306
176
278
524
121
934
59
361
378
588
870
903
440
236
247
805
96
649
773
844
709
135
22
712
708
886
133
301
756
1
719
734
499
923
607
726
543
224
144
164
896
955
818
260
153
11
688
393
812
154
216
436
5
52
640
980
93
347
575
549
475
533
889
347
651
675
321
681
426
845
730
603
906
682
538
524
43
911
780
863
276
724
660
279
201
890
987
911
980
958
128
138
850
463
909
16
425
452
738
463
314
52
222
41
746
244
942
657
576
853
792
734
843
447
352
483
512
718
547
465
315
478
427
854
25
693
568
679
199
226
808
776
465
956
769
682
187
962
11
490
198
677
137
368
846
266
34
721
492
365
993
953
917
709
810
914
975
677
796
624
471
891
244
242
690
506
805
937
161
212
757
48
577
891
397
880
786
55
170
961
779
76
132
598
814
771
869
126
914
61
151
550
593
5
329
919
929
836
802
893
275
276
242
873
187
896
318
66
330
461
712
173
155
511
330
213
514
30
148
19
200
