611
70
250
959
166
306
778
77
186
355
229
168
278
916
711
295
853
517
83
795
403
863
843
443
852
831
504
536
528
702
357
283
501
126
181
433
608
271
588
120
717
833
574
607
613
525
665
646
271
42
259
436
805
479
647
272
177
413
899
739
911
302
413
295
562
208
376
432
364
753
173
77
791
321
948
145
573
272
558
697
227
415
898
185
658
913
891
47
524
520
114
242
332
544
631
578
320
432
271
282
591
670
9
528
451
322
363
175
333
633
523
233
691
447
897
535
264
312
178
656
269
604
862
571
671
156
966
351
360
145
