56
99
204
408
429
382
67
286
500
404
162
503
909
966
144
456
532
449
490
981
562
643
772
364
156
75
379
942
511
810
465
313
325
858
744
227
700
865
47
634
890
124
167
298
880
682
8
666
409
152
335
729
346
254
109
400
854
824
73
734
441
300
326
167
280
675
673
496
517
126
58
374
822
341
144
347
669
9
507
85
623
882
844
263
65
728
211
287
879
328
817
379
674
86
716
177
798
453
234
882
866
381
19
288
54
810
993
479
927
687
964
93
828
812
870
450
439
537
171
629
407
76
329
122
647
25
711
865
504
518
47
409
743
656
789
710
189
226
773
156
23
362
475
507
918
59
394
264
965
199
591
312
617
51
986
13
218
226
880
644
878
777
479
528
826
809
836
568
731
911
196
575
177
129
712
80
655
411
183
956
133
941
472
260
903
570
552
716
344
286
406
742
996
459
199
1
608
306
365
439
795
500
233
603
818
391
600
554
990
451
994
116
511
507
496
356
744
441
163
943
845
475
493
205
470
685
318
362
274
974
552
142
219
299
869
179
948
250
470
252
929
561
57
382
578
794
336
300
720
470
248
610
809
388
773
560
752
654
243
806
306
725
91
182
155
188
507
17
50
579
296
494
653
31
510
432
565
617
161
356
674
46
76
654
970
145
122
124
436
86
738
534
636
439
102
150
704
600
719
672
188
195
161
984
160
677
65
950
2
688
728
125
815
8
435
493
187
458
141
404
388
615
45
814
417
969
736
975
476
694
792
575
772
597
910
481
182
242
921
941
895
273
298
393
234
419
397
633
847
304
690
559
612
273
973
758
376
408
388
234
281
604
747
369
463
20
561
475
109
257
980
358
739
569
207
344
55
301
39
10
393
131
877
483
638
667
230
282
972
964
977
515
581
109
828
437
494
652
908
405
800
403
864
39
350
298
207
577
695
752
705
375
522
759
730
836
801
464
75
679
138
336
926
254
200
179
275
528
531
870
838
489
918
956
822
835
303
262
394
616
518
575
944
796
238
458
585
356
760
676
427
129
943
310
621
678
96
803
267
579
254
375
624
148
22
186
725
308
941
312
