76
912
923
466
658
187
264
562
144
299
704
288
61
932
375
871
915
938
876
708
3
94
123
281
928
246
297
971
101
213
477
514
489
226
135
568
918
976
130
67
625
644
19
401
19
430
400
478
973
137
858
575
369
399
713
382
629
898
17
496
796
575
55
14
206
509
22
607
868
944
373
879
793
300
203
282
920
873
2
97
453
293
126
22
235
407
288
976
532
346
335
583
990
842
639
617
89
991
536
303
427
107
466
670
555
551
768
149
111
267
232
304
959
411
839
387
244
214
758
471
444
632
720
658
671
70
879
422
305
248
319
313
744
470
904
544
649
611
95
441
968
661
150
957
187
469
773
120
11
780
278
857
55
845
400
149
520
297
21
296
324
112
656
393
512
17
535
280
507
965
947
299
56
162
16
337
764
345
111
58
852
503
317
126
332
619
762
278
350
622
683
21
456
445
555
39
678
262
367
690
3
519
223
468
670
597
126
196
956
627
270
870
923
65
339
232
223
935
137
343
101
226
332
322
684
306
401
183
991
905
810
1
968
857
543
794
888
394
209
246
172
631
781
904
8
760
370
159
454
852
747
720
814
214
332
686
158
626
326
880
778
407
624
995
366
19
542
14
279
396
991
280
110
318
247
951
111
400
251
822
294
904
567
533
952
716
827
898
571
817
571
555
710
63
442
173
208
810
574
94
951
112
679
439
27
464
759
675
560
583
138
350
994
225
669
460
707
928
761
130
883
970
603
889
84
523
743
626
6
580
55
152
94
858
479
645
123
933
799
473
832
676
815
425
20
729
90
948
878
641
956
556
23
944
701
327
203
936
115
581
959
235
747
389
29
694
364
971
584
865
544
791
946
893
270
415
575
211
502
67
758
520
596
721
927
651
329
858
132
425
847
114
204
124
497
993
628
447
470
827
33
165
65
888
269
254
662
247
532
829
997
947
981
494
463
178
250
525
175
962
550
910
874
596
63
372
410
150
601
592
94
520
588
955
812
307
662
727
395
876
