285
383
282
405
798
117
484
172
852
526
625
446
836
530
885
678
876
502
234
439
572
123
277
952
588
326
567
912
440
397
719
996
75
204
748
207
263
808
74
258
664
421
589
702
616
2
688
973
241
338
461
286
954
660
240
589
263
666
361
197
557
333
635
965
712
180
924
784
156
283
674
655
921
373
181
994
806
761
738
401
803
497
517
191
993
378
465
98
918
809
209
404
111
956
821
889
161
694
473
474
423
58
456
664
285
587
93
186
827
124
991
407
797
472
789
118
749
720
181
744
638
994
475
973
749
300
205
377
839
249
349
784
598
216
163
298
562
800
362
199
591
901
924
45
16
934
304
499
314
374
911
873
785
60
259
884
686
243
761
970
107
579
551
324
462
464
652
298
907
417
919
689
434
604
631
649
569
602
9
926
326
737
821
759
171
533
423
925
764
911
663
814
68
193
283
257
341
394
761
218
530
665
129
582
567
302
170
597
219
31
265
823
481
426
263
917
760
753
705
703
874
901
930
434
509
588
553
828
363
478
991
550
499
695
68
803
802
863
337
901
58
289
820
603
288
349
876
64
17
32
194
141
464
902
383
410
695
881
577
332
124
793
539
782
30
260
560
296
422
483
879
483
940
215
56
900
56
962
121
265
417
367
712
501
511
471
896
553
108
372
397
922
303
500
836
153
975
702
340
521
365
424
259
392
453
962
526
931
550
544
984
994
186
330
30
342
322
972
676
604
169
969
351
989
111
245
336
233
606
659
851
996
351
899
373
439
60
266
147
920
603
730
471
874
341
343
906
364
501
769
446
806
730
972
323
655
549
535
319
309
873
268
379
294
778
775
474
815
193
56
55
183
756
1000
622
782
86
534
693
231
715
506
269
594
899
701
126
821
880
438
815
235
102
684
236
89
348
446
851
521
600
59
210
262
800
217
230
425
430
56
425
977
516
707
455
474
132
684
89
217
994
251
501
695
753
352
374
791
728
707
230
1000
33
39
777
205
369
894
201
797
868
436
247
901
506
912
923
715
916
149
27
871
566
112
922
433
833
398
436
173
321
491
211
575
500
209
561
961
24
459
279
23
369
977
320
13
969
590
382
382
42
874
746
57
661
817
79
264
691
775
784
104
343
816
551
645
534
785
480
732
370
322
295
706
329
697
82
408
670
241
511
586
697
982
960
325
58
966
109
536
248
746
91
176
971
882
591
385
840
862
30
875
499
576
953
330
463
499
502
653
120
139
180
101
72
235
620
301
708
244
736
942
258
220
920
445
596
317
751
193
