666
75
838
297
784
144
244
414
468
331
640
814
506
233
703
31
391
524
953
691
176
61
673
45
174
553
629
567
817
715
46
73
520
184
900
816
23
470
329
119
925
246
719
985
209
145
378
524
369
717
199
157
546
664
760
297
330
58
305
639
813
753
788
432
299
633
332
161
663
662
206
498
573
342
965
451
167
320
508
210
774
410
310
106
709
260
612
877
873
615
719
975
82
512
439
805
497
298
134
681
323
777
251
411
727
780
594
965
948
489
43
644
553
948
808
901
11
255
56
331
482
167
386
712
248
599
499
499
510
247
719
948
563
299
345
432
283
860
508
862
786
548
55
920
837
423
751
258
630
992
739
176
670
267
915
822
122
712
71
895
311
285
327
752
484
230
906
456
681
901
969
560
198
673
517
967
640
28
784
324
444
297
445
521
153
501
826
771
145
638
447
320
994
364
737
162
934
928
544
718
866
199
335
125
362
184
456
179
716
145
926
621
236
736
522
54
100
215
578
490
155
935
115
296
272
688
953
305
336
658
557
470
879
683
420
984
502
131
294
358
850
984
425
448
300
686
924
53
31
176
428
986
619
319
277
699
675
118
790
982
188
927
849
944
880
819
391
408
331
618
119
715
680
277
579
662
893
342
865
749
855
622
777
89
908
867
813
418
151
336
307
539
239
508
169
114
422
746
68
703
402
394
318
910
591
15
24
236
508
923
465
167
371
758
207
319
882
160
543
133
787
615
491
39
54
720
334
608
673
741
514
241
254
135
920
184
476
387
184
748
839
853
855
787
198
27
255
621
338
520
962
129
441
286
624
806
935
879
126
837
378
980
373
902
202
42
260
951
297
297
285
760
919
365
354
643
757
961
32
25
402
952
529
349
297
94
779
160
825
698
165
959
808
551
539
412
198
766
17
917
238
716
54
683
887
308
192
931
518
686
342
706
599
725
388
446
111
541
103
32
736
135
14
237
886
682
581
820
929
961
716
11
802
562
500
46
719
625
852
813
91
659
554
537
843
409
247
95
40
729
579
992
28
744
610
916
767
487
219
910
890
759
32
614
722
11
466
74
462
596
745
198
712
385
703
98
734
339
656
701
869
365
272
430
83
257
286
545
994
51
722
495
72
352
595
770
894
163
870
133
179
976
991
647
302
143
895
880
885
239
513
593
853
213
266
993
618
793
180
636
521
418
780
89
827
110
287
966
894
543
413
513
107
149
270
292
279
753
49
626
641
819
416
985
921
156
651
969
47
723
167
208
818
759
730
223
215
272
497
494
126
615
82
908
953
262
633
387
661
519
243
6
441
330
268
335
140
420
513
817
829
309
577
682
264
851
74
466
739
634
885
330
434
915
22
835
287
415
147
634
38
11
542
430
378
639
915
874
659
314
229
950
913
120
743
238
941
158
127
550
486
7
283
30
468
118
529
753
116
726
478
394
77
85
411
828
24
247
877
277
759
302
797
46
781
465
512
344
442
462
558
361
623
701
297
382
692
724
162
711
206
357
330
92
759
471
847
810
786
291
486
605
989
346
51
343
109
866
788
695
696
252
803
10
647
772
12
876
245
302
