364
294
490
90
111
946
234
497
48
79
113
959
244
738
530
870
167
459
237
265
882
149
329
297
571
520
651
439
22
184
271
894
46
230
714
623
431
966
424
751
495
279
279
840
798
561
515
326
65
88
246
420
511
822
92
616
223
371
951
7
276
290
17
139
180
849
609
586
647
767
949
35
948
525
622
757
941
88
402
939
803
424
603
460
724
261
683
576
209
801
224
589
174
16
525
770
208
634
356
586
849
386
916
863
609
721
841
87
12
133
361
541
351
890
107
32
229
619
365
83
588
575
177
180
135
740
602
113
615
512
669
46
917
272
621
552
907
97
84
164
878
435
494
763
529
554
505
219
75
54
216
85
210
31
879
1
823
92
959
109
74
813
2
845
858
903
341
809
706
754
784
335
676
564
886
980
595
408
281
416
862
10
778
966
605
611
803
525
433
604
500
807
878
616
351
216
520
447
354
334
146
915
627
690
461
80
74
91
51
819
221
331
649
893
198
452
222
452
43
286
782
90
796
642
882
220
226
141
481
47
370
163
857
620
200
298
48
822
822
677
951
993
77
452
370
791
718
866
792
545
155
752
140
146
513
944
278
166
655
464
854
310
805
189
609
593
737
757
413
275
73
371
631
249
571
671
211
754
727
713
167
526
101
87
234
716
907
467
404
708
840
358
301
382
931
736
580
707
748
394
324
544
854
775
484
791
857
177
212
131
839
272
337
879
354
158
486
448
835
969
2
677
855
914
64
610
616
891
552
521
448
824
266
660
754
445
49
762
183
210
832
116
834
334
58
606
40
524
256
425
47
372
453
877
731
293
932
342
107
889
471
394
915
561
292
911
43
376
879
745
352
172
334
819
540
597
752
620
973
27
202
547
791
537
46
697
570
989
923
434
497
875
548
428
925
464
446
307
993
820
684
398
923
785
277
790
127
422
734
819
143
253
754
797
977
90
855
197
399
997
658
459
35
998
847
366
350
455
45
172
140
66
278
584
440
791
142
636
603
636
683
997
59
204
437
413
933
960
237
38
157
287
5
693
753
374
964
448
258
560
917
984
968
769
236
239
600
804
956
660
392
963
599
255
340
298
191
522
309
264
119
824
827
205
837
203
86
851
44
519
917
219
483
785
804
126
812
495
647
696
434
145
513
719
42
310
436
418
106
289
693
471
432
914
504
893
924
513
111
65
666
288
62
632
59
621
175
848
939
333
722
481
306
472
128
60
413
459
617
366
1000
942
640
228
425
821
631
278
226
515
512
139
451
760
223
257
821
383
421
828
917
409
549
37
542
809
565
581
362
624
395
985
901
10
399
813
869
740
829
616
65
201
145
957
249
358
85
732
251
162
471
955
270
146
592
192
523
819
232
812
295
836
364
774
528
43
896
154
698
56
129
589
646
839
592
221
871
612
48
573
551
638
878
541
758
768
530
938
82
151
635
19
561
761
825
905
487
290
929
850
813
470
44
865
715
62
231
897
92
850
233
440
869
578
848
908
507
295
522
471
180
59
555
463
296
589
853
986
835
216
824
955
272
627
64
510
104
414
315
632
698
776
653
711
946
953
324
113
3
680
844
228
844
747
812
137
520
133
91
976
139
797
289
912
761
732
439
571
301
324
549
762
793
63
471
846
763
101
36
362
899
868
439
653
840
297
356
801
879
202
381
66
853
681
14
942
503
178
943
443
566
25
157
980
695
811
750
131
84
281
150
440
120
209
718
988
828
467
137
325
93
76
701
613
525
351
349
171
379
966
359
418
818
504
237
720
371
281
281
554
159
967
866
363
744
95
210
790
38
270
400
216
304
652
820
829
584
971
139
622
120
319
373
655
972
880
710
131
256
620
889
52
404
473
494
486
82
903
313
977
477
144
982
895
509
66
587
616
207
776
222
332
427
446
995
590
359
790
953
758
236
544
170
758
681
973
177
187
618
827
526
724
327
783
370
796
672
394
23
274
969
13
893
644
54
286
652
969
918
249
63
615
192
198
61
514
578
681
571
861
421
775
261
311
211
474
192
198
813
740
288
492
692
669
824
324
63
690
167
35
532
432
232
965
210
34
116
597
975
342
618
474
538
558
762
570
372
634
115
440
225
205
942
118
465
344
107
493
259
792
353
640
439
630
503
438
717
322
648
152
224
323
650
23
612
726
813
853
224
453
622
13
956
629
166
996
676
732
174
87
920
357
133
91
614
958
49
689
107
518
627
321
449
112
674
209
532
127
498
249
774
927
218
386
173
259
533
225
505
238
106
524
18
494
52
166
734
239
980
613
