547
907
617
408
518
14
852
507
308
77
692
405
653
692
243
439
234
115
702
786
416
449
512
520
963
596
142
401
625
600
679
377
990
683
480
584
286
939
918
360
331
426
977
187
588
439
719
110
988
904
167
26
135
568
61
154
716
849
453
138
872
702
795
522
604
134
748
841
732
773
633
666
738
235
749
188
407
70
274
638
44
362
59
290
204
687
925
588
205
700
498
900
823
907
79
291
605
829
441
879
590
844
177
385
753
413
258
715
725
135
393
319
528
758
299
461
349
678
994
235
213
498
582
63
205
521
567
848
192
400
237
117
489
998
430
591
114
861
119
67
6
343
803
468
302
745
117
319
616
755
218
791
753
437
895
701
494
670
126
819
413
298
309
186
826
236
458
322
650
899
248
431
483
75
246
447
281
927
369
552
299
547
613
55
612
75
315
982
902
445
881
420
817
794
40
512
488
137
406
459
596
500
600
477
94
910
259
13
286
709
758
115
252
597
31
936
325
311
717
637
750
133
642
979
364
110
915
509
150
837
211
43
674
934
604
79
127
395
391
261
892
414
151
215
825
93
644
580
851
667
835
326
552
221
843
191
851
173
991
519
120
536
369
979
595
965
180
419
319
121
531
496
123
920
33
920
863
381
109
155
