329
859
956
43
485
888
553
70
103
7
538
35
859
381
609
542
964
667
570
402
205
297
845
356
980
805
561
720
39
769
942
711
119
479
642
763
313
826
873
52
980
432
255
22
175
125
521
273
986
600
950
389
898
728
332
25
587
759
939
50
950
182
733
889
29
61
814
790
879
231
707
630
957
205
300
368
918
922
653
451
668
772
739
589
391
295
700
539
127
410
58
817
772
703
111
968
490
662
607
252
760
43
341
265
894
188
876
696
429
834
689
858
534
17
887
155
289
336
302
804
117
756
958
245
596
787
33
947
806
897
812
789
192
193
695
851
131
987
701
268
34
732
475
107
350
726
933
542
370
170
404
544
93
621
385
718
79
568
232
651
963
26
720
327
354
657
241
276
915
367
906
244
969
401
9
587
485
493
761
172
244
540
612
669
383
529
769
103
996
280
591
9
152
810
704
68
847
881
503
723
522
853
617
55
898
605
933
264
526
794
954
473
626
577
821
176
955
894
430
302
620
866
211
364
240
90
568
426
759
936
368
316
756
434
694
529
640
541
599
213
464
597
713
684
903
156
765
391
853
683
835
8
526
74
404
220
915
10
928
161
858
535
541
685
372
888
548
290
38
481
290
947
694
840
438
633
220
519
426
850
305
199
890
69
360
25
863
931
566
235
995
864
888
210
760
956
543
16
38
682
448
196
508
271
78
65
785
579
548
797
249
113
769
969
785
647
603
170
144
534
125
360
349
652
93
359
476
129
896
744
246
428
747
680
286
176
387
904
305
817
322
413
971
635
354
768
218
220
612
624
839
565
885
135
597
398
57
204
759
364
841
816
648
335
233
694
757
280
474
430
776
272
660
455
697
839
960
640
617
512
387
969
162
951
718
264
866
393
515
192
734
191
169
898
776
159
774
53
465
934
888
248
413
38
947
986
188
216
892
799
927
488
203
155
538
25
784
314
677
794
884
607
682
24
362
16
167
320
363
951
838
272
606
85
29
542
472
786
219
648
491
877
867
484
780
237
716
560
718
436
980
528
148
538
385
235
984
905
6
805
356
744
232
133
789
648
72
349
193
202
723
821
436
124
434
468
542
63
989
339
479
795
299
869
360
334
19
975
421
983
372
623
961
139
544
461
780
286
614
737
721
637
359
675
875
460
322
492
350
63
13
453
860
744
995
591
229
492
109
819
808
489
318
615
619
238
54
931
489
431
259
133
955
322
22
967
736
376
958
920
117
444
843
919
650
396
823
603
437
923
655
432
854
859
73
76
513
666
326
585
88
179
322
264
987
853
456
926
476
838
800
763
484
454
362
625
811
476
993
757
767
732
275
106
611
641
600
511
711
211
217
30
354
762
780
754
564
479
392
484
51
559
724
894
708
483
70
189
99
614
32
152
785
861
585
538
491
464
88
181
635
931
846
842
447
372
663
871
856
112
180
695
475
618
44
577
492
229
318
581
584
154
860
138
316
791
970
129
301
986
909
447
141
167
247
671
628
267
925
412
911
753
820
256
227
952
803
760
286
501
177
340
480
837
975
865
97
358
867
852
485
625
525
136
406
519
513
483
896
346
326
65
53
686
839
88
748
355
39
624
947
99
20
468
280
510
467
253
1
308
122
958
228
121
838
36
633
887
993
586
391
569
777
285
417
640
99
90
331
255
328
36
883
703
542
419
865
595
216
354
724
319
688
64
841
234
452
980
295
614
801
895
426
228
324
70
486
792
825
542
825
954
857
373
104
155
201
450
974
178
878
133
518
487
810
455
27
970
613
128
678
149
898
797
329
836
462
656
610
883
116
606
68
418
618
235
890
789
446
476
922
212
901
899
120
556
735
335
529
667
653
27
533
339
59
717
40
523
583
706
537
839
722
605
358
149
459
855
497
685
58
257
503
964
432
930
269
795
148
226
210
865
340
733
663
292
781
455
635
610
167
108
247
633
339
779
943
730
591
978
939
690
239
693
259
751
391
746
90
198
881
638
929
890
974
984
796
174
20
242
329
316
206
491
143
258
289
752
518
738
