240
643
159
3
2
82
802
572
389
952
347
604
816
92
761
661
3
716
323
837
270
904
739
179
561
156
407
428
645
404
848
35
856
601
628
884
84
715
839
133
148
75
560
386
684
350
297
607
557
221
45
446
248
94
133
472
20
791
830
518
957
982
727
799
993
196
347
711
128
141
532
243
229
505
583
634
660
5
783
313
38
574
436
570
639
211
957
533
573
214
951
418
730
815
39
276
786
48
95
872
32
780
373
777
730
386
962
984
707
699
678
317
858
529
546
912
282
487
453
843
350
976
798
208
111
443
363
378
909
654
590
703
122
34
355
443
374
579
738
808
259
783
797
535
139
372
508
221
878
887
673
711
372
679
618
337
35
953
820
948
26
143
434
390
734
564
913
453
908
178
891
993
183
829
887
703
469
404
602
731
147
17
441
896
115
373
999
654
405
701
980
11
11
87
354
684
973
410
419
741
339
252
430
337
244
767
850
723
645
720
87
145
58
481
404
29
207
53
172
352
70
117
409
754
8
192
343
914
9
975
764
2
228
162
17
294
146
287
448
301
