847
478
507
386
415
981
235
55
679
663
788
490
106
560
784
155
205
952
399
582
1000
300
88
107
303
745
27
424
174
118
77
935
365
106
689
809
32
936
19
988
454
355
511
405
233
121
857
538
913
160
173
202
970
178
719
184
242
388
453
466
242
239
376
988
819
689
114
63
642
104
479
15
319
652
761
497
599
611
517
456
910
574
674
30
671
280
845
954
246
574
773
229
221
128
350
218
97
356
750
774
91
629
962
424
958
473
650
225
240
593
401
489
337
578
980
388
579
951
553
604
234
123
369
31
685
412
769
401
539
484
934
12
343
725
311
471
491
698
510
661
599
324
93
667
653
891
937
213
273
938
290
835
111
283
344
940
416
197
167
252
974
386
330
913
338
396
180
418
697
290
946
370
949
538
829
957
607
935
498
380
60
456
7
910
731
668
390
682
695
110
576
992
659
487
445
712
849
199
773
89
263
472
483
371
39
436
358
906
573
442
817
592
354
700
533
374
13
980
614
996
517
18
514
893
11
670
595
943
678
253
350
938
685
548
273
116
688
833
422
469
430
758
163
88
909
555
802
93
905
86
15
403
383
989
740
723
296
664
702
206
477
229
172
190
834
968
817
975
114
184
798
909
217
335
397
589
309
136
665
913
331
767
66
687
354
866
412
542
815
260
178
947
132
754
285
900
670
786
851
908
743
794
85
526
1000
148
860
30
888
12
633
35
375
863
153
956
65
950
276
967
443
441
457
449
320
671
121
767
822
603
53
286
977
895
728
890
566
792
195
203
345
502
87
512
985
203
239
387
197
251
151
624
179
790
215
104
690
536
528
872
759
346
892
135
503
837
370
923
279
784
619
861
583
10
747
257
780
973
221
14
290
704
337
145
509
491
687
217
775
441
768
85
645
214
271
666
814
20
335
433
141
886
255
489
850
256
614
4
107
473
526
252
290
949
190
363
13
185
23
977
779
254
952
627
145
435
365
589
716
434
977
548
627
131
603
423
234
802
143
178
263
482
88
829
928
595
391
96
732
513
760
572
548
265
583
398
30
510
88
907
944
897
623
349
854
944
698
970
996
798
75
288
913
460
892
759
666
574
533
194
586
533
64
622
541
315
616
185
202
156
255
10
690
482
279
511
579
29
284
139
335
384
388
459
709
208
71
366
344
297
838
330
627
983
649
121
584
836
169
837
1000
22
220
623
631
23
826
59
848
675
71
806
226
875
591
539
729
403
855
360
690
984
888
553
69
636
202
31
604
459
54
731
873
270
139
445
34
265
355
593
998
734
461
267
54
284
403
32
9
612
543
642
413
136
728
139
703
661
199
153
978
302
183
529
400
683
686
682
587
26
585
307
441
685
147
809
570
740
442
626
539
855
882
988
530
626
537
917
664
471
749
881
199
262
739
513
211
667
846
899
725
736
904
389
156
587
409
389
245
360
420
147
306
375
78
526
632
939
478
774
872
455
478
183
669
384
457
544
211
32
207
956
447
783
811
660
383
629
893
190
279
278
18
499
312
424
486
400
879
304
2
991
18
938
383
462
418
992
84
66
781
150
994
978
647
354
86
94
970
769
124
577
926
324
762
437
415
430
891
898
72
792
744
905
272
252
623
320
814
375
627
965
354
142
174
992
648
590
921
734
779
449
980
602
234
67
451
689
837
278
753
950
718
217
406
837
936
357
975
546
260
270
398
141
484
994
617
782
705
865
50
394
277
792
893
99
956
339
724
142
481
918
617
784
376
371
928
425
103
602
512
372
366
607
794
146
826
494
987
397
766
772
634
353
663
495
630
648
1
98
929
358
14
790
885
840
938
481
766
861
734
269
238
278
705
550
538
45
550
240
557
938
904
687
187
581
501
716
515
23
