952
209
159
317
669
674
144
568
669
511
282
302
540
19
721
317
464
996
579
959
78
741
890
414
218
875
449
308
414
575
724
643
433
991
804
717
892
566
187
718
812
831
174
351
729
649
293
199
414
494
240
512
921
536
948
367
224
940
96
196
254
575
90
732
724
458
216
579
823
755
230
251
458
459
580
10
577
335
938
739
369
859
552
841
972
780
712
902
61
112
655
788
565
856
349
232
661
187
920
742
77
43
59
57
363
317
666
88
626
405
707
127
159
154
900
169
903
642
972
704
514
542
627
418
835
459
158
622
8
87
681
680
116
25
740
49
400
857
244
324
624
584
740
486
308
590
19
850
266
185
41
742
336
337
294
347
27
663
415
912
354
403
968
868
346
305
341
158
877
923
321
578
974
569
613
980
341
245
829
261
831
320
952
497
810
595
384
839
252
52
16
518
562
431
110
561
336
383
80
207
803
124
903
500
347
427
327
468
38
944
556
389
72
565
957
173
899
609
700
989
554
477
858
188
419
532
168
587
875
334
410
753
691
630
520
315
990
169
5
866
788
397
65
302
2
330
589
794
963
12
235
772
820
298
425
817
742
778
656
113
86
615
689
657
305
479
412
211
143
326
769
606
531
459
875
259
508
652
26
231
505
148
103
331
522
94
288
627
216
745
760
226
868
498
417
22
192
824
251
280
680
239
7
805
233
534
211
397
100
952
329
639
43
980
255
229
96
970
58
68
958
52
771
42
487
335
797
217
849
183
616
399
889
140
882
914
873
492
721
175
644
954
294
537
477
89
28
156
931
866
311
79
581
503
135
228
891
571
905
639
434
358
890
433
280
338
280
910
27
375
917
153
926
309
881
895
218
870
914
706
398
190
936
107
764
307
190
740
134
318
71
499
218
899
613
420
975
786
324
178
409
841
460
140
360
669
204
256
62
713
413
182
474
211
25
208
488
238
620
323
335
948
366
258
183
402
541
830
624
357
10
328
277
267
927
692
211
562
292
820
650
809
949
836
727
432
727
347
785
528
644
442
334
103
859
154
414
956
955
290
29
106
113
32
734
575
495
450
310
931
264
985
932
185
196
868
582
221
187
918
797
948
589
421
695
261
799
147
687
389
839
75
628
966
385
176
765
515
989
602
474
36
780
56
984
318
341
271
644
829
657
328
51
397
866
593
49
610
363
312
556
963
297
848
464
350
594
566
271
8
343
667
166
836
979
462
308
917
295
719
510
225
384
198
541
245
728
312
770
885
346
427
520
136
488
295
642
655
389
917
659
880
661
561
367
847
848
507
675
321
660
212
392
892
550
459
782
292
65
606
974
841
914
677
31
644
952
961
896
287
401
849
455
72
239
439
319
786
351
745
92
234
988
47
813
403
850
201
172
703
324
834
483
776
130
991
906
749
428
896
755
407
860
610
201
215
45
991
594
750
98
846
238
457
838
11
586
278
808
184
20
123
833
521
220
499
522
882
904
392
958
749
345
677
916
31
739
513
950
823
653
927
135
780
259
710
224
296
166
154
385
406
779
517
995
784
418
809
882
454
837
302
930
789
425
953
786
104
480
330
372
829
377
730
254
275
811
803
730
450
105
156
531
888
130
929
882
401
834
574
467
188
932
399
262
62
546
58
318
299
508
339
651
129
35
359
245
712
315
282
977
297
252
58
823
726
762
679
660
461
216
686
548
329
991
805
506
878
369
772
196
628
964
865
742
580
285
290
93
124
414
151
407
778
239
524
57
911
656
863
304
411
34
804
296
594
984
4
20
980
