594
811
33
172
806
458
537
865
147
184
232
682
626
876
721
152
760
706
805
303
383
378
572
53
251
208
127
796
643
682
143
429
641
220
310
142
614
612
483
849
796
872
473
768
736
765
808
533
254
5
831
539
596
101
23
576
615
356
8
196
622
137
827
601
699
917
959
292
140
674
459
266
614
102
831
507
191
848
760
997
404
488
804
212
741
154
452
130
784
439
580
185
88
80
803
133
158
495
143
767
822
393
747
401
722
867
878
414
392
544
779
75
618
827
707
863
86
723
572
869
956
335
794
730
667
102
573
936
390
741
852
218
848
130
710
131
147
40
742
693
438
53
396
773
43
544
666
577
600
614
258
542
256
171
413
469
69
986
57
154
413
941
248
334
355
887
547
546
662
150
658
474
808
51
298
806
360
199
396
949
81
529
142
343
542
588
399
382
526
510
