493
849
1000
3
29
254
271
682
942
282
663
63
663
718
182
32
430
667
191
435
145
938
824
656
373
408
799
617
819
237
706
852
354
143
408
767
651
594
814
631
444
54
39
684
137
732
903
713
975
76
777
629
973
148
585
980
831
281
751
17
321
889
273
295
560
505
802
403
759
781
694
890
834
690
681
763
760
760
224
96
104
894
513
531
168
424
849
289
94
646
614
92
694
861
424
586
387
498
496
48
425
804
240
517
267
800
611
164
548
729
649
111
933
741
168
899
668
835
369
703
800
332
988
509
983
349
584
393
49
21
159
201
163
278
417
324
28
483
200
136
29
841
52
614
616
329
640
194
959
967
564
202
905
565
589
750
927
730
469
294
545
811
156
811
761
408
488
859
527
22
525
174
820
899
177
495
530
82
540
740
889
128
470
307
300
280
328
135
401
111
374
275
793
524
947
285
517
844
140
481
304
874
205
348
886
99
342
423
277
478
976
73
886
79
803
610
227
110
556
851
809
240
824
630
69
808
505
754
288
29
64
134
333
625
685
690
388
354
633
452
875
485
799
304
820
5
630
509
100
623
516
377
533
400
697
379
497
725
901
873
160
980
717
623
506
391
92
715
425
640
399
26
805
115
900
914
466
482
516
593
84
238
773
874
740
905
258
510
864
412
432
123
385
278
243
966
191
176
877
118
106
258
686
742
938
621
790
163
670
605
213
597
770
610
756
871
81
270
138
832
981
383
881
122
809
153
418
448
377
746
615
180
417
684
275
283
816
850
724
737
508
848
515
68
903
791
973
29
232
891
179
109
346
456
232
756
11
275
91
390
147
217
883
308
81
359
687
109
151
192
