699
312
908
445
42
832
493
492
185
800
369
663
908
631
4
465
8
824
829
61
272
472
859
446
206
742
860
266
212
618
278
322
10
797
174
444
664
889
690
7
275
926
877
288
744
215
137
561
771
86
914
817
365
841
485
999
535
704
607
88
278
726
650
533
466
347
816
158
223
814
623
444
1
731
617
617
306
308
689
932
736
311
864
233
951
953
24
59
157
650
469
182
981
603
771
726
847
844
207
450
183
696
827
8
415
131
756
445
588
853
342
228
461
503
344
190
761
966
469
526
874
619
651
899
489
328
653
158
979
823
619
962
996
850
812
790
940
148
273
420
814
842
387
587
136
521
909
780
434
625
749
796
341
744
952
537
609
790
250
731
996
506
52
10
674
428
259
810
316
39
505
207
422
168
419
458
163
663
375
270
665
7
261
895
222
252
57
974
231
165
238
402
997
43
65
300
961
865
794
809
106
622
490
691
519
558
379
560
396
597
758
421
810
698
447
614
354
143
698
754
499
253
57
831
130
863
838
762
586
841
808
443
994
82
859
38
245
454
570
977
780
870
488
749
721
551
980
383
810
914
798
282
759
956
992
712
981
433
738
421
804
249
972
196
16
239
205
604
963
230
2
154
452
593
734
131
174
499
386
112
846
170
148
983
737
642
554
373
392
392
749
766
537
584
7
772
444
310
71
243
833
80
196
345
59
910
276
475
521
201
880
895
366
182
844
229
263
318
257
859
678
24
879
846
981
846
371
42
944
554
568
996
246
424
567
791
714
682
926
995
74
273
887
289
548
921
518
715
891
254
619
4
262
266
344
644
418
774
192
372
102
183
623
262
238
185
677
407
230
157
720
119
637
636
200
596
112
908
805
187
70
638
731
816
123
709
120
61
46
125
149
556
406
110
105
868
710
962
285
772
288
915
999
449
614
322
403
622
983
535
988
472
965
515
24
33
991
540
815
136
931
959
844
350
319
49
468
902
483
485
10
548
752
105
413
855
554
734
14
624
461
887
579
221
118
7
870
396
966
282
