28
305
360
165
231
51
269
799
773
222
14
56
730
199
594
145
595
999
875
574
176
775
639
261
703
807
117
614
44
754
528
695
293
549
990
619
46
171
382
918
688
346
30
265
836
469
16
274
142
642
821
589
619
139
170
971
344
488
153
787
372
238
323
773
721
742
459
774
152
744
615
662
10
523
608
929
717
292
361
662
491
791
344
5
939
951
422
183
411
154
808
987
574
784
744
708
268
338
724
680
966
601
166
133
647
61
690
831
656
480
117
231
949
364
628
309
455
368
773
880
546
47
779
406
456
134
748
603
453
161
887
293
813
732
897
672
472
845
933
38
589
2
509
918
318
744
956
551
59
645
604
10
199
175
761
974
154
312
645
531
716
998
518
451
538
224
220
852
671
7
265
39
61
241
17
385
388
364
282
354
728
324
352
941
39
967
979
503
149
446
688
727
775
604
661
293
635
404
109
539
179
585
98
703
784
114
445
17
504
690
936
705
578
922
881
849
296
269
819
110
815
719
898
469
959
446
899
762
368
708
141
387
203
993
226
338
491
925
805
268
311
692
188
932
47
539
605
164
805
746
159
706
953
458
257
899
627
463
702
797
503
821
111
694
658
779
507
627
582
133
110
120
488
583
633
812
940
665
243
32
176
239
26
654
736
656
266
434
954
16
571
809
73
966
509
808
654
331
174
48
432
744
162
37
349
234
490
204
989
237
105
780
637
376
739
314
768
971
339
432
271
460
742
821
100
808
594
147
604
762
313
666
606
958
747
981
336
323
570
973
166
920
899
209
700
548
860
865
211
225
106
59
671
360
418
124
456
493
536
391
433
359
489
445
765
61
770
680
61
848
111
616
791
213
324
264
415
326
399
106
915
995
366
601
593
559
182
125
616
357
206
692
706
636
224
66
55
228
498
409
617
603
102
450
830
338
146
273
584
588
