239
158
323
136
483
340
317
742
846
229
229
611
891
641
370
390
543
709
258
122
370
778
659
254
875
67
667
123
200
242
737
205
773
126
625
96
90
966
819
237
289
338
946
575
178
493
736
765
846
442
588
856
872
628
864
984
584
694
65
911
194
134
77
502
481
672
397
948
786
593
438
573
260
384
570
483
37
987
599
340
650
105
700
923
450
864
782
34
255
557
495
254
4
885
504
62
143
660
574
820
823
210
90
206
370
588
207
740
255
161
46
157
289
208
178
810
176
372
63
98
987
901
482
590
638
833
407
666
570
324
602
758
688
631
8
145
320
127
250
635
110
413
732
823
97
507
905
292
509
77
33
709
329
82
163
58
560
379
722
836
797
611
911
615
782
26
749
450
286
188
666
910
502
756
204
749
685
273
905
422
969
739
607
973
564
229
216
634
905
883
47
958
473
545
788
939
960
788
968
126
224
765
635
741
915
265
863
90
350
24
693
483
453
616
161
261
260
334
352
633
745
674
560
9
133
853
707
701
419
999
877
451
607
339
237
430
849
888
114
9
267
650
220
46
887
727
158
974
722
775
668
660
432
593
87
190
486
915
730
932
126
82
231
432
206
312
356
160
942
26
780
790
498
882
726
617
1000
301
898
179
311
671
248
471
315
51
374
762
292
592
748
984
563
832
709
281
60
602
299
86
613
627
257
347
623
802
481
228
38
770
316
501
315
917
526
66
657
502
903
483
344
2
69
788
780
157
625
922
658
29
399
652
326
229
719
825
549
516
911
427
416
311
97
447
182
698
104
490
253
657
96
14
198
254
34
355
475
34
52
350
152
825
723
208
201
876
63
506
770
970
629
962
888
305
547
658
494
968
99
12
685
820
940
912
48
898
814
845
177
118
635
209
688
36
595
74
414
891
836
896
93
831
254
904
475
30
277
77
443
716
61
142
496
248
387
116
42
538
391
211
797
278
145
650
45
328
454
674
132
694
694
880
960
132
45
411
585
860
827
564
528
269
95
175
160
450
418
110
72
939
608
483
322
656
572
560
94
119
200
811
818
584
65
119
115
155
835
681
894
597
276
525
675
154
320
791
582
174
251
172
680
189
795
381
302
358
741
653
338
953
285
24
327
689
185
487
195
966
187
315
