571
63
697
410
279
21
279
767
642
86
175
61
948
723
13
607
469
171
340
701
693
505
956
407
350
109
182
256
70
32
600
588
74
109
772
631
541
776
64
975
583
650
176
485
687
300
69
969
132
568
348
696
502
767
271
876
893
804
6
367
597
876
128
697
292
645
1
816
432
103
718
699
938
423
292
135
497
126
779
420
957
685
501
981
62
132
34
628
989
606
64
615
462
538
712
590
349
991
699
163
219
611
521
926
654
792
778
556
51
480
34
539
239
624
817
436
592
957
202
317
248
659
885
539
227
333
339
86
285
419
841
997
382
76
964
940
844
487
985
545
653
594
407
613
368
490
732
173
136
794
916
248
633
584
344
536
547
652
610
805
121
190
890
877
858
769
285
392
983
263
209
28
650
916
138
640
535
219
127
386
81
653
304
407
944
156
266
194
469
516
95
157
717
959
563
905
122
456
788
435
189
826
405
762
271
570
298
386
16
670
52
502
592
423
135
163
945
429
993
461
298
26
570
620
237
766
44
97
635
506
519
735
644
760
833
810
599
221
748
558
62
218
426
331
721
835
112
793
464
311
174
260
522
114
478
936
85
464
718
108
324
723
735
439
125
985
994
631
94
760
151
291
996
633
712
218
777
962
47
323
625
405
647
494
554
627
197
208
404
253
913
499
813
200
174
815
704
932
195
11
631
479
11
569
997
666
963
95
147
913
118
856
323
118
74
824
881
739
823
979
646
793
218
236
819
90
380
364
394
240
683
579
522
9
763
354
483
121
27
854
584
396
361
625
552
746
79
380
26
761
693
189
71
657
330
652
797
488
885
867
213
598
990
728
420
48
265
775
140
800
20
904
222
927
327
383
266
32
441
498
864
193
83
950
7
98
491
525
827
318
604
145
544
934
107
820
234
181
202
651
685
213
617
69
848
627
450
886
35
245
630
162
508
808
758
294
546
858
527
532
455
965
796
737
690
100
782
597
510
26
843
961
875
147
460
873
145
726
221
445
213
87
16
390
396
471
174
125
596
488
435
553
183
211
242
320
710
843
925
577
29
580
878
970
709
493
892
764
245
767
388
774
270
716
289
23
354
827
402
386
356
992
41
694
629
250
642
652
847
376
235
57
910
150
235
330
90
620
50
931
84
543
382
302
133
408
533
338
428
987
949
10
558
589
512
531
504
817
22
810
304
683
961
615
851
145
965
199
173
990
394
608
804
299
103
749
363
735
6
531
338
968
714
525
189
677
72
839
930
744
608
577
104
164
616
149
265
24
79
379
61
260
2
879
194
210
373
856
475
585
756
546
605
19
486
164
71
418
910
608
472
342
424
473
776
368
615
976
62
215
69
760
768
171
832
931
394
85
638
556
893
2
605
718
460
162
248
638
718
82
84
372
530
164
138
17
506
456
361
697
896
467
156
344
642
694
77
560
266
391
365
24
615
311
981
803
784
353
178
344
82
763
351
136
832
619
273
354
94
452
473
74
512
360
365
476
554
945
655
477
951
949
127
397
363
736
387
604
289
304
153
185
252
903
667
50
108
20
242
369
