240
766
590
558
152
469
402
757
804
785
159
906
530
30
514
492
503
384
395
921
501
353
75
777
923
36
524
90
936
515
438
716
931
566
284
939
408
931
894
74
227
565
606
262
465
750
657
972
457
606
935
127
242
411
19
315
739
434
547
611
631
534
246
184
264
842
100
385
887
570
186
859
100
301
290
99
154
107
739
427
437
571
835
700
644
94
417
883
908
485
1000
882
871
480
760
694
274
258
649
102
413
686
189
556
878
509
380
492
439
991
801
196
668
66
65
801
26
492
530
946
866
207
4
460
483
763
567
751
221
539
153
688
386
902
291
519
444
113
271
898
437
678
799
301
927
929
796
411
28
673
83
649
769
790
31
964
351
959
105
6
836
319
994
759
242
167
462
25
649
935
69
764
665
550
290
661
710
455
157
108
712
122
847
469
715
303
867
641
651
512
219
27
705
526
172
328
114
908
923
70
748
159
655
269
307
572
590
586
473
525
372
870
729
642
985
794
165
542
445
857
884
8
356
268
336
291
833
689
722
66
194
354
200
288
116
198
125
889
906
201
643
953
79
131
237
873
535
366
768
214
893
49
540
742
280
111
447
531
611
608
725
495
391
653
950
558
151
883
505
866
795
347
279
868
748
33
49
359
105
859
703
803
549
877
355
58
37
463
222
976
731
750
660
354
529
269
935
36
948
278
