461
924
681
990
172
19
606
995
83
793
460
385
707
852
608
301
202
274
182
405
680
219
588
539
715
912
442
356
884
144
939
89
743
854
563
797
706
440
85
873
357
121
936
562
612
741
218
954
783
669
124
356
462
64
520
282
713
178
738
608
311
549
876
253
560
138
156
23
496
145
365
305
160
502
95
977
547
927
26
614
719
194
507
936
519
62
496
446
736
367
60
711
638
670
670
326
848
155
287
116
178
62
637
287
353
679
436
101
486
44
968
900
443
529
202
784
995
425
480
696
33
971
509
228
639
527
567
825
286
425
583
896
321
535
909
317
93
367
172
855
673
495
21
120
340
565
392
581
792
121
903
727
357
451
285
296
942
590
277
829
556
31
386
380
800
164
429
17
357
35
232
211
129
456
920
485
899
465
657
721
177
224
968
459
523
141
558
250
221
246
368
637
702
144
259
4
935
679
215
88
275
115
644
313
407
612
294
678
844
652
918
714
148
544
705
974
965
251
914
296
49
50
929
789
95
277
299
711
578
726
818
59
23
430
572
74
26
73
746
36
386
608
517
415
836
420
375
246
973
944
565
389
33
424
365
429
728
343
128
63
243
632
588
199
60
299
129
109
572
242
885
100
203
785
194
512
690
792
696
752
680
282
226
445
441
258
618
805
821
400
205
79
936
544
400
2
299
152
448
66
354
540
411
193
71
134
673
759
486
971
609
913
740
259
552
554
5
220
242
654
406
263
773
859
167
39
513
888
457
571
502
837
433
440
29
974
313
415
803
900
642
227
100
963
930
521
871
436
590
953
962
1
26
250
549
115
19
755
236
648
917
987
594
924
646
996
439
177
866
184
307
805
817
608
934
420
396
238
470
870
773
316
487
929
95
659
807
396
724
921
266
77
624
511
63
72
270
575
890
54
464
5
884
422
996
480
187
378
481
822
866
689
909
191
380
968
448
963
253
753
392
556
566
623
897
809
985
465
657
917
918
490
300
654
701
375
195
553
718
77
419
186
585
839
427
801
193
135
211
492
659
200
519
160
298
323
741
223
886
176
372
38
856
849
805
427
573
920
812
11
995
37
692
961
804
849
188
955
912
65
16
142
363
969
943
82
861
637
428
377
125
969
86
257
515
165
307
538
995
989
323
248
769
3
989
651
871
344
100
326
471
510
484
117
408
963
847
555
970
744
298
545
725
897
264
366
152
636
297
713
83
802
817
812
75
414
711
130
29
678
154
540
272
266
378
48
414
962
890
386
592
945
90
640
585
624
222
514
813
29
239
410
9
214
788
27
662
578
519
15
791
896
141
247
99
342
609
4
631
994
890
480
287
22
509
649
463
41
406
154
254
589
267
402
569
966
292
986
271
705
262
436
55
23
820
917
218
362
554
25
303
512
366
187
601
890
228
294
587
737
911
812
963
124
29
829
200
471
958
632
532
838
422
291
926
837
370
633
530
911
489
184
80
778
296
446
401
446
913
831
292
660
49
640
730
916
927
790
237
590
619
476
281
44
584
973
426
908
330
987
911
827
478
578
93
243
826
680
835
138
636
584
38
904
23
643
208
549
833
83
866
265
718
594
121
640
526
678
297
818
345
785
405
693
932
284
132
735
321
495
770
133
982
896
615
153
470
253
69
517
648
31
996
431
34
784
626
798
506
771
979
681
506
669
287
987
943
404
947
271
951
509
673
209
805
212
77
881
806
742
550
611
179
838
979
124
440
278
728
666
777
779
282
416
433
997
232
686
586
770
59
62
497
740
750
966
327
973
832
987
644
792
963
319
908
254
119
100
682
556
827
109
392
953
440
159
48
440
579
475
560
816
181
522
255
71
260
837
717
305
610
245
4
874
549
536
422
648
898
836
458
242
931
552
365
633
441
890
918
557
740
59
246
550
213
616
589
501
547
842
363
301
826
961
831
221
290
322
331
539
942
644
732
435
965
298
127
839
181
12
78
224
974
115
940
138
68
372
655
448
778
385
788
103
534
76
109
701
732
580
522
925
571
176
675
266
834
802
648
845
344
902
548
982
45
983
130
610
460
774
952
979
492
730
980
938
291
381
370
706
509
454
946
850
582
595
848
75
873
292
851
344
284
663
59
68
567
33
363
769
347
189
335
959
411
955
802
792
417
177
291
670
653
16
987
223
454
717
37
216
404
225
404
243
822
305
971
1
352
524
90
834
222
417
638
347
90
382
608
5
