84
637
263
508
548
107
761
919
865
217
888
93
938
40
699
831
274
224
380
730
123
662
587
36
662
611
298
151
630
759
462
175
26
160
331
601
451
19
989
474
393
226
280
422
67
323
902
257
482
54
473
914
95
101
401
913
154
863
601
672
723
981
656
851
671
729
118
692
745
864
213
349
978
980
436
623
229
551
1
54
434
22
711
374
431
34
556
811
555
750
473
842
106
341
949
484
608
261
394
753
146
456
952
229
974
769
831
308
388
414
531
934
285
490
112
559
686
383
46
175
814
825
482
309
642
762
259
971
482
669
590
657
750
4
104
715
655
21
427
808
899
705
821
717
707
387
582
148
889
382
246
310
932
632
233
567
585
605
954
189
797
292
686
672
533
577
538
629
843
887
65
135
744
678
111
514
333
751
991
379
592
397
222
829
768
151
607
432
201
195
259
41
842
598
452
812
396
235
355
50
975
626
880
739
468
557
576
922
932
432
640
688
893
696
957
321
101
643
196
594
498
627
865
552
663
500
291
881
679
727
727
728
285
7
445
72
410
687
300
142
25
900
162
129
159
332
873
955
98
656
742
455
767
884
970
434
385
857
228
112
