721
149
527
675
819
796
807
36
165
623
112
320
712
161
426
452
794
114
50
632
664
941
315
250
951
710
846
266
94
638
587
284
595
349
906
899
866
280
566
76
906
937
596
789
170
583
806
971
647
960
483
17
484
696
968
176
902
385
687
971
61
191
706
943
484
303
696
812
790
62
278
500
809
857
348
657
703
59
420
437
164
476
521
318
232
490
675
17
97
743
886
375
40
968
463
203
858
585
307
653
777
140
78
186
695
124
44
915
622
786
338
298
83
898
422
383
463
367
340
564
116
630
103
599
221
795
594
201
471
482
665
222
998
168
990
893
630
810
862
251
352
784
822
956
876
437
288
167
999
785
246
302
704
744
705
624
602
719
617
50
372
865
791
982
360
360
391
418
86
511
543
935
980
452
399
128
599
570
267
237
424
680
986
494
380
495
813
633
489
646
890
481
709
163
637
785
968
597
286
448
297
963
293
660
148
94
275
558
130
973
874
991
921
677
77
768
454
338
105
475
468
342
757
819
775
836
827
737
301
282
472
376
320
182
533
224
678
420
151
565
771
893
397
437
742
962
426
909
115
437
541
745
768
853
550
394
798
916
3
790
779
233
555
36
647
353
342
347
638
421
163
479
261
995
280
89
199
518
557
289
30
962
915
690
315
81
511
403
392
245
769
259
953
588
820
17
455
114
741
763
352
555
84
462
291
115
684
140
134
871
937
815
522
591
516
236
268
953
397
59
380
253
367
503
126
673
400
984
201
89
329
247
436
592
549
401
433
818
625
531
45
727
567
494
819
961
328
925
845
740
731
397
857
236
915
424
500
577
308
58
982
918
512
423
204
234
70
630
328
365
908
124
55
802
17
107
527
473
107
838
738
990
567
750
950
82
442
205
66
83
761
303
649
250
35
325
328
449
560
729
280
576
571
314
157
65
385
648
318
630
649
137
556
786
229
650
406
225
559
58
354
601
771
692
810
859
105
393
280
934
276
395
830
245
851
162
179
556
809
472
764
526
102
489
387
989
933
989
754
615
405
296
586
639
952
260
217
247
598
90
978
951
883
702
798
406
472
930
471
688
288
333
70
91
918
493
608
378
12
373
273
199
608
246
452
148
586
310
485
311
954
650
487
49
774
212
55
513
703
266
281
133
788
217
20
791
17
2
627
305
232
39
524
90
854
714
720
402
504
899
985
201
154
907
878
6
407
999
481
21
894
538
259
993
352
438
542
347
370
577
553
803
712
774
218
187
987
715
902
703
516
500
527
735
9
533
327
295
961
388
741
386
700
5
447
525
349
798
810
871
219
681
722
170
604
873
554
647
558
148
314
277
876
920
895
716
264
959
363
955
872
473
728
728
174
868
264
221
293
905
451
569
727
864
285
859
988
698
76
432
798
785
791
100
809
649
337
653
577
228
779
270
9
539
339
201
694
977
508
514
521
562
835
827
563
785
539
607
150
760
806
88
842
431
795
616
423
664
987
386
678
997
937
621
669
649
87
740
280
221
271
79
450
578
109
47
187
597
172
697
1
561
925
897
846
110
189
769
503
867
607
949
981
357
67
940
818
449
727
487
109
625
157
458
380
983
666
74
527
795
706
964
804
423
650
276
883
855
269
367
304
771
994
811
238
665
325
878
196
252
443
311
677
441
399
873
154
258
731
133
