478
747
919
643
141
492
15
155
379
343
804
201
3
78
75
950
760
981
191
334
139
888
937
611
282
559
783
142
269
60
536
644
576
421
89
328
277
15
594
769
429
99
754
732
107
298
472
658
404
527
732
903
135
318
949
445
416
921
284
425
296
664
739
846
270
370
217
771
673
49
108
341
821
736
12
394
720
142
582
83
27
269
709
339
960
181
444
594
106
455
61
7
405
427
491
575
670
459
60
741
444
249
371
134
980
266
951
467
189
326
403
539
76
486
742
469
392
945
974
548
259
491
734
713
738
733
648
606
972
396
210
887
18
178
248
819
96
64
7
132
208
555
986
769
12
564
98
656
371
538
398
656
132
884
828
665
697
835
389
388
370
661
208
477
150
937
13
711
846
259
785
539
613
504
762
851
275
384
571
274
807
720
844
71
429
494
740
4
488
487
438
607
646
225
660
612
549
382
136
484
577
456
781
117
162
133
169
954
569
944
626
488
638
989
753
928
662
333
907
43
352
150
179
816
22
665
800
255
612
259
131
217
701
345
997
439
842
180
427
180
89
818
846
409
26
305
905
409
830
570
239
230
763
876
44
907
562
220
625
846
647
870
190
238
575
638
283
438
401
246
534
930
505
130
932
609
981
922
79
591
607
116
139
929
537
891
898
799
184
317
725
362
198
4
206
719
676
576
805
809
536
414
845
123
730
966
769
445
864
413
721
921
839
484
297
203
184
198
869
552
177
512
185
900
595
314
283
993
629
223
393
626
591
68
97
63
189
263
940
666
421
786
160
50
172
566
40
97
443
885
224
529
234
532
81
98
205
503
657
653
134
957
847
967
15
799
14
502
687
301
151
264
453
110
44
731
682
515
121
520
795
425
905
928
488
396
745
264
535
339
