764
656
277
803
892
305
138
285
951
332
526
587
872
327
349
449
991
382
746
6
665
532
930
843
203
456
392
501
168
479
941
376
575
334
835
833
770
182
71
832
684
468
346
142
520
297
888
31
785
475
992
60
307
360
656
126
561
599
821
167
74
1000
167
379
347
965
661
629
867
955
748
331
705
110
906
578
348
383
394
489
366
338
821
498
992
12
480
207
529
393
909
980
138
233
930
31
909
93
727
654
484
706
214
538
716
22
872
709
49
903
642
402
255
693
644
455
811
441
318
759
707
699
551
35
70
171
964
203
54
457
493
11
269
209
423
431
820
322
635
272
578
297
986
522
24
671
416
535
663
192
798
558
397
967
664
53
240
556
985
465
662
588
360
840
941
544
376
880
457
374
397
109
183
790
100
47
938
524
668
235
713
346
481
806
978
861
494
837
698
736
597
590
704
258
546
461
843
202
700
892
712
39
731
523
856
73
128
711
336
978
752
140
54
506
61
551
577
614
134
436
670
375
836
954
781
620
855
951
900
869
187
271
830
420
473
176
612
609
325
585
751
831
406
844
69
897
675
734
659
988
644
965
867
547
635
503
523
966
930
284
355
123
391
897
704
187
577
575
470
657
300
330
877
129
368
219
595
290
748
649
286
881
215
292
732
861
109
69
333
470
650
946
13
40
695
822
770
62
831
140
521
358
373
500
560
906
720
819
158
540
213
352
826
577
73
761
515
743
340
755
850
479
918
483
651
453
99
66
141
383
544
368
630
332
890
374
504
764
810
814
151
306
787
325
743
418
591
77
493
143
657
611
598
128
28
805
785
312
120
836
9
967
471
895
277
4
936
828
246
440
622
69
340
263
663
490
832
256
779
708
589
80
590
490
500
830
544
996
547
840
476
956
531
713
4
806
672
900
108
789
28
496
540
397
373
799
652
181
72
971
192
606
612
630
196
776
576
591
527
881
293
562
377
622
682
694
89
300
898
478
281
618
525
380
283
115
847
961
284
130
174
453
224
663
168
4
996
201
16
324
788
585
466
925
300
186
961
246
497
11
256
51
45
178
695
372
85
58
959
919
194
689
756
539
730
339
492
897
499
53
