252
343
369
469
859
929
964
841
763
340
426
207
318
563
544
377
204
492
146
88
989
212
161
554
482
128
993
893
891
753
381
679
939
940
241
783
437
709
76
299
551
500
697
2
284
791
300
353
530
954
766
829
300
448
20
43
83
85
5
314
776
30
49
129
850
218
873
587
378
368
50
438
500
258
21
323
864
572
696
209
65
122
331
485
215
704
41
372
632
737
774
591
647
616
727
876
823
742
193
947
194
217
169
226
758
666
757
264
528
123
705
43
12
730
344
85
619
544
561
79
666
706
941
214
717
613
181
604
98
302
937
361
609
421
760
135
838
868
924
216
804
607
833
528
921
912
321
717
952
210
625
126
197
230
822
483
281
773
204
369
245
188
770
422
558
341
324
834
90
519
134
928
351
163
675
197
716
743
183
503
370
682
940
945
61
855
556
540
365
137
686
172
870
250
228
663
368
132
852
628
584
274
5
766
560
720
368
518
64
252
234
304
183
423
782
285
329
636
545
304
278
540
736
752
792
313
65
584
262
236
355
306
576
436
939
378
755
681
28
370
651
816
964
797
762
118
903
336
481
913
701
960
766
478
119
356
179
458
617
426
681
303
734
267
272
918
192
758
877
173
128
104
293
452
618
399
3
929
406
737
1000
508
178
787
282
897
359
53
959
848
569
551
714
85
827
747
711
319
415
262
270
740
860
170
137
128
97
547
684
687
931
850
688
295
405
811
837
676
679
428
636
16
310
630
29
580
814
870
395
319
56
603
105
224
434
334
234
568
126
547
176
951
318
339
243
257
134
184
423
612
412
103
489
282
708
684
225
226
807
593
653
1000
508
79
924
905
435
487
486
975
759
996
591
66
946
293
132
564
274
137
233
209
693
944
659
305
491
22
839
929
296
193
947
544
317
905
689
697
921
689
176
596
824
551
696
895
165
193
509
9
326
71
16
881
837
231
99
975
281
500
473
679
209
810
303
424
40
562
427
914
488
95
310
282
601
717
926
649
245
965
16
839
975
211
431
641
372
867
725
850
838
968
510
705
633
529
829
118
725
39
277
862
38
690
683
11
362
979
430
319
742
679
481
440
553
4
210
473
900
791
382
976
158
555
266
221
331
314
212
269
594
850
492
430
508
405
819
90
171
18
580
960
412
623
704
108
906
753
850
887
746
622
16
153
916
984
337
312
511
387
432
107
987
337
411
272
536
984
978
154
623
523
785
332
951
682
375
411
458
880
880
582
13
552
205
889
653
534
411
146
775
729
781
882
769
800
529
27
117
466
425
285
329
787
975
712
492
562
830
157
898
838
363
391
388
455
456
679
13
814
