380
496
389
204
983
267
170
594
922
175
33
30
889
891
457
902
896
865
932
315
960
631
866
738
75
103
686
533
647
778
236
166
897
602
654
797
670
508
605
81
547
272
597
521
229
336
371
281
805
808
869
606
324
441
641
312
730
26
549
802
705
89
787
376
754
75
783
317
766
961
23
868
916
725
131
371
78
976
757
443
702
137
292
605
922
968
194
223
891
222
937
626
77
323
278
215
731
359
854
996
214
505
404
424
98
788
318
598
64
409
879
391
294
624
335
516
417
750
180
723
28
482
380
915
255
446
323
380
891
998
734
302
630
755
50
526
792
988
87
690
120
346
810
250
394
364
250
420
960
106
316
530
625
78
339
720
502
985
752
730
775
698
868
149
995
903
886
55
286
348
111
608
143
702
401
483
886
35
541
913
239
835
634
623
161
604
962
793
366
716
799
444
63
215
348
928
555
732
803
15
386
668
12
131
610
86
805
369
874
701
604
460
791
628
928
784
268
283
749
450
29
744
393
870
923
461
103
676
366
736
493
355
19
222
109
440
833
778
67
629
144
863
245
734
829
910
72
189
866
135
20
202
687
746
964
423
220
391
425
94
590
964
420
784
878
376
19
587
609
572
944
448
867
613
917
984
230
312
563
504
440
679
599
875
214
122
693
241
980
944
568
618
376
600
567
897
460
988
669
963
45
71
939
485
698
848
349
625
931
58
275
106
776
989
670
144
701
511
403
352
149
289
676
16
407
186
315
337
655
438
263
375
925
256
102
306
4
405
122
169
764
208
439
70
527
859
537
278
540
661
296
852
955
838
881
788
305
827
777
71
507
939
525
728
747
35
554
512
228
837
383
608
642
672
37
449
512
907
951
264
433
117
890
78
321
278
477
771
37
865
826
977
826
344
47
427
94
364
413
430
63
353
958
156
686
925
133
337
566
706
66
631
50
98
188
899
814
459
287
852
883
266
791
176
702
621
54
195
689
430
354
726
911
307
974
462
908
730
128
710
288
678
539
185
266
286
807
487
755
77
787
830
945
252
73
840
932
630
170
824
147
491
644
815
767
174
341
220
211
516
136
849
946
657
493
837
393
49
59
942
290
726
273
371
811
104
936
127
321
526
690
31
897
331
300
227
416
220
511
814
322
601
883
758
358
961
201
211
188
675
501
854
41
118
265
19
488
839
26
228
191
153
243
920
656
884
700
153
587
661
993
227
108
838
442
977
677
863
410
178
730
388
735
378
768
893
939
766
843
788
856
20
655
321
151
383
979
3
454
645
746
520
744
734
633
533
377
519
409
274
160
192
416
992
997
366
712
604
199
74
144
754
260
814
747
810
78
911
802
772
835
385
185
137
548
19
625
949
476
566
