47
23
874
843
647
409
936
260
161
133
153
161
441
201
23
607
456
615
336
480
899
8
867
972
794
954
328
830
511
751
502
599
501
150
27
575
678
941
446
549
27
154
106
680
384
567
794
958
47
423
505
109
56
346
560
197
206
116
811
91
21
976
956
528
678
111
749
847
506
360
341
85
110
193
948
733
401
385
569
347
896
470
450
581
243
466
611
752
936
493
574
633
1000
25
949
762
856
317
98
153
873
524
980
556
651
636
932
895
562
655
608
295
958
577
424
763
370
224
119
206
215
28
213
705
33
812
742
924
45
724
66
14
781
93
981
509
137
238
338
205
276
74
877
246
228
129
525
270
73
489
346
831
828
417
882
424
809
205
576
787
318
874
472
265
555
774
968
694
17
451
346
140
477
351
694
456
520
866
936
996
164
706
500
681
226
885
893
538
71
682
953
632
396
619
71
298
115
666
355
904
758
667
531
630
977
661
344
187
665
711
423
82
676
968
182
194
427
283
277
309
456
84
249
536
528
976
934
203
408
228
102
932
519
525
99
894
5
277
626
420
906
467
656
961
755
937
325
304
511
954
689
234
692
654
99
91
892
174
728
607
518
409
968
268
880
103
150
634
743
227
62
662
482
822
355
103
730
465
821
508
434
458
518
848
520
703
169
969
831
904
177
5
38
868
958
796
537
923
970
491
784
151
835
470
9
183
519
119
910
723
226
810
780
498
311
965
45
820
405
31
92
340
110
337
492
739
976
216
992
693
43
196
766
801
814
215
689
636
398
104
933
712
462
193
976
139
152
684
781
276
441
610
217
874
700
727
189
979
499
581
175
161
644
749
227
987
902
726
434
672
629
155
709
782
983
502
339
825
90
566
420
356
219
858
185
208
70
640
244
285
403
651
723
966
895
174
759
326
2
976
858
12
785
878
559
746
259
50
961
282
390
508
810
404
819
932
10
903
959
235
596
660
526
941
625
188
814
137
256
257
70
347
827
283
413
476
312
581
365
503
357
175
499
54
271
673
292
154
29
81
613
303
532
699
564
145
561
308
95
498
166
768
693
935
487
978
876
417
453
950
489
232
947
969
186
392
464
240
405
969
261
567
66
251
545
353
23
19
456
971
637
781
431
931
300
843
11
431
786
139
957
23
921
459
134
118
221
720
689
54
801
148
223
249
301
388
399
147
67
374
352
944
90
292
416
908
114
93
75
740
887
464
5
532
82
483
440
588
43
588
72
928
703
754
198
485
444
332
677
81
977
561
518
133
433
626
708
475
845
781
406
810
873
769
933
356
118
396
723
975
895
568
733
639
880
468
891
941
772
576
628
6
669
181
231
994
841
321
743
318
78
801
608
773
519
78
483
241
226
819
46
963
645
572
357
199
713
3
516
826
306
130
814
45
882
355
52
552
710
191
928
464
882
582
358
27
244
133
189
417
879
832
755
741
341
547
737
365
702
642
301
403
157
779
365
873
348
30
923
94
491
75
864
562
581
149
305
357
504
469
720
81
802
458
407
627
836
211
510
7
511
452
596
525
766
670
782
447
174
951
460
908
851
366
322
555
682
583
299
594
777
153
395
645
123
668
190
497
534
152
259
515
944
209
966
227
574
668
216
680
442
549
630
924
446
566
102
96
591
393
509
652
159
399
383
240
136
733
199
644
698
97
613
721
60
353
470
421
695
751
808
851
717
639
457
792
550
868
195
32
716
865
634
236
506
247
201
457
694
126
961
655
590
514
634
642
925
413
169
255
728
540
924
232
633
609
834
378
486
660
872
871
687
859
66
535
654
169
326
370
