125
196
784
753
285
643
649
157
691
42
334
875
830
516
606
60
191
947
389
968
846
221
597
701
577
434
262
482
434
235
13
690
465
240
796
426
327
530
303
938
418
743
419
565
262
148
613
243
402
25
669
664
696
997
358
154
937
331
870
311
415
301
390
29
593
877
225
354
714
454
972
469
912
873
562
592
247
972
369
969
319
628
598
667
235
242
287
443
17
646
869
865
282
397
224
355
214
320
189
638
395
638
421
594
588
522
291
312
256
658
1
553
183
449
538
47
665
829
837
264
727
908
375
88
693
529
112
983
926
404
62
150
926
902
98
432
225
19
335
363
389
66
336
355
198
761
402
548
768
268
882
234
413
713
871
423
499
460
627
799
861
293
264
465
974
507
882
649
154
973
256
701
223
35
206
280
676
305
349
21
971
8
504
423
418
247
396
276
626
496
201
25
777
845
583
149
437
681
327
571
137
95
947
936
246
349
390
309
75
345
657
606
816
713
806
309
551
634
418
646
33
832
943
584
262
359
173
227
853
804
862
936
993
860
4
701
378
226
779
738
705
617
715
860
415
695
554
723
298
875
64
715
318
248
625
602
584
628
841
40
854
314
353
919
245
980
980
811
237
149
43
342
374
442
957
972
620
39
478
724
504
780
162
603
694
643
752
869
161
862
253
83
257
708
320
113
567
943
922
702
442
494
552
234
846
528
393
676
101
407
529
726
967
938
599
399
217
891
63
181
985
828
166
9
565
357
679
224
361
149
404
118
176
210
497
87
491
709
179
926
1
75
349
428
721
46
681
455
604
93
605
908
578
784
196
552
701
314
306
297
268
533
537
560
879
304
586
328
775
632
313
331
812
48
604
752
821
27
600
868
182
204
412
228
765
501
520
675
706
707
604
453
290
906
5
359
134
891
195
135
635
151
985
504
766
230
848
863
42
761
526
152
907
34
568
781
145
254
273
125
