503
31
415
491
920
638
72
720
370
321
740
15
551
366
299
142
322
912
952
176
89
940
255
887
872
140
810
702
567
747
772
861
938
716
862
28
417
660
460
24
115
941
364
289
640
927
928
546
585
303
812
663
677
542
195
141
850
653
671
192
434
909
526
788
467
49
541
557
952
338
434
192
78
888
300
234
565
642
790
324
849
60
379
853
132
650
471
163
433
85
470
590
376
678
694
802
747
464
141
113
907
220
246
968
310
996
408
551
67
588
826
661
272
416
836
877
875
46
653
849
184
354
69
282
587
880
772
63
312
689
95
570
493
74
914
221
768
646
969
647
147
99
15
572
794
943
613
153
203
562
146
539
358
827
15
805
258
257
439
358
26
121
897
582
734
160
530
239
313
780
629
66
128
204
698
667
414
281
912
838
653
948
967
976
297
373
27
373
6
581
1
366
111
378
695
932
33
567
202
472
942
692
403
100
839
198
422
535
641
842
675
296
149
922
164
608
946
629
52
223
724
52
7
26
478
580
808
696
899
596
116
902
293
126
120
431
138
929
329
835
792
855
807
757
302
188
619
355
924
777
550
53
567
566
770
649
365
612
909
627
419
916
847
887
735
393
478
34
281
318
877
741
688
868
235
390
425
376
399
883
565
170
359
560
158
867
704
169
811
940
