998
199
61
924
892
255
931
797
673
854
929
666
475
441
950
233
193
685
137
811
918
427
394
951
908
447
970
35
149
40
19
914
46
191
910
497
54
324
584
992
174
876
28
571
103
368
876
588
743
529
657
471
733
228
578
647
424
29
489
824
518
95
982
125
903
682
673
972
907
648
774
812
56
748
346
53
92
264
240
688
290
682
204
82
901
686
217
648
661
394
901
524
393
903
524
707
557
451
51
66
295
234
378
301
598
358
557
380
846
490
768
994
54
692
832
587
349
879
709
275
118
714
217
391
332
119
668
230
324
725
517
867
858
901
397
642
366
400
773
881
786
387
964
669
974
538
80
684
276
617
56
705
578
711
515
466
590
841
504
557
378
800
334
202
160
132
213
830
669
157
861
853
25
335
330
879
702
277
665
939
258
55
484
77
817
354
809
922
661
276
238
990
719
887
998
532
361
531
177
449
169
717
178
735
623
602
537
544
54
784
280
98
986
939
28
186
818
588
791
583
747
623
264
557
512
833
720
299
857
382
740
474
232
991
562
176
92
769
633
363
235
629
315
126
356
595
22
194
296
184
907
581
143
406
109
387
55
919
311
795
807
895
965
54
746
19
10
478
835
576
69
472
515
899
73
202
328
902
961
476
876
271
459
510
520
732
302
538
582
630
891
476
336
156
180
469
844
952
342
73
224
303
919
970
826
209
32
944
803
337
480
748
806
351
631
904
120
416
483
203
27
201
816
302
648
828
345
981
575
580
919
222
150
597
842
983
691
164
808
810
