160
869
116
459
523
317
113
907
742
66
953
134
140
682
615
994
34
903
424
704
247
132
945
609
878
165
940
477
671
501
818
925
14
822
831
617
255
362
772
958
476
525
665
124
964
188
837
690
725
943
419
699
37
56
781
723
176
366
219
125
434
877
902
808
208
873
697
327
511
8
118
916
550
898
753
867
58
324
476
378
113
506
82
934
398
120
489
809
719
297
93
161
305
820
669
190
437
17
212
125
996
628
259
413
183
571
536
805
571
512
208
30
614
117
662
5
908
257
709
669
512
91
91
392
911
424
495
732
748
866
669
959
325
90
396
11
353
18
958
263
345
693
393
113
842
848
613
309
412
935
353
694
71
771
908
660
477
461
243
866
13
165
875
345
101
193
254
545
597
593
699
379
716
428
715
965
162
33
745
376
970
622
737
922
707
142
176
552
17
956
442
921
45
972
123
516
268
329
263
106
696
891
802
712
625
16
654
740
20
801
282
994
634
572
225
736
685
663
995
858
482
958
608
261
812
66
90
966
534
472
865
752
475
529
795
593
962
414
816
725
259
166
915
431
337
215
349
132
219
305
522
707
619
396
465
664
504
57
156
268
196
26
447
232
853
676
208
274
563
386
908
784
399
870
892
993
933
159
448
194
82
426
121
82
104
71
926
292
829
351
323
56
128
185
330
443
4
470
859
282
223
880
463
76
808
134
197
563
825
985
740
694
435
36
498
810
718
279
477
457
958
722
450
227
996
316
976
751
401
14
682
197
209
46
662
344
7
221
76
647
388
897
857
920
844
637
161
86
742
216
90
154
709
449
893
742
359
589
964
544
465
946
3
208
103
438
820
450
748
281
415
936
540
92
340
220
857
753
938
703
301
362
559
817
294
642
318
53
280
614
990
294
654
50
492
240
626
199
560
922
410
822
221
462
752
81
291
529
146
814
116
593
615
801
344
519
909
329
244
529
845
473
684
809
366
846
585
396
49
682
495
883
19
515
264
530
446
403
16
232
84
230
389
275
681
908
69
717
67
134
703
869
539
162
878
465
205
286
944
390
902
563
110
118
282
609
674
585
611
967
589
315
424
95
661
914
839
624
492
117
963
622
177
497
775
737
948
965
828
658
383
212
431
619
635
388
724
465
270
845
288
422
857
339
876
20
715
596
194
991
95
704
128
804
915
945
784
457
208
961
935
687
339
727
133
354
134
780
94
845
306
58
935
627
737
37
58
782
86
181
843
400
771
60
575
590
784
223
969
440
394
568
835
192
288
925
116
74
389
166
180
203
75
747
154
621
163
814
473
129
54
324
3
820
704
742
632
627
209
391
472
208
677
8
452
971
106
476
650
999
704
65
148
398
797
990
602
806
524
570
547
760
613
564
657
205
621
595
3
274
71
14
808
420
839
956
372
356
812
804
706
494
785
686
973
186
149
947
42
104
907
321
242
973
394
802
938
211
865
970
699
501
67
34
238
373
644
323
528
618
732
121
248
392
350
137
541
268
198
495
159
91
393
995
495
469
322
281
131
271
736
877
343
494
423
977
200
336
374
170
621
427
343
49
294
872
140
361
583
568
898
974
972
257
171
130
87
164
845
761
468
166
515
749
903
156
93
455
625
356
493
374
185
261
730
645
987
865
966
775
422
946
312
11
108
509
93
993
708
371
148
861
57
479
107
870
311
734
759
238
945
681
769
293
358
726
571
197
231
298
177
286
937
446
308
747
192
857
816
20
130
715
128
820
722
602
170
760
215
610
766
103
19
864
129
418
316
424
22
404
529
241
34
917
831
617
633
351
284
898
236
751
607
469
181
841
667
372
218
223
