943
534
464
375
201
70
782
850
650
24
301
626
102
831
950
925
524
768
726
548
531
324
424
16
933
190
692
458
388
686
622
56
928
105
666
838
638
222
731
123
162
278
508
269
408
25
344
468
748
75
250
36
176
338
449
211
508
516
199
927
157
712
724
1
630
206
895
569
35
665
705
727
933
66
703
305
172
291
498
605
689
122
912
153
977
465
334
347
382
298
599
959
894
324
741
867
307
990
923
121
223
721
886
157
930
136
605
895
834
645
715
66
807
491
462
732
642
178
405
907
997
550
46
729
573
884
436
377
257
600
150
255
611
417
736
867
112
215
969
343
729
349
453
774
830
289
704
35
969
133
454
616
151
424
424
339
365
353
581
356
650
831
322
814
462
420
981
274
271
948
418
920
576
545
678
427
827
141
598
297
939
177
817
71
183
351
258
547
597
334
197
236
978
986
840
323
729
755
660
366
500
467
870
75
904
921
141
912
995
644
472
535
191
119
85
942
919
794
807
500
53
580
373
30
93
76
618
452
409
29
795
486
664
262
735
286
908
185
971
660
715
915
714
553
370
470
50
964
626
500
463
940
819
174
606
361
310
323
69
436
371
916
947
711
484
534
223
394
157
244
334
46
186
101
73
549
666
434
236
820
431
304
232
270
175
865
228
894
487
899
880
67
389
52
240
96
467
114
820
471
238
577
813
294
218
71
766
941
897
652
4
496
139
313
615
699
356
766
381
149
429
637
852
508
412
950
375
249
171
62
166
275
273
481
127
114
882
269
499
221
949
351
155
338
76
51
172
481
235
763
195
622
795
429
533
707
836
617
768
923
264
19
763
405
952
67
901
160
230
217
212
753
133
947
309
686
984
123
700
760
952
500
266
916
780
548
953
440
326
966
344
443
247
251
242
930
659
287
724
469
769
157
800
872
423
495
597
366
354
496
393
90
220
310
9
662
748
372
800
771
404
173
421
931
418
18
708
177
876
482
