710
132
578
334
908
963
765
441
286
821
403
626
761
116
321
742
748
93
792
820
146
701
329
615
730
32
880
168
123
220
687
598
175
265
407
406
547
546
966
3
448
224
76
360
292
102
992
478
280
12
267
474
711
996
817
481
956
730
969
467
867
376
4
873
781
173
497
409
457
872
309
183
904
549
875
200
82
598
814
976
785
483
973
751
543
493
802
978
26
117
792
956
649
743
124
594
731
29
568
432
558
599
81
927
130
920
546
683
928
14
203
527
217
311
111
421
362
148
240
188
688
371
182
672
599
621
248
188
777
931
30
569
354
314
573
710
45
558
217
63
585
109
664
620
382
889
810
507
748
761
920
949
874
161
802
177
818
279
241
601
989
762
560
271
202
710
67
355
164
570
575
45
482
944
346
774
459
518
527
173
844
829
312
136
19
761
398
902
474
946
812
945
423
950
577
46
119
566
996
900
35
361
482
697
655
754
201
359
119
346
568
12
165
476
971
417
803
334
275
313
783
855
256
922
652
826
105
570
189
712
47
414
55
594
516
909
30
10
774
114
367
828
6
673
729
844
901
451
690
649
199
390
30
638
603
408
579
945
117
36
667
645
883
760
707
115
950
84
316
117
738
403
659
268
357
642
767
121
679
313
750
764
115
501
847
999
355
20
672
239
353
860
436
957
88
84
453
993
517
565
510
788
576
433
425
965
784
273
938
681
847
650
771
668
60
502
769
237
203
927
316
972
997
747
465
100
973
476
900
445
326
681
292
968
543
520
748
541
323
451
391
437
858
955
539
861
235
542
979
385
577
547
529
694
729
184
67
700
501
548
873
664
142
112
102
11
345
121
211
259
527
156
506
315
866
729
25
545
372
24
860
36
442
3
520
634
884
847
994
293
