673
524
594
463
280
744
225
473
399
571
591
535
715
487
318
605
80
743
395
683
938
244
99
819
623
95
389
150
329
403
125
236
25
487
834
925
700
309
986
593
134
245
132
261
133
545
498
294
211
762
699
614
95
471
946
113
135
595
868
641
393
46
278
130
878
38
93
300
401
592
61
847
702
642
288
827
138
220
393
387
534
521
572
297
195
368
359
649
278
898
734
844
388
328
921
348
178
48
117
921
537
98
125
694
60
848
774
490
702
310
721
598
23
578
126
519
92
791
718
185
91
947
587
199
258
698
254
934
703
237
391
29
276
752
199
370
897
463
716
50
795
348
568
369
410
319
464
358
351
350
235
178
762
592
666
176
75
812
8
278
704
910
327
261
805
710
206
373
489
109
301
400
346
467
137
322
450
32
742
406
575
695
301
279
676
818
150
104
990
583
267
233
2
162
654
666
739
539
564
913
438
264
215
723
563
435
774
97
966
284
454
677
954
284
239
241
737
439
158
914
667
419
334
878
109
318
827
712
529
490
770
754
270
758
173
942
31
854
766
1
801
413
754
316
691
817
905
616
458
971
224
305
520
293
677
192
249
295
55
561
298
233
652
64
452
387
91
87
895
125
72
358
745
223
323
744
232
226
893
830
206
996
700
213
318
211
280
657
693
875
133
848
656
31
324
464
591
945
943
197
220
105
228
739
219
639
866
695
173
877
591
602
704
46
912
523
32
513
899
575
588
264
147
198
395
847
871
566
108
159
674
243
480
588
327
743
527
595
466
47
839
492
751
40
65
536
424
339
478
19
115
400
141
314
14
429
134
606
368
935
18
92
594
874
301
504
392
299
595
708
489
431
170
335
943
744
12
824
932
281
658
296
614
828
689
737
26
465
361
950
377
92
502
333
884
673
9
844
250
663
624
439
625
97
238
985
267
151
604
929
106
821
368
193
817
216
687
326
608
960
1000
283
196
604
645
907
953
306
764
232
298
464
782
923
612
429
315
515
66
866
836
838
228
158
565
36
333
745
472
966
523
102
688
451
370
871
789
173
243
646
577
889
219
982
35
822
41
181
69
443
269
73
333
64
748
93
60
778
808
23
451
749
812
631
435
503
436
785
134
104
854
304
489
182
657
637
995
957
999
193
682
299
235
308
230
250
758
305
593
750
644
480
307
885
643
295
533
294
452
308
9
337
798
654
622
784
385
377
595
333
922
988
37
163
953
609
414
75
525
723
225
312
526
327
963
388
141
796
411
712
679
754
9
592
780
273
696
465
268
519
167
508
214
789
229
547
710
124
773
664
673
721
10
404
828
371
658
25
517
348
223
663
414
891
495
653
21
980
711
816
174
78
900
170
140
367
401
298
341
573
697
91
774
51
507
866
137
230
944
626
848
479
441
570
862
358
572
51
335
230
1
908
681
602
205
229
240
888
669
430
938
536
644
560
447
924
851
193
29
338
672
378
948
434
832
240
153
733
565
919
983
813
69
431
947
143
802
964
102
10
297
954
449
752
788
972
985
411
830
637
901
302
825
241
241
902
70
353
45
884
905
771
763
898
384
275
826
195
962
964
174
355
28
144
739
872
245
109
628
215
557
37
611
437
952
303
261
784
562
400
935
152
747
79
970
323
312
674
905
24
57
514
602
92
275
707
112
735
20
971
43
425
726
752
189
869
729
978
755
157
736
361
312
260
27
387
344
308
18
734
397
717
43
803
899
360
300
866
284
11
397
701
560
749
902
819
839
281
535
447
163
552
520
220
710
94
810
988
238
924
