45
225
143
665
878
524
645
949
908
387
912
843
337
548
384
468
48
584
661
489
567
413
590
898
200
38
923
5
568
12
61
266
770
515
977
145
546
969
705
71
227
37
444
136
138
929
388
11
793
845
415
639
578
429
306
527
956
211
439
394
603
497
397
922
101
602
633
485
126
11
501
988
671
61
305
627
868
885
418
312
871
677
463
235
386
162
400
25
78
675
62
487
380
326
303
857
495
293
521
769
205
610
600
959
704
961
551
572
380
300
866
617
844
451
346
444
779
23
313
42
902
395
351
723
162
586
382
135
493
79
580
585
309
301
711
361
938
694
266
651
105
612
511
995
130
542
396
47
232
68
906
988
607
36
964
792
932
767
285
756
842
768
652
819
21
269
544
427
438
709
147
858
256
10
634
895
715
424
261
134
489
674
314
558
296
368
103
189
993
257
298
217
121
641
812
147
921
335
889
882
738
449
325
244
37
958
475
174
48
659
56
980
284
25
878
19
598
881
94
516
282
814
217
87
382
428
802
412
124
622
134
513
74
833
472
313
726
980
52
870
752
939
969
157
823
349
297
988
191
867
720
777
788
301
923
694
351
635
172
487
964
285
610
933
556
981
275
221
177
738
547
337
4
71
846
354
244
979
763
597
22
850
283
235
652
139
198
580
995
718
4
577
338
524
461
707
579
56
989
51
340
139
935
604
7
70
514
347
357
252
202
400
190
224
553
598
73
776
278
162
623
143
95
163
597
524
436
516
427
166
748
885
380
593
866
294
176
315
816
224
8
908
382
749
910
690
126
198
716
254
541
24
498
2
425
254
414
180
179
682
441
783
228
35
927
569
167
693
408
546
387
144
922
868
146
910
806
626
675
455
625
750
85
247
552
461
626
143
757
692
711
159
400
144
67
660
930
160
990
639
