309
337
652
187
278
792
935
448
857
428
13
723
112
59
142
131
640
65
859
951
765
663
990
853
726
757
801
244
198
59
988
622
572
194
286
528
195
167
625
536
26
920
364
274
721
536
776
217
267
116
725
221
277
644
24
582
928
496
763
358
18
150
888
498
848
627
929
81
992
257
252
963
185
570
664
456
244
751
55
375
396
722
839
341
822
839
652
967
79
970
97
137
485
108
896
915
8
382
37
319
37
909
513
895
189
80
350
260
858
553
787
835
541
489
36
709
800
460
503
148
867
170
460
712
128
979
65
273
835
361
192
94
526
976
935
985
272
142
282
902
