897
531
288
210
855
598
599
201
195
707
745
367
397
202
643
379
532
844
335
465
855
841
210
551
133
809
17
959
724
441
756
737
871
320
519
459
418
551
506
995
628
534
919
463
988
108
130
286
684
210
358
715
701
272
783
252
432
756
375
298
714
433
398
272
287
578
513
331
465
73
466
425
685
884
769
657
496
70
760
377
536
840
941
74
105
890
204
523
674
314
501
155
951
131
359
711
207
185
873
256
895
97
191
75
359
559
204
276
537
193
797
893
658
388
854
27
771
483
520
813
554
892
624
115
715
892
914
259
476
241
786
177
717
27
875
604
493
258
791
203
984
589
866
814
91
737
170
47
482
425
941
20
472
601
988
504
380
122
751
32
261
769
663
973
808
329
594
891
978
537
540
839
959
806
175
880
407
457
74
135
475
243
237
329
627
659
797
294
583
535
480
250
261
452
741
961
12
311
462
515
305
726
968
602
595
498
813
482
326
364
77
693
159
456
922
94
560
537
812
721
756
91
248
182
504
611
336
81
90
304
799
705
943
793
862
274
826
638
630
174
455
763
439
533
593
530
93
62
542
840
86
838
488
116
75
594
647
776
482
131
440
983
913
488
165
494
969
984
319
860
629
856
980
388
966
453
995
745
266
585
373
860
555
409
545
657
868
499
167
884
100
331
853
24
37
709
722
933
960
711
578
974
442
47
747
44
875
408
805
898
285
538
171
16
397
502
530
25
355
616
638
119
110
804
980
554
728
209
537
402
886
168
552
648
672
657
436
69
36
952
618
257
784
15
274
808
935
839
924
365
309
648
753
883
755
360
603
722
971
571
963
318
194
215
914
258
570
993
897
818
960
370
60
751
124
314
936
170
509
667
828
695
459
407
492
694
759
902
284
950
268
898
315
85
914
802
732
532
114
227
590
908
717
807
29
746
101
27
817
273
876
216
821
853
149
289
786
159
114
163
253
947
807
409
456
49
390
363
89
739
174
157
415
554
775
41
923
133
534
49
406
550
539
530
366
728
631
406
441
834
889
285
635
438
443
734
301
957
103
20
694
374
110
335
578
346
775
410
618
819
327
486
316
345
691
448
88
310
213
732
170
772
133
672
154
915
299
159
383
746
785
743
489
884
91
145
538
720
299
383
380
228
403
151
703
330
302
98
612
494
371
122
296
160
732
870
962
754
39
375
535
395
320
74
704
422
184
865
34
610
969
188
437
233
323
887
370
779
884
147
801
148
984
534
52
631
186
698
7
115
911
392
78
457
143
789
323
938
411
656
38
949
576
75
237
491
522
401
728
223
742
206
969
902
313
796
203
811
733
29
665
344
237
790
49
631
148
79
324
899
905
243
979
937
609
427
632
837
857
209
91
436
830
896
494
110
375
542
205
447
619
917
533
551
733
329
698
503
956
413
691
322
616
566
784
670
49
905
499
99
150
570
585
340
399
137
972
865
539
833
380
195
680
916
815
12
632
743
278
859
973
415
527
839
697
718
226
577
352
523
320
109
564
132
393
799
643
537
72
823
778
615
32
147
626
617
356
144
138
376
335
175
243
223
797
90
968
18
390
639
816
297
511
219
505
569
689
711
978
848
219
590
137
710
394
59
950
229
960
713
887
783
460
243
491
897
496
664
103
937
