941
329
423
144
838
120
341
222
127
520
734
961
294
882
318
853
840
987
828
616
869
323
648
299
324
508
731
264
746
775
774
896
690
577
431
798
539
556
839
277
763
991
715
569
87
843
782
32
513
404
284
591
849
449
945
592
818
439
707
274
264
162
896
670
165
626
930
919
30
298
855
491
121
708
777
161
213
113
225
665
717
112
184
688
710
971
555
712
810
660
254
650
249
663
535
112
75
906
615
286
68
911
757
746
114
909
571
505
96
447
942
252
660
974
653
498
481
210
801
592
957
110
98
263
42
389
465
401
684
559
