544
19
744
744
682
3
634
344
368
326
679
583
9
690
101
288
609
992
821
558
193
69
371
364
410
804
491
896
234
689
167
956
378
129
924
978
497
326
538
289
134
143
610
262
840
763
649
783
162
931
852
101
848
910
818
301
891
938
569
579
680
470
348
236
436
617
13
294
779
884
151
637
216
841
948
979
699
224
370
427
546
833
405
980
714
299
258
379
843
413
138
252
634
539
246
410
643
85
786
629
959
491
94
125
360
676
337
118
334
178
419
229
645
85
850
168
939
903
926
68
468
605
289
658
10
230
322
46
286
6
656
788
236
630
694
421
555
574
535
212
691
39
970
804
72
857
282
412
934
224
272
983
1000
456
665
870
442
352
760
964
704
439
319
759
5
997
831
830
699
78
754
438
266
222
276
131
787
139
209
132
354
461
528
42
632
919
889
285
797
643
957
188
47
782
308
713
824
767
195
712
392
164
907
298
81
753
406
554
475
63
374
18
426
9
890
274
682
845
162
135
739
14
95
147
965
665
811
14
233
500
607
87
203
399
485
438
952
122
239
702
484
863
788
672
560
187
572
54
638
199
997
309
568
696
798
485
99
485
855
751
243
353
944
538
733
375
210
654
570
888
851
171
911
684
802
497
786
583
61
536
374
620
407
38
64
735
969
516
843
815
374
368
620
444
553
514
525
422
494
141
814
969
827
384
364
703
155
327
128
385
265
209
580
649
572
297
778
226
900
829
478
715
716
902
420
218
649
243
604
239
275
526
236
391
428
305
695
768
173
475
392
377
736
302
890
714
51
615
449
596
372
639
661
78
862
498
741
37
840
233
90
926
956
508
632
260
292
602
780
269
389
969
122
263
73
415
451
638
865
121
552
8
577
104
447
136
738
376
338
2
107
822
884
233
829
613
212
658
581
662
816
492
960
85
247
198
842
173
82
197
510
271
63
557
393
586
54
583
545
746
552
770
299
917
164
851
485
687
307
339
998
765
725
372
241
245
262
865
584
274
607
736
160
16
233
738
927
957
918
887
532
10
486
657
904
801
102
94
362
819
154
464
764
131
754
735
980
884
50
990
317
901
829
731
660
172
260
473
786
871
78
196
566
979
355
436
336
260
112
793
947
570
658
593
555
902
488
657
407
184
914
465
993
267
931
253
924
348
219
835
638
523
321
466
239
61
870
403
165
111
290
233
751
417
755
459
981
52
377
849
282
406
547
989
312
280
234
115
887
176
816
290
801
270
837
260
123
384
971
313
162
395
148
540
878
495
468
515
866
961
979
653
650
483
664
107
988
259
749
659
32
55
226
774
918
537
240
320
782
309
436
162
138
331
485
134
910
488
630
268
806
43
319
562
211
327
965
386
933
693
663
18
951
898
841
922
223
793
900
566
729
137
173
19
789
701
172
657
610
509
301
178
985
99
671
425
868
793
716
561
154
596
701
124
365
377
118
494
440
994
456
250
333
912
936
426
464
716
830
983
28
912
48
442
767
313
440
284
989
85
52
253
262
675
643
559
355
700
449
416
926
52
653
348
393
922
753
752
407
961
911
55
7
768
856
341
655
769
16
219
637
832
743
741
206
489
407
74
890
332
24
700
52
841
711
972
366
570
238
892
434
844
378
2
231
959
774
278
408
365
425
718
18
839
153
400
358
363
994
514
308
536
529
656
203
411
100
148
835
408
