695
154
108
31
290
45
225
835
578
882
210
422
68
237
159
900
233
291
814
381
741
606
428
961
164
934
118
324
509
715
112
931
982
793
393
300
277
905
152
646
92
883
655
30
884
787
235
318
144
679
664
679
535
333
392
152
277
684
771
92
788
464
706
789
986
193
630
904
512
640
726
179
173
237
846
316
605
14
157
567
593
735
274
257
525
714
654
913
93
766
392
527
600
717
105
497
146
788
866
1000
554
51
312
606
103
497
260
225
961
639
121
616
205
194
597
710
358
45
844
648
970
842
70
749
655
886
57
798
359
469
242
915
310
44
929
791
297
302
234
12
864
276
75
283
311
225
233
251
93
112
259
924
502
393
217
184
728
458
467
180
693
846
441
603
480
861
56
165
171
754
888
222
939
991
746
745
974
890
357
596
399
872
61
715
513
865
256
150
21
758
859
384
809
761
742
393
464
795
751
667
388
771
513
29
456
642
392
320
624
38
951
226
671
792
829
965
399
682
904
384
374
132
970
887
917
414
806
141
401
835
371
685
349
919
398
328
994
231
79
842
859
348
155
840
206
66
300
626
616
912
470
709
705
451
45
100
673
147
244
763
223
83
131
891
928
648
189
577
356
765
22
650
978
474
585
34
83
288
192
441
21
679
307
513
856
204
757
911
140
464
292
814
817
594
502
447
528
827
315
916
359
883
848
160
687
333
119
41
504
506
68
208
143
704
110
859
751
226
124
685
872
9
423
779
463
404
518
678
951
739
91
129
788
704
893
442
506
435
243
281
16
277
557
637
584
297
62
941
962
50
628
186
273
688
702
606
241
17
766
933
978
823
911
33
888
764
483
605
691
908
100
118
161
889
841
361
292
181
459
933
184
924
783
894
950
72
556
141
373
440
589
300
143
351
373
584
937
908
392
920
829
426
135
486
347
223
185
895
162
93
964
793
671
712
617
565
471
450
534
826
305
443
715
219
189
12
683
7
289
748
676
786
198
15
528
899
857
537
329
343
571
544
630
582
109
359
193
176
170
49
672
176
345
568
710
114
787
362
875
604
621
401
231
51
540
176
729
758
391
157
738
781
766
237
6
577
839
12
911
87
697
102
211
971
298
131
47
44
625
392
960
614
120
330
276
358
482
557
77
429
255
860
622
504
735
234
62
160
91
153
41
454
641
266
542
284
55
747
406
612
759
636
974
308
991
55
477
784
752
354
510
95
597
767
84
347
18
286
963
47
181
794
145
52
918
160
155
431
372
193
336
913
718
366
745
428
828
911
373
886
712
666
257
77
981
656
46
460
94
662
284
652
244
364
184
761
390
964
878
777
443
59
244
193
825
536
495
621
309
991
442
303
970
703
71
410
686
509
833
588
