279
529
454
499
871
771
22
852
229
913
612
594
23
198
820
680
655
107
411
104
196
681
824
811
518
72
55
99
175
877
343
734
981
851
55
592
863
235
106
935
534
213
259
296
944
934
453
190
980
888
196
292
35
723
337
547
591
702
776
51
540
974
569
745
464
906
874
99
85
970
86
741
439
436
205
583
896
709
171
466
932
803
723
858
427
234
393
276
705
968
826
420
718
643
367
714
918
56
282
749
19
603
407
666
986
541
625
806
629
375
514
809
664
5
656
180
655
895
582
674
914
798
249
897
262
131
363
374
618
676
64
114
363
462
821
700
629
695
898
908
85
517
313
238
11
230
421
534
425
273
923
317
305
268
640
907
331
817
93
953
589
290
626
896
309
274
732
681
21
147
989
731
754
63
433
758
733
17
205
447
319
138
49
641
40
934
316
808
296
57
928
957
448
176
227
775
218
872
535
419
391
74
585
859
704
185
504
185
614
642
698
300
268
377
973
185
929
519
352
786
646
792
182
77
963
748
886
903
155
743
892
305
851
743
428
35
240
598
977
846
753
798
988
762
652
714
303
717
255
130
823
857
298
26
570
309
60
148
36
843
505
14
898
396
193
423
518
384
729
13
23
758
826
258
299
579
710
49
581
248
695
319
68
685
414
299
652
458
74
947
129
429
809
49
39
853
937
150
791
749
199
4
560
737
673
223
143
384
567
823
674
684
654
438
978
859
936
223
590
389
324
404
43
521
928
231
793
566
676
271
232
21
737
343
839
95
521
655
553
347
666
34
402
616
72
317
61
274
663
134
439
909
114
525
987
309
410
151
180
637
551
785
452
997
683
959
817
381
910
191
150
883
204
235
519
605
676
801
399
202
724
923
900
988
903
795
744
520
924
559
70
672
570
962
226
326
112
14
327
42
68
981
335
280
276
30
703
729
335
713
245
621
594
863
663
701
595
100
303
587
395
734
7
407
244
671
386
847
37
676
689
749
321
470
326
795
290
991
466
253
530
452
602
81
791
587
119
765
434
589
588
310
20
850
540
861
931
648
691
248
253
300
193
510
587
834
880
297
527
814
608
701
272
738
546
569
563
972
698
331
170
220
259
218
806
549
38
679
84
451
822
659
225
794
152
233
604
131
199
458
791
859
881
943
198
41
53
73
509
153
420
569
997
14
955
560
913
998
814
964
414
800
703
527
720
824
984
147
928
171
810
823
81
668
155
983
692
651
819
743
343
104
526
63
56
412
808
587
551
437
537
741
768
253
844
498
620
558
950
36
901
354
665
960
219
412
479
196
773
364
761
226
919
189
881
416
674
698
338
857
615
678
864
34
8
326
647
390
915
473
409
975
276
76
643
492
773
103
936
955
205
820
613
832
353
881
126
828
954
509
804
346
72
881
818
758
781
912
867
905
607
514
618
714
138
850
939
694
30
54
557
351
178
476
684
798
273
678
266
37
759
298
268
1
188
384
489
9
855
885
598
927
355
712
842
516
360
886
990
655
112
587
292
515
665
114
572
198
661
48
651
70
988
180
912
981
587
416
802
139
669
210
414
165
416
739
314
749
439
11
892
700
821
265
581
32
435
355
516
500
613
264
675
523
990
144
989
650
888
621
667
785
18
441
611
685
934
424
498
864
700
875
273
571
324
485
184
942
990
727
456
900
724
304
598
915
17
643
986
207
100
289
896
517
699
653
524
679
739
620
887
566
541
856
13
781
365
894
552
77
665
879
241
561
1
882
271
987
24
954
172
824
126
423
106
138
49
569
956
994
761
271
827
792
508
719
738
228
907
160
825
367
246
712
713
241
940
176
424
175
20
365
25
670
652
214
294
800
91
524
965
78
923
707
904
673
856
416
176
636
545
434
60
906
417
989
798
903
484
394
