432
207
235
480
95
768
136
436
342
379
956
108
49
326
709
50
416
968
843
444
1000
958
501
974
567
611
638
958
614
360
470
415
136
258
533
407
404
979
625
564
479
65
691
121
251
239
94
291
101
989
346
215
584
77
665
679
959
305
477
165
452
195
733
684
477
668
966
890
899
30
91
216
807
828
512
817
53
155
696
200
406
194
13
155
934
438
163
222
980
630
883
338
682
735
220
619
232
578
334
312
800
682
29
138
642
734
118
9
304
491
977
498
362
748
531
473
920
576
809
517
15
532
599
383
114
279
339
472
109
12
770
860
795
165
164
25
62
438
750
911
189
677
954
563
282
584
939
464
442
109
84
226
727
979
522
281
18
104
478
891
606
74
919
818
13
646
751
30
604
859
441
422
788
485
747
656
471
376
673
251
859
67
809
278
462
1
784
1
365
414
16
896
841
806
219
900
401
909
657
882
272
143
949
998
296
192
723
947
924
255
367
759
502
290
357
9
63
720
676
880
9
402
897
773
448
342
590
75
782
934
770
766
789
246
302
445
360
484
611
290
677
278
923
419
352
593
244
717
490
477
407
649
194
992
390
816
275
456
891
563
79
300
362
412
920
518
519
448
764
177
471
757
55
88
531
877
343
697
22
16
757
167
530
522
189
138
900
687
71
604
474
497
363
775
148
653
551
804
157
217
26
73
88
347
558
140
80
639
727
283
969
34
991
476
393
316
89
734
538
238
500
181
413
356
238
670
560
433
97
215
732
640
55
368
531
136
301
97
681
141
966
262
350
435
883
989
158
292
558
863
291
621
35
548
794
908
135
624
318
111
34
68
330
315
546
115
580
390
844
674
714
338
361
994
154
373
883
483
28
118
842
570
319
107
236
465
312
715
558
308
410
610
898
338
223
466
729
255
79
128
130
594
298
420
387
251
695
39
450
65
289
126
139
866
878
18
975
85
818
320
670
789
704
829
633
465
390
973
720
337
952
798
453
957
611
589
380
19
875
650
522
622
114
599
456
62
644
497
790
299
593
875
828
799
580
827
542
142
691
115
344
57
842
731
37
259
616
277
29
869
956
802
216
345
349
206
679
94
788
415
81
213
562
385
210
194
562
505
479
628
238
307
784
680
786
979
33
779
445
650
812
258
557
72
141
598
363
675
388
463
819
743
731
906
260
267
949
709
810
960
84
90
50
832
28
592
898
629
362
681
533
929
367
868
270
443
827
351
252
399
172
677
274
910
273
311
50
462
653
586
482
610
803
845
395
985
426
218
458
351
717
884
239
343
335
281
679
781
768
389
385
775
802
515
29
166
712
829
136
459
949
514
399
180
310
439
458
994
254
83
216
231
233
605
439
555
456
924
884
140
30
172
770
249
724
319
678
827
708
992
306
993
931
648
386
214
501
48
59
668
384
768
539
931
249
950
480
167
426
85
921
876
574
73
655
559
866
450
70
204
995
971
84
313
888
920
419
565
454
943
87
133
286
373
4
681
275
976
196
127
479
399
352
185
589
335
109
1
145
159
924
604
820
320
358
938
763
547
671
446
52
518
73
206
440
273
918
906
405
686
140
265
102
228
26
916
251
878
488
638
952
418
592
145
482
200
678
861
510
597
595
948
253
285
715
155
259
202
430
481
89
648
724
472
872
411
180
916
310
55
528
389
233
721
259
971
463
665
399
328
649
168
379
713
713
721
100
42
406
332
719
638
915
83
872
305
591
450
960
278
369
102
773
536
846
365
326
921
919
26
392
278
139
175
210
260
880
315
671
797
424
299
579
870
643
356
485
388
166
551
374
451
342
57
653
86
580
253
57
421
886
243
718
818
155
788
193
198
748
201
217
238
902
66
856
441
128
188
287
132
891
167
663
657
159
89
548
203
261
449
868
587
274
490
328
506
259
605
165
649
745
17
858
254
776
575
375
272
468
781
78
360
558
662
382
939
947
243
759
37
976
202
65
509
7
875
525
459
586
792
