10
460
581
850
797
408
568
23
321
390
112
861
711
357
834
599
454
946
378
243
923
736
684
334
674
192
430
58
460
393
503
790
924
642
48
502
771
144
171
173
214
956
456
263
179
256
113
704
175
625
868
196
662
88
481
108
635
893
645
929
324
235
585
977
61
33
650
990
658
896
58
431
248
728
729
850
277
876
546
638
45
775
507
65
998
28
933
227
610
524
632
667
14
77
260
319
309
429
592
569
578
538
255
513
195
540
435
169
380
549
622
343
313
18
394
599
539
883
887
587
687
150
153
595
702
991
776
943
186
809
880
57
657
598
767
72
387
897
56
675
788
70
893
590
420
70
466
536
773
660
406
553
897
145
835
952
240
744
731
997
707
269
571
648
592
291
906
270
513
701
505
522
541
214
673
737
123
379
219
5
927
150
310
307
568
167
926
27
405
556
292
369
99
85
523
822
946
325
646
594
957
600
618
982
701
839
54
511
951
338
133
681
815
331
814
136
863
662
27
986
463
166
932
471
911
532
534
863
527
816
74
782
960
199
145
188
419
837
371
655
718
99
94
734
155
821
693
401
43
247
896
978
37
557
87
137
215
205
885
33
603
124
720
308
634
732
904
58
819
914
921
529
836
447
956
957
346
135
113
42
352
509
141
709
590
115
252
191
81
349
149
317
400
623
463
770
136
576
993
257
747
496
55
833
108
533
832
679
389
911
498
254
141
757
715
534
409
696
809
135
212
899
44
724
67
360
436
748
291
630
718
346
591
364
113
642
374
629
185
67
18
91
943
170
160
774
189
891
953
322
116
841
260
276
842
400
388
850
824
344
37
832
257
638
261
208
319
10
466
871
243
904
955
410
162
520
20
973
856
862
691
127
471
233
365
370
182
959
306
36
42
94
870
813
512
802
93
812
501
699
531
396
913
273
117
440
379
554
80
372
395
747
135
350
681
857
713
66
719
323
142
169
869
390
110
572
170
142
835
278
692
936
784
43
63
763
855
82
545
31
723
647
302
137
755
388
528
488
62
86
367
263
504
641
757
568
426
1
885
410
413
880
144
152
240
201
560
887
836
212
384
90
632
678
53
243
450
730
854
467
622
488
369
732
3
219
523
670
942
264
978
67
15
937
685
393
436
11
977
747
796
152
500
395
45
406
741
864
697
151
722
701
460
43
998
187
485
878
923
885
51
466
852
816
178
570
836
71
518
435
473
370
65
947
250
439
635
458
920
434
263
137
499
617
9
177
181
501
34
328
684
674
647
749
988
592
976
558
4
508
569
872
31
361
512
691
954
890
622
383
854
344
519
335
843
789
805
695
603
942
393
106
707
821
163
124
305
814
205
106
70
88
93
711
504
923
936
795
999
637
355
859
92
943
337
81
638
5
740
900
990
589
190
654
921
136
964
952
528
188
294
976
924
605
289
206
692
748
947
859
67
888
19
354
915
660
600
966
564
343
649
414
418
999
71
593
208
325
880
136
601
747
788
369
415
465
642
207
597
427
229
632
780
940
420
76
807
389
917
793
639
500
399
147
695
366
961
106
258
758
103
318
226
774
488
452
930
185
960
904
524
21
136
33
214
430
826
272
767
352
107
468
734
490
891
337
886
94
274
91
254
918
75
903
868
221
846
952
279
493
616
672
631
802
199
463
668
377
977
682
995
775
324
711
95
149
963
613
839
25
280
674
498
506
322
387
745
746
305
784
595
697
988
474
357
325
343
332
386
292
641
946
388
484
486
350
424
994
756
917
30
123
251
353
531
656
615
412
245
752
240
997
205
511
733
428
530
218
72
952
351
968
841
813
179
527
259
750
859
293
492
320
333
916
391
96
910
341
531
91
430
737
904
141
481
927
717
917
135
280
545
219
232
564
768
417
710
500
35
221
62
441
305
561
418
389
918
554
488
711
652
338
871
49
151
740
335
849
975
41
123
751
885
738
701
866
519
315
829
248
637
327
727
825
539
146
41
555
7
863
252
131
514
718
629
720
205
956
782
66
193
188
489
198
202
549
251
407
507
891
881
110
351
79
503
391
909
158
776
68
873
137
827
913
31
666
676
183
625
456
158
813
947
834
368
956
71
980
919
71
949
918
59
133
25
185
722
760
234
619
805
983
907
592
61
33
564
324
75
456
395
823
977
685
51
436
597
167
905
392
850
748
588
585
386
316
189
39
88
314
263
558
317
803
535
684
134
443
334
774
960
786
33
553
122
289
320
22
854
769
