722
992
837
640
407
851
286
45
308
425
546
207
753
826
216
249
169
636
733
593
110
460
468
336
114
444
528
149
612
558
156
460
537
829
412
493
804
249
769
44
764
427
157
839
413
514
19
481
927
626
822
364
592
839
913
931
785
720
61
605
246
909
670
300
432
60
804
866
85
324
978
283
791
133
664
703
741
329
101
12
403
100
198
888
242
493
224
60
736
754
467
459
224
739
110
664
395
701
876
884
91
505
475
346
323
682
761
121
520
528
927
20
453
870
263
585
144
300
313
661
626
859
992
29
296
844
608
563
156
371
486
525
940
40
460
654
460
272
353
554
960
454
169
183
24
60
749
239
906
4
997
326
749
595
986
334
563
126
698
133
675
631
169
316
263
148
595
417
176
298
367
600
835
473
569
369
808
242
517
810
573
636
204
639
100
587
627
86
35
86
456
694
171
870
699
815
246
95
183
827
422
342
532
341
15
377
304
240
83
382
438
588
722
316
244
240
388
99
671
855
203
582
112
141
433
84
670
165
709
754
286
388
507
102
856
435
761
593
298
760
70
859
970
942
896
909
186
683
178
169
305
521
435
89
14
415
135
969
639
311
809
229
863
163
268
902
573
933
950
477
621
323
3
223
842
585
211
588
404
733
512
442
722
244
333
645
789
885
629
919
523
793
821
766
150
806
272
441
192
190
711
716
953
273
207
960
625
500
895
129
624
984
70
418
530
266
217
559
711
634
48
644
151
406
242
989
765
552
702
441
609
787
885
836
757
176
120
837
10
862
396
853
470
546
423
151
188
70
937
976
767
667
917
462
945
477
15
438
826
581
304
768
820
532
104
803
599
722
635
897
368
725
530
770
873
978
540
860
205
697
500
284
612
581
605
646
945
626
832
780
744
802
527
44
874
531
269
304
745
562
953
827
731
512
197
931
611
239
246
495
930
352
324
254
328
149
672
308
474
418
926
859
109
712
285
172
14
970
298
510
518
126
234
74
391
127
659
9
413
229
457
75
34
478
862
631
493
499
294
618
389
882
353
520
624
917
799
59
339
68
207
937
819
934
720
140
616
922
179
111
877
186
695
683
1
885
434
981
303
512
79
216
424
850
75
57
724
411
43
296
581
105
214
827
185
507
774
520
825
89
512
219
389
129
443
713
933
932
976
205
920
478
381
906
518
386
885
365
990
803
669
386
605
565
444
736
259
368
192
839
141
760
325
283
951
1
702
56
580
81
540
823
629
831
210
737
444
75
119
670
853
831
637
796
643
758
560
266
574
891
488
21
307
451
314
622
459
712
60
642
802
907
938
265
7
709
57
444
363
45
775
410
551
402
16
189
626
42
274
19
511
2
18
792
488
284
201
798
982
984
318
73
499
598
988
312
593
359
302
486
271
214
736
579
668
988
504
515
191
279
882
543
807
687
480
189
271
68
493
583
891
442
156
739
662
486
122
876
882
113
307
78
299
240
571
404
950
702
718
240
512
675
102
366
443
923
676
786
170
453
399
948
199
978
115
485
286
296
69
700
78
173
546
679
463
6
987
313
75
575
945
561
295
630
805
68
138
894
163
7
811
835
993
341
203
21
962
91
74
839
570
72
902
95
152
164
654
480
286
655
588
619
177
76
127
899
222
993
58
350
1
175
10
955
159
994
412
584
308
579
814
786
94
223
401
989
416
742
882
92
265
813
211
736
803
875
526
70
507
787
150
412
686
987
115
223
384
763
833
443
63
150
416
826
916
184
621
136
475
394
448
370
621
679
886
971
220
652
548
160
680
57
665
123
118
766
489
78
501
340
60
614
364
762
784
652
564
967
166
45
266
584
534
618
103
43
117
24
130
45
562
777
835
649
652
45
903
281
590
784
347
83
967
493
419
82
84
471
321
584
612
150
984
472
218
946
393
924
454
924
767
34
506
955
620
326
7
395
822
743
