400
12
609
242
49
535
163
37
3
108
126
12
509
259
261
595
348
163
115
438
222
656
894
8
692
686
721
153
105
353
353
575
100
867
244
586
328
722
243
551
67
625
179
240
311
319
381
220
635
626
539
704
6
157
638
43
825
190
304
82
499
817
150
309
155
575
417
129
35
996
233
956
355
159
990
885
330
325
699
748
611
9
400
786
335
91
841
405
286
188
412
480
728
953
359
980
613
119
24
877
340
802
715
134
411
315
270
384
21
462
628
507
806
367
14
130
877
287
881
885
668
162
905
873
837
453
909
691
658
427
676
240
80
701
619
257
458
108
312
525
691
873
831
306
939
977
518
963
673
789
686
460
752
378
65
115
876
205
703
116
540
661
421
655
349
648
11
161
143
443
951
160
258
82
269
869
764
491
325
171
468
103
934
716
563
335
92
527
904
280
969
513
191
311
98
651
7
754
600
830
397
616
782
331
648
565
121
351
487
948
293
165
194
252
887
772
988
454
945
773
905
193
33
181
246
175
337
351
914
757
263
370
345
979
291
109
245
996
660
42
958
197
209
302
127
240
876
842
208
490
269
565
387
417
595
280
699
976
658
484
354
644
725
814
799
933
101
951
464
642
379
751
233
50
980
285
214
524
311
276
195
589
661
393
787
624
368
548
966
642
915
510
473
317
774
189
873
863
107
768
550
175
695
721
667
194
326
171
514
928
134
857
900
698
609
564
767
955
936
647
988
255
150
400
704
807
458
691
887
841
174
753
160
980
679
802
557
700
855
489
816
69
27
854
954
569
253
511
493
670
41
782
884
478
692
701
836
708
548
442
902
631
299
453
51
998
19
669
509
403
837
308
525
470
87
430
244
951
321
832
42
38
278
678
656
524
389
860
596
16
658
527
527
130
657
654
776
540
185
836
107
673
337
249
180
943
254
440
965
192
621
921
714
645
842
606
964
231
30
148
229
741
972
709
902
451
26
389
869
539
655
244
987
375
308
453
892
999
535
489
805
148
719
571
228
327
827
4
548
450
255
117
949
257
881
989
263
84
934
987
123
905
971
384
105
824
792
275
671
771
708
472
223
376
452
459
478
422
991
321
150
789
135
610
884
96
138
639
445
436
827
579
510
221
686
490
912
111
477
565
490
573
750
123
145
434
193
452
288
450
732
720
796
86
475
364
30
70
504
733
78
518
597
354
681
292
364
572
287
544
827
768
306
794
237
57
460
672
508
991
426
573
188
214
774
396
2
705
829
895
36
692
939
25
941
956
253
1000
555
777
866
24
871
290
121
865
680
226
757
809
594
774
822
500
201
555
708
781
55
331
775
521
875
106
494
418
680
894
124
42
454
731
93
680
179
66
282
207
569
379
49
771
253
877
179
46
871
278
679
266
474
332
145
310
183
140
321
707
706
669
921
957
928
116
211
471
337
658
599
651
318
537
557
216
320
899
230
947
217
226
855
871
216
45
126
507
923
768
965
119
442
866
937
312
767
149
886
993
113
774
59
263
782
866
212
415
965
702
626
704
806
638
128
169
212
569
885
611
231
818
103
750
204
146
571
188
204
873
996
200
761
210
713
971
977
359
777
897
469
824
754
320
665
479
104
706
276
510
636
597
198
806
834
800
256
971
120
146
533
870
964
17
954
852
21
744
812
585
809
775
190
161
582
824
25
420
122
452
775
35
70
536
204
585
426
500
217
366
170
218
550
213
989
167
73
201
948
174
388
65
744
322
842
747
140
602
336
493
422
745
365
401
168
147
271
952
367
727
62
367
840
746
348
697
282
406
233
69
157
204
117
82
380
198
405
62
633
358
732
430
743
153
931
691
785
938
129
88
731
410
419
384
651
787
707
625
454
891
218
880
185
905
590
991
218
212
192
556
89
34
477
467
266
745
141
334
933
769
149
576
768
291
875
618
503
233
334
172
730
509
78
431
156
981
824
18
631
19
598
832
512
731
370
873
186
730
380
31
174
980
