817
13
687
887
788
420
394
573
100
400
123
368
335
739
955
148
8
991
853
315
868
851
64
886
70
250
604
134
397
69
422
294
767
817
109
405
359
32
239
591
963
127
802
169
75
174
372
914
897
53
961
357
563
167
761
861
436
982
983
143
81
238
36
869
747
70
535
954
591
992
548
857
386
875
824
780
450
91
881
127
205
371
125
9
874
333
348
84
55
169
757
299
375
600
642
796
646
615
248
259
926
779
370
571
712
541
664
555
729
328
232
247
31
227
526
145
116
199
759
296
475
58
685
4
203
476
344
416
508
304
325
529
38
126
817
378
663
57
143
299
967
519
91
844
50
271
525
487
313
734
975
10
215
443
951
264
764
658
845
854
478
402
126
56
467
112
935
897
795
90
583
277
654
491
605
680
998
200
996
526
710
367
203
991
651
267
66
590
669
652
87
769
183
393
948
879
326
342
305
251
396
883
795
807
263
227
62
574
791
582
524
66
557
574
428
405
576
24
705
308
698
495
427
326
139
229
874
792
655
590
269
382
53
802
397
240
546
827
601
796
99
186
44
578
879
928
969
176
512
120
312
389
623
139
125
476
17
375
807
80
298
741
599
245
229
642
941
737
227
948
400
481
55
563
594
332
820
135
79
876
222
636
665
874
696
956
840
719
907
752
924
649
581
309
487
385
811
458
862
496
294
397
93
600
299
379
261
846
706
611
174
751
316
299
246
885
630
635
279
143
921
165
557
683
565
561
900
474
970
46
430
843
91
837
892
205
145
786
655
156
713
415
91
772
41
37
538
86
287
855
215
837
341
102
965
737
534
351
680
275
295
338
706
774
370
435
98
98
492
1000
542
96
531
304
421
858
286
28
940
368
178
18
937
954
521
953
338
317
934
239
135
716
240
40
830
21
390
709
302
440
922
770
962
149
848
438
794
541
798
296
870
784
141
20
30
249
365
462
608
880
270
38
907
388
305
380
614
757
487
618
163
995
734
452
89
965
163
922
835
533
979
925
746
384
810
698
245
252
213
408
35
401
807
607
321
231
908
269
574
187
34
779
734
816
731
468
830
705
96
156
111
994
541
489
211
783
314
909
703
526
144
994
748
265
886
160
216
953
1
300
444
602
754
12
682
61
692
92
701
326
134
573
744
448
942
884
246
192
75
342
375
77
583
114
893
277
743
851
449
905
589
661
369
282
544
93
963
871
957
317
504
64
425
138
308
902
427
323
201
892
192
733
642
98
924
56
747
165
350
988
1000
365
437
924
150
379
374
358
81
666
192
573
279
961
680
718
988
508
460
778
638
311
63
183
593
171
774
821
829
299
7
463
986
15
492
110
741
255
347
9
354
356
420
165
925
523
198
736
597
367
200
659
12
569
870
496
23
115
153
458
322
223
992
755
883
400
385
789
699
772
239
747
802
237
741
160
174
138
45
873
998
8
693
633
558
511
798
869
470
710
976
896
231
780
740
255
716
526
515
612
644
335
157
801
923
64
596
450
894
913
232
3
476
367
235
1000
840
357
441
663
587
837
373
257
157
378
32
813
564
607
650
7
64
256
843
656
314
487
186
196
713
191
483
136
37
960
600
32
183
337
537
941
650
213
656
904
547
887
453
430
439
140
589
71
772
34
140
173
794
593
425
587
890
223
188
427
604
169
556
187
55
767
159
511
15
752
851
242
115
138
20
439
749
463
240
837
760
778
373
461
939
287
757
976
674
259
286
440
161
975
901
619
725
932
743
396
602
66
131
229
209
736
348
572
818
633
501
286
27
563
887
593
122
667
859
231
323
510
826
65
162
499
957
823
41
81
363
126
978
235
893
244
527
630
864
376
369
270
200
76
390
604
967
139
3
938
467
602
98
117
244
56
983
221
185
910
315
563
26
393
763
686
894
910
986
210
995
145
798
458
